1694836625296 27.042499999999997 4000
1694836654142 27.928205128205125 8000
1694836682271 24.25238095238095 12000
1694836712037 24.24285714285714 16000
1694836741736 24.695238095238096 20000
1694836771237 23.914285714285715 24000
1694836802149 26.159090909090914 28000
1694836832475 25.39302325581395 32000
1694836863349 24.89090909090909 36000
1694836893212 23.77857142857143 40000
1694836927238 30.381250000000005 44000
1694836958495 26.311363636363634 48000
1694836990829 26.541304347826085 52000
1694837023898 29.497872340425523 56000
1694837056167 27.122222222222224 60000
1694837087144 25.972727272727276 64000
1694837118710 26.511363636363637 68000
1694837150862 26.667391304347827 72000
1694837182580 26.722727272727273 76000
1694837215605 27.119148936170216 80000
1694837250431 28.406122448979595 84000
1694837282803 25.1608695652174 88000
1694837314593 25.424999999999997 92000
1694837347054 23.971739130434784 96000
1694837379160 25.53111111111111 100000
1694837410630 24.7 104000
1694837442747 25.851111111111116 108000
1694837474411 22.502222222222223 112000
1694837506221 24.96222222222222 116000
1694837538617 25.228888888888893 120000
1694837573394 28.659183673469386 124000
1694837605891 23.09130434782608 128000
1694837639857 26.756249999999998 132000
1694837672738 25.945652173913043 136000
1694837705128 24.267391304347825 140000
1694837737365 24.628260869565214 144000
1694837769269 24.306666666666672 148000
1694837802001 26.15434782608696 152000
1694837834049 24.624444444444453 156000
1694837867558 26.540425531914885 160000
1694837905500 32.45925925925926 164000
1694837938874 25.54255319148937 168000
1694837971205 25.191111111111113 172000
1694838004812 26.108333333333338 176000
1694838036957 26.23777777777778 180000
1694838068116 23.306818181818183 184000
1694838099500 24.84090909090909 188000
1694838130869 24.197727272727274 192000
1694838162265 23.971111111111114 196000
1694838192925 19.972093023255812 200000
1694838228871 32.001960784313724 204000
1694838260166 25.843181818181822 208000
1694838291027 23.78604651162791 212000
1694838322942 24.513333333333335 216000
1694838354535 25.226666666666667 220000
1694838385955 26.238636363636363 224000
1694838417090 25.36818181818182 228000
1694838447913 23.323255813953487 232000
1694838479829 26.631111111111114 236000
1694838511745 24.54666666666667 240000
1694838547382 31.031372549019615 244000
1694838579872 24.335555555555548 248000
1694838611861 25.006521739130434 252000
1694838644004 25.295555555555556 256000
1694838675354 24.654545454545453 260000
1694838706650 23.58636363636363 264000
1694838738475 25.657777777777774 268000
1694838771300 24.367391304347823 272000
1694838804147 25.84130434782609 276000
1694838837563 26.272916666666664 280000
1694838875170 34.19245283018868 284000
1694838908202 25.639130434782604 288000
1694838941090 26.623404255319148 292000
1694838973672 25.541304347826088 296000
1694839006734 26.010869565217398 300000
1694839038476 23.63555555555556 304000
1694839070242 24.78666666666667 308000
1694839101638 24.854545454545452 312000
1694839134645 24.815217391304348 316000
1694839166679 23.94347826086956 320000
1694839200676 28.339583333333337 324000
1694839233166 27.63555555555556 328000
1694839264768 24.22222222222222 332000
1694839297132 26.360869565217385 336000
1694839328324 24.469767441860466 340000
1694839359625 24.90666666666666 344000
1694839389710 21.254761904761907 348000
1694839420691 24.63181818181818 352000
1694839451971 25.131818181818186 356000
1694839482958 24.937209302325584 360000
1694839516194 26.88723404255319 364000
1694839547881 26.060000000000002 368000
1694839579343 25.595454545454547 372000
1694839611589 26.66739130434783 376000
1694839642678 24.136363636363637 380000
1694839674307 25.061363636363637 384000
1694839706650 25.167391304347824 388000
1694839739410 25.819565217391304 392000
1694839771331 25.33555555555556 396000
1694839804033 25.18913043478261 400000
1694839840484 33.400000000000006 404000
1694839873331 25.80851063829787 408000
1694839906057 26.4804347826087 412000
1694839938353 25.54888888888889 416000
1694839971046 24.736170212765952 420000
1694840003005 25.193333333333335 424000
1694840035747 26.395652173913046 428000
1694840067133 24.35454545454545 432000
1694840099514 25.26086956521739 436000
1694840132924 27.213043478260868 440000
1694840170565 31.248148148148147 444000
1694840204936 27.15833333333333 448000
1694840237209 23.956521739130444 452000
1694840270678 26.71914893617021 456000
1694840302687 24.37111111111111 460000
1694840335466 26.94565217391304 464000
1694840366209 22.65909090909091 468000
1694840399436 26.30217391304348 472000
1694840430549 24.18409090909091 476000
1694840462728 25.39565217391304 480000
1694840497940 32.98571428571429 484000
1694840530062 21.930434782608693 488000
1694840561881 25.217777777777776 492000
1694840593966 25.65111111111111 496000
1694840627392 28.73829787234042 500000
1694840658558 24.459090909090904 504000
1694840690104 26.838636363636365 508000
1694840720642 23.897674418604648 512000
1694840752249 26.022222222222226 516000
1694840783525 25.1 520000
1694840820619 33.065384615384616 524000
1694840855924 33.272 528000
1694840885044 25.942857142857147 532000
1694840912040 22.326315789473682 536000
1694840940101 28.985000000000003 540000
1694840966240 22.683783783783785 544000
1694840993071 25.05263157894737 548000
1694841019265 21.92162162162162 552000
1694841045891 23.77105263157895 556000
1694841073229 24.394871794871793 560000
1694841101917 33.6925 564000
1694841128248 22.528947368421054 568000
1694841154696 22.354054054054057 572000
1694841181626 20.673684210526318 576000
