1694836625298 56.395 4000
1694836654143 56.39487179487181 8000
1694836682273 56.595238095238095 12000
1694836712039 56.56428571428571 16000
1694836741738 56.77380952380955 20000
1694836771238 56.80476190476191 24000
1694836802151 56.849999999999994 28000
1694836832476 56.709302325581405 32000
1694836863350 56.777272727272745 36000
1694836893214 56.7904761904762 40000
1694836927241 56.86249999999999 44000
1694836958497 56.83636363636364 48000
1694836990831 56.84347826086955 52000
1694837023900 56.748936170212765 56000
1694837056170 56.81111111111108 60000
1694837087146 56.75454545454547 64000
1694837118711 56.87954545454545 68000
1694837150863 56.67391304347826 72000
1694837182582 56.83863636363637 76000
1694837215607 56.84468085106383 80000
1694837250433 56.60408163265307 84000
1694837282805 56.66956521739129 88000
1694837314595 56.68181818181818 92000
1694837347056 56.7065217391304 96000
1694837379162 56.68666666666668 100000
1694837410633 56.7533333333333 104000
1694837442749 56.6822222222222 108000
1694837474413 56.695555555555536 112000
1694837506222 56.71555555555554 116000
1694837538618 56.773333333333355 120000
1694837573395 56.85510204081633 124000
1694837605892 56.81739130434785 128000
1694837639860 56.912499999999994 132000
1694837672740 56.91521739130435 136000
1694837705129 56.90000000000001 140000
1694837737366 56.83695652173914 144000
1694837769271 56.90444444444445 148000
1694837802002 56.88913043478262 152000
1694837834050 56.86888888888889 156000
1694837867561 56.85106382978724 160000
1694837905501 56.946296296296296 164000
1694837938875 56.965957446808524 168000
1694837971207 56.90222222222223 172000
1694838004814 57.00416666666666 176000
1694838036959 57.0111111111111 180000
1694838068117 56.95 184000
1694838099501 56.96136363636364 188000
1694838130871 56.99545454545455 192000
1694838162266 56.964444444444446 196000
1694838192926 56.94186046511629 200000
1694838228873 57.01568627450981 204000
1694838260167 57.01363636363637 208000
1694838291029 57.0 212000
1694838322944 56.95555555555556 216000
1694838354536 56.99333333333333 220000
1694838385956 57.05227272727273 224000
1694838417092 57.065909090909095 228000
1694838447914 57.07441860465116 232000
1694838479830 57.08666666666666 236000
1694838511747 57.035555555555554 240000
1694838547384 57.07058823529412 244000
1694838579873 57.0911111111111 248000
1694838611862 57.09782608695651 252000
1694838644005 57.09999999999999 256000
1694838675355 57.09090909090908 260000
1694838706652 57.1090909090909 264000
1694838738476 57.09555555555555 268000
1694838771301 57.082608695652155 272000
1694838804148 57.00434782608697 276000
1694838837571 56.90416666666666 280000
1694838875172 57.02452830188679 284000
1694838908204 57.04565217391304 288000
1694838941091 57.034042553191476 292000
1694838973673 57.03260869565217 296000
1694839006735 57.0391304347826 300000
1694839038478 56.977777777777774 304000
1694839070243 57.04888888888888 308000
1694839101639 57.03409090909091 312000
1694839134646 57.067391304347815 316000
1694839166680 57.09130434782608 320000
1694839200677 57.143750000000004 324000
1694839233168 57.08444444444443 328000
1694839264770 57.06666666666667 332000
1694839297133 57.071739130434764 336000
1694839328325 57.12093023255814 340000
1694839359627 57.11999999999998 344000
1694839389712 57.11904761904763 348000
1694839420693 57.0840909090909 352000
1694839451972 57.136363636363626 356000
1694839482960 57.13953488372092 360000
1694839516195 57.14042553191488 364000
1694839547882 57.15777777777777 368000
1694839579345 57.11818181818182 372000
1694839611590 57.1391304347826 376000
1694839642679 57.0 380000
1694839674308 56.99318181818182 384000
1694839706651 56.9304347826087 388000
1694839739412 57.02826086956522 392000
1694839771333 56.86666666666667 396000
1694839804034 56.99130434782609 400000
1694839840486 57.035294117647055 404000
1694839873332 57.03191489361702 408000
1694839906058 57.147826086956485 412000
1694839938354 57.09111111111111 416000
1694839971047 57.151063829787205 420000
1694840003006 57.06666666666667 424000
1694840035748 57.16521739130432 428000
1694840067134 57.12954545454545 432000
1694840099515 57.160869565217375 436000
1694840132926 57.054347826086946 440000
1694840170566 57.17592592592592 444000
1694840204937 57.13958333333333 448000
1694840237211 57.12826086956521 452000
1694840270680 57.19574468085105 456000
1694840302688 57.17111111111111 460000
1694840335468 57.12173913043478 464000
1694840366210 56.97727272727273 468000
1694840399438 57.10652173913043 472000
1694840430551 57.050000000000004 476000
1694840462730 57.16521739130434 480000
1694840497941 57.18571428571429 484000
1694840530063 57.23913043478259 488000
1694840561884 57.21333333333336 492000
1694840593967 57.18666666666666 496000
1694840627394 57.180851063829785 500000
1694840658559 56.83409090909088 504000
1694840690106 56.74090909090912 508000
1694840720643 56.73488372093022 512000
1694840752250 56.7977777777778 516000
1694840783526 56.790909090909075 520000
1694840820621 56.88653846153846 524000
1694840855925 59.57 528000
1694840885045 58.00238095238096 532000
1694840912042 56.39210526315789 536000
1694840940102 56.585 540000
1694840966243 56.92972972972972 544000
1694840993072 56.76578947368421 548000
1694841019266 56.38378378378378 552000
1694841045894 56.47105263157893 556000
1694841073230 57.02051282051283 560000
1694841101918 57.464999999999996 564000
1694841128250 56.62894736842105 568000
1694841154697 56.540540540540526 572000
1694841181627 57.21315789473685 576000
