1694836624986 0.978 4000
1694836653992 1.123 8000
1694836682093 1.357 12000
1694836711747 1.3639999999999999 16000
1694836741575 1.3639999999999999 20000
1694836770847 1.397 24000
1694836801971 1.397 28000
1694836832187 1.397 32000
1694836863171 1.403 36000
1694836893036 1.403 40000
1694836927055 1.403 44000
1694836958331 1.447 48000
1694836990637 1.447 52000
1694837023680 1.447 56000
1694837055998 1.447 60000
1694837086973 1.325 64000
1694837118509 1.435 68000
1694837150682 1.435 72000
1694837182407 1.435 76000
1694837215407 1.435 80000
1694837250128 1.403 84000
1694837282606 1.403 88000
1694837314415 1.392 92000
1694837346860 1.45 96000
1694837378956 1.45 100000
1694837410446 1.45 104000
1694837442561 1.4060000000000001 108000
1694837474200 1.3980000000000001 112000
1694837506038 1.3980000000000001 116000
1694837538441 1.3980000000000001 120000
1694837573199 1.407 124000
1694837605705 1.42 128000
1694837639647 1.451 132000
1694837672431 1.451 136000
1694837704937 1.459 140000
1694837737159 1.459 144000
1694837769077 1.459 148000
1694837801808 1.428 152000
1694837833852 1.478 156000
1694837867381 1.478 160000
1694837905316 1.431 164000
1694837938702 1.46 168000
1694837970919 1.46 172000
1694838004642 1.4609999999999999 176000
1694838036793 1.4689999999999999 180000
1694838067971 1.4689999999999999 184000
1694838099337 1.467 188000
1694838130697 1.455 192000
1694838162116 1.455 196000
1694838192775 1.4609999999999999 200000
1694838228697 1.4609999999999999 204000
1694838260020 1.47 208000
1694838290816 1.4409999999999998 212000
1694838322775 1.4649999999999999 216000
1694838354376 1.4649999999999999 220000
1694838385806 1.452 224000
1694838416929 1.4689999999999999 228000
1694838447750 1.4689999999999999 232000
1694838479680 1.456 236000
1694838511465 1.427 240000
1694838547200 1.472 244000
1694838579706 1.479 248000
1694838611714 1.47 252000
1694838643847 1.462 256000
1694838675203 1.458 260000
1694838706483 1.429 264000
1694838738336 1.432 268000
1694838771143 1.46 272000
1694838803971 1.464 276000
1694838837367 1.451 280000
1694838874976 1.467 284000
1694838907981 1.4729999999999999 288000
1694838940928 1.479 292000
1694838973512 1.4729999999999999 296000
1694839006578 1.4609999999999999 300000
1694839038302 1.464 304000
1694839070084 1.462 308000
1694839101480 1.467 312000
1694839134493 1.466 316000
1694839166533 1.466 320000
1694839200516 1.474 324000
1694839232814 1.4609999999999999 328000
1694839264607 1.4729999999999999 332000
1694839296980 1.448 336000
1694839328158 1.463 340000
1694839359481 1.466 344000
1694839389554 1.4609999999999999 348000
1694839420527 1.47 352000
1694839451808 1.467 356000
1694839482794 1.464 360000
1694839516038 1.479 364000
1694839547730 1.46 368000
1694839579194 1.472 372000
1694839611437 1.463 376000
1694839642526 1.476 380000
1694839674150 1.476 384000
1694839706498 1.476 388000
1694839739252 1.466 392000
1694839771045 1.458 396000
1694839803864 1.4689999999999999 400000
1694839840308 1.476 404000
1694839873190 1.4729999999999999 408000
1694839905896 1.464 412000
1694839938166 1.475 416000
1694839970889 1.4609999999999999 420000
1694840002853 1.4729999999999999 424000
1694840035580 1.479 428000
1694840066968 1.475 432000
1694840099355 1.47 436000
1694840132627 1.4609999999999999 440000
1694840170384 1.4649999999999999 444000
1694840204783 1.47 448000
1694840237051 1.4809999999999999 452000
1694840270506 1.467 456000
1694840302527 1.479 460000
1694840335306 1.478 464000
1694840366058 1.4729999999999999 468000
1694840399280 1.4729999999999999 472000
1694840430282 1.472 476000
1694840462554 1.47 480000
1694840497767 1.479 484000
1694840529874 1.4729999999999999 488000
1694840561725 1.4609999999999999 492000
1694840593772 1.4689999999999999 496000
1694840627239 1.479 500000
1694840658401 1.479 504000
1694840689954 1.47 508000
1694840720487 1.467 512000
1694840752101 1.464 516000
1694840783370 1.4609999999999999 520000
1694840820438 1.472 524000
1694840855760 1.4609999999999999 528000
1694840884899 1.4609999999999999 532000
1694840911747 1.476 536000
1694840939939 1.4689999999999999 540000
1694840966079 1.475 544000
1694840992934 1.475 548000
1694841019114 1.476 552000
1694841045742 1.479 556000
1694841073067 1.476 560000
1694841101764 1.475 564000
1694841128064 1.4729999999999999 568000
1694841154551 1.472 572000
1694841181372 1.4609999999999999 576000
