1694836624984 0.651 4000
1694836653991 1.084 8000
1694836682089 1.384 12000
1694836711746 1.384 16000
1694836741574 1.384 20000
1694836770846 1.384 24000
1694836801970 1.362 28000
1694836832186 1.38 32000
1694836863169 1.38 36000
1694836893034 1.38 40000
1694836927054 1.38 44000
1694836958330 1.434 48000
1694836990635 1.434 52000
1694837023678 1.434 56000
1694837055997 1.4140000000000001 60000
1694837086971 1.4140000000000001 64000
1694837118508 1.4140000000000001 68000
1694837150680 1.369 72000
1694837182405 1.4609999999999999 76000
1694837215406 1.4609999999999999 80000
1694837250126 1.4609999999999999 84000
1694837282605 1.444 88000
1694837314413 1.444 92000
1694837346859 1.444 96000
1694837378954 1.459 100000
1694837410444 1.459 104000
1694837442559 1.459 108000
1694837474198 1.4569999999999999 112000
1694837506036 1.464 116000
1694837538439 1.464 120000
1694837573197 1.464 124000
1694837605703 1.447 128000
1694837639645 1.447 132000
1694837672429 1.439 136000
1694837704935 1.439 140000
1694837737157 1.464 144000
1694837769076 1.464 148000
1694837801806 1.45 152000
1694837833851 1.45 156000
1694837867380 1.4449999999999998 160000
1694837905314 1.468 164000
1694837938700 1.468 168000
1694837970917 1.463 172000
1694838004640 1.4609999999999999 176000
1694838036791 1.4609999999999999 180000
1694838067970 1.455 184000
1694838099335 1.454 188000
1694838130695 1.467 192000
1694838162114 1.47 196000
1694838192774 1.47 200000
1694838228694 1.446 204000
1694838260019 1.4729999999999999 208000
1694838290814 1.466 212000
1694838322773 1.466 216000
1694838354374 1.458 220000
1694838385804 1.458 224000
1694838416928 1.46 228000
1694838447748 1.451 232000
1694838479679 1.458 236000
1694838511464 1.464 240000
1694838547198 1.467 244000
1694838579704 1.464 248000
1694838611713 1.459 252000
1694838643846 1.452 256000
1694838675202 1.4689999999999999 260000
1694838706482 1.4689999999999999 264000
1694838738334 1.47 268000
1694838771141 1.466 272000
1694838803968 1.478 276000
1694838837365 1.478 280000
1694838874974 1.452 284000
1694838907979 1.4569999999999999 288000
1694838940926 1.476 292000
1694838973509 1.479 296000
1694839006576 1.463 300000
1694839038301 1.4609999999999999 304000
1694839070082 1.479 308000
1694839101478 1.47 312000
1694839134492 1.476 316000
1694839166532 1.47 320000
1694839200514 1.476 324000
1694839232812 1.4609999999999999 328000
1694839264605 1.476 332000
1694839296979 1.47 336000
1694839328157 1.4729999999999999 340000
1694839359480 1.4729999999999999 344000
1694839389553 1.476 348000
1694839420526 1.47 352000
1694839451807 1.476 356000
1694839482792 1.4729999999999999 360000
1694839516036 1.476 364000
1694839547729 1.476 368000
1694839579193 1.4729999999999999 372000
1694839611435 1.476 376000
1694839642524 1.475 380000
1694839674148 1.467 384000
1694839706497 1.4689999999999999 388000
1694839739251 1.463 392000
1694839771044 1.479 396000
1694839803863 1.47 400000
1694839840307 1.4729999999999999 404000
1694839873189 1.47 408000
1694839905894 1.47 412000
1694839938164 1.4729999999999999 416000
1694839970887 1.4729999999999999 420000
1694840002852 1.47 424000
1694840035577 1.479 428000
1694840066967 1.466 432000
1694840099354 1.467 436000
1694840132625 1.479 440000
1694840170381 1.47 444000
1694840204781 1.479 448000
1694840237050 1.4729999999999999 452000
1694840270504 1.4689999999999999 456000
1694840302525 1.47 460000
1694840335305 1.4729999999999999 464000
1694840366057 1.467 468000
1694840399278 1.47 472000
1694840430281 1.4729999999999999 476000
1694840462552 1.476 480000
1694840497766 1.482 484000
1694840529873 1.476 488000
1694840561723 1.47 492000
1694840593771 1.479 496000
1694840627236 1.4729999999999999 500000
1694840658399 1.476 504000
1694840689952 1.476 508000
1694840720484 1.476 512000
1694840752100 1.476 516000
1694840783369 1.479 520000
1694840820434 1.4609999999999999 524000
1694840855759 1.47 528000
1694840884897 1.4729999999999999 532000
1694840911745 1.4729999999999999 536000
1694840939937 1.479 540000
1694840966078 1.476 544000
1694840992932 1.479 548000
1694841019113 1.4729999999999999 552000
1694841045739 1.482 556000
1694841073065 1.478 560000
1694841101763 1.479 564000
1694841128062 1.482 568000
1694841154550 1.476 572000
1694841181370 1.476 576000
