1694836625540 479.5 4000
1694836654258 479.5 8000
1694836682415 479.5 12000
1694836712255 479.5 16000
1694836741867 479.5 20000
1694836771449 479.5 24000
1694836802287 479.5 28000
1694836832688 479.5 32000
1694836863489 479.5 36000
1694836893355 479.5 40000
1694836927388 479.5 44000
1694836958639 479.5 48000
1694836990979 479.5 52000
1694837024049 479.5 56000
1694837056310 479.5 60000
1694837087282 479.5 64000
1694837118855 479.5 68000
1694837151007 479.5 72000
1694837182732 479.5 76000
1694837215758 479.5 80000
1694837250677 479.5 84000
1694837282947 479.5 88000
1694837314757 479.5 92000
1694837347186 479.5 96000
1694837379301 479.5 100000
1694837410772 479.5 104000
1694837442894 479.5 108000
1694837474553 479.5 112000
1694837506372 479.5 116000
1694837538756 479.5 120000
1694837573536 479.5 124000
1694837606037 479.5 128000
1694837640023 479.5 132000
1694837672983 479.5 136000
1694837705272 479.5 140000
1694837737524 479.5 144000
1694837769415 479.5 148000
1694837802146 479.5 152000
1694837834195 479.5 156000
1694837867700 479.5 160000
1694837905649 479.5 164000
1694837939176 479.5 168000
1694837971493 479.5 172000
1694838004936 479.5 176000
1694838037085 479.5 180000
1694838068265 479.5 184000
1694838099627 479.5 188000
1694838131031 479.5 192000
1694838162387 479.5 196000
1694838193052 479.5 200000
1694838229013 479.5 204000
1694838260290 479.5 208000
1694838291155 479.5 212000
1694838323087 479.5 216000
1694838354669 479.5 220000
1694838386077 479.5 224000
1694838417219 479.5 228000
1694838448040 479.5 232000
1694838479956 479.5 236000
1694838511953 479.5 240000
1694838547527 479.5 244000
1694838579993 479.5 248000
1694838611987 479.5 252000
1694838644132 479.5 256000
1694838675481 479.5 260000
1694838706828 479.5 264000
1694838738601 479.5 268000
1694838771428 479.5 272000
1694838804288 479.5 276000
1694838837712 479.5 280000
1694838875316 479.5 284000
1694838908337 479.5 288000
1694838941234 479.5 292000
1694838973804 479.5 296000
1694839006863 479.5 300000
1694839038630 479.5 304000
1694839070368 479.5 308000
1694839101765 479.5 312000
1694839134777 479.5 316000
1694839166806 479.5 320000
1694839200801 479.5 324000
1694839233378 479.5 328000
1694839264898 479.5 332000
1694839297259 479.5 336000
1694839328453 479.5 340000
1694839359746 479.5 344000
1694839389830 479.5 348000
1694839420847 479.5 352000
1694839452105 479.5 356000
1694839483101 479.5 360000
1694839516368 479.5 364000
1694839548012 479.5 368000
1694839579467 479.5 372000
1694839611711 479.5 376000
1694839642807 479.5 380000
1694839674440 479.5 384000
1694839706771 479.5 388000
1694839739548 479.5 392000
1694839771579 479.5 396000
1694839804154 479.5 400000
1694839840635 479.5 404000
1694839873455 479.5 408000
1694839906191 479.5 412000
1694839938502 479.5 416000
1694839971192 479.5 420000
1694840003134 479.5 424000
1694840035877 479.5 428000
1694840067262 479.5 432000
1694840099670 479.5 436000
1694840133186 479.5 440000
1694840170698 479.5 444000
1694840205068 479.5 448000
1694840237336 479.5 452000
1694840270827 479.5 456000
1694840302808 479.5 460000
1694840335601 479.5 464000
1694840366336 479.5 468000
1694840399558 479.5 472000
1694840430755 479.5 476000
1694840462869 479.5 480000
1694840498074 479.5 484000
1694840530190 479.5 488000
1694840562014 479.5 492000
1694840594110 479.5 496000
1694840627520 479.5 500000
1694840658691 479.5 504000
1694840690230 479.5 508000
1694840720769 479.5 512000
1694840752378 479.5 516000
1694840783659 479.5 520000
1694840820755 479.5 524000
1694840856034 479.5 528000
1694840885153 479.5 532000
1694840912249 479.5 536000
1694840940215 479.5 540000
1694840966361 479.5 544000
1694840993180 479.5 548000
1694841019371 479.5 552000
1694841046007 479.5 556000
1694841073345 479.5 560000
1694841102033 479.5 564000
1694841128387 479.5 568000
1694841154801 479.5 572000
1694841181765 479.5 576000
