1694836625539 480.5 4000
1694836654256 1440.5 8000
1694836682413 2400.5 12000
1694836712253 3360.5 16000
1694836741865 4320.5 20000
1694836771447 5280.5 24000
1694836802286 6240.5 28000
1694836832687 7200.5 32000
1694836863486 8160.5 36000
1694836893354 9120.5 40000
1694836927386 10080.5 44000
1694836958637 11040.5 48000
1694836990978 12000.5 52000
1694837024047 12960.5 56000
1694837056308 13920.5 60000
1694837087280 14880.5 64000
1694837118853 15840.5 68000
1694837151005 16800.5 72000
1694837182730 17760.5 76000
1694837215756 18720.5 80000
1694837250676 19680.5 84000
1694837282945 20640.5 88000
1694837314755 21600.5 92000
1694837347184 22560.5 96000
1694837379298 23520.5 100000
1694837410771 24480.5 104000
1694837442891 25440.5 108000
1694837474551 26400.5 112000
1694837506371 27360.5 116000
1694837538753 28320.5 120000
1694837573533 29280.5 124000
1694837606035 30240.5 128000
1694837640021 31200.5 132000
1694837672982 32160.5 136000
1694837705271 33120.5 140000
1694837737522 34080.5 144000
1694837769413 35040.5 148000
1694837802145 36000.5 152000
1694837834193 36960.5 156000
1694837867699 37920.5 160000
1694837905647 38880.5 164000
1694837939175 39840.5 168000
1694837971491 40800.5 172000
1694838004934 41760.5 176000
1694838037084 42720.5 180000
1694838068263 43680.5 184000
1694838099626 44640.5 188000
1694838131029 45600.5 192000
1694838162385 46560.5 196000
1694838193050 47520.5 200000
1694838229011 48480.5 204000
1694838260289 49440.5 208000
1694838291153 50400.5 212000
1694838323086 51360.5 216000
1694838354667 52320.5 220000
1694838386075 53280.5 224000
1694838417218 54240.5 228000
1694838448039 55200.5 232000
1694838479954 56160.5 236000
1694838511952 57120.5 240000
1694838547526 58080.5 244000
1694838579992 59040.5 248000
1694838611986 60000.5 252000
1694838644130 60960.5 256000
1694838675479 61920.5 260000
1694838706826 62880.5 264000
1694838738600 63840.5 268000
1694838771427 64800.5 272000
1694838804287 65760.5 276000
1694838837711 66720.5 280000
1694838875313 67680.5 284000
1694838908334 68640.5 288000
1694838941232 69600.5 292000
1694838973803 70560.5 296000
1694839006862 71520.5 300000
1694839038628 72480.5 304000
1694839070366 73440.5 308000
1694839101763 74400.5 312000
1694839134776 75360.5 316000
1694839166804 76320.5 320000
1694839200800 77280.5 324000
1694839233377 78240.5 328000
1694839264896 79200.5 332000
1694839297258 80160.5 336000
1694839328452 81120.5 340000
1694839359744 82080.5 344000
1694839389828 83040.5 348000
1694839420845 84000.5 352000
1694839452104 84960.5 356000
1694839483099 85920.5 360000
1694839516367 86880.5 364000
1694839548011 87840.5 368000
1694839579466 88800.5 372000
1694839611710 89760.5 376000
1694839642806 90720.5 380000
1694839674438 91680.5 384000
1694839706769 92640.5 388000
1694839739547 93600.5 392000
1694839771578 94560.5 396000
1694839804153 95520.5 400000
1694839840634 96480.5 404000
1694839873454 97440.5 408000
1694839906190 98400.5 412000
1694839938500 99360.5 416000
1694839971191 100320.5 420000
1694840003132 101280.5 424000
1694840035876 102240.5 428000
1694840067261 103200.5 432000
1694840099669 104160.5 436000
1694840133184 105120.5 440000
1694840170697 106080.5 444000
1694840205067 107040.5 448000
1694840237334 108000.5 452000
1694840270825 108960.5 456000
1694840302807 109920.5 460000
1694840335600 110880.5 464000
1694840366335 111840.5 468000
1694840399557 112800.5 472000
1694840430753 113760.5 476000
1694840462868 114720.5 480000
1694840498073 115680.5 484000
1694840530187 116640.5 488000
1694840562012 117600.5 492000
1694840594108 118560.5 496000
1694840627518 119520.5 500000
1694840658688 120480.5 504000
1694840690229 121440.5 508000
1694840720768 122400.5 512000
1694840752377 123360.5 516000
1694840783657 124320.5 520000
1694840820753 125280.5 524000
1694840856032 126240.5 528000
1694840885151 127200.5 532000
1694840912247 128160.5 536000
1694840940213 129120.5 540000
1694840966359 130080.5 544000
1694840993178 131040.5 548000
1694841019370 132000.5 552000
1694841046005 132960.5 556000
1694841073344 133920.5 560000
1694841102032 134880.5 564000
1694841128386 135840.5 568000
1694841154800 136800.5 572000
1694841181763 137760.5 576000
