1694836625030 176.314 4000
1694836654016 176.919 8000
1694836682121 174.157 12000
1694836711789 170.474 16000
1694836741597 168.477 20000
1694836770890 167.402 24000
1694836801993 165.194 28000
1694836832230 164.146 32000
1694836863198 162.943 36000
1694836893057 162.463 40000
1694836927072 158.431 44000
1694836958357 156.061 48000
1694836990659 153.895 52000
1694837023706 152.145 56000
1694837056019 150.798 60000
1694837086998 149.865 64000
1694837118534 149.597 68000
1694837150708 148.495 72000
1694837182429 147.933 76000
1694837215431 146.495 80000
1694837250170 146.271 84000
1694837282631 145.846 88000
1694837314433 146.03 92000
1694837346885 146.24 96000
1694837378978 146.18 100000
1694837410468 145.975 104000
1694837442584 145.525 108000
1694837474242 145.846 112000
1694837506065 145.905 116000
1694837538466 146.265 120000
1694837573223 146.103 124000
1694837605726 146.03 128000
1694837639673 145.105 132000
1694837672457 145.037 136000
1694837704966 145.077 140000
1694837737186 144.813 144000
1694837769103 144.966 148000
1694837801830 144.374 152000
1694837833877 144.233 156000
1694837867400 143.443 160000
1694837905337 142.041 164000
1694837938724 141.704 168000
1694837970958 142.455 172000
1694838004669 142.224 176000
1694838036811 142.152 180000
1694838067987 142.58 184000
1694838099363 142.831 188000
1694838130723 143.538 192000
1694838162137 143.693 196000
1694838192792 145.099 200000
1694838228722 146.053 204000
1694838260037 146.926 208000
1694838290840 147.569 212000
1694838322795 148.348 216000
1694838354394 148.665 220000
1694838385828 148.456 224000
1694838416950 148.748 228000
1694838447773 149.002 232000
1694838479699 149.058 236000
1694838511503 148.651 240000
1694838547230 148.937 244000
1694838579730 148.294 248000
1694838611737 147.661 252000
1694838643875 147.367 256000
1694838675221 147.471 260000
1694838706502 147.612 264000
1694838738353 147.045 268000
1694838771169 146.145 272000
1694838803994 145.624 276000
1694838837389 144.834 280000
1694838874997 143.795 284000
1694838907999 143.719 288000
1694838940954 143.334 292000
1694838973534 143.176 296000
1694839006597 142.51 300000
1694839038331 142.363 304000
1694839070109 142.384 308000
1694839101499 142.891 312000
1694839134512 142.772 316000
1694839166550 143.443 320000
1694839200541 145.28 324000
1694839232866 145.37 328000
1694839264636 146.152 332000
1694839296999 146.416 336000
1694839328180 147.292 340000
1694839359503 147.422 344000
1694839389581 148.393 348000
1694839420550 148.692 352000
1694839451837 149.587 356000
1694839482810 150.017 360000
1694839516057 150.268 364000
1694839547754 150.595 368000
1694839579211 150.49 372000
1694839611459 150.343 376000
1694839642549 150.48 380000
1694839674167 150.411 384000
1694839706517 149.319 388000
1694839739275 148.672 392000
1694839771084 148.416 396000
1694839803891 147.871 400000
1694839840338 146.168 404000
1694839873211 145.876 408000
1694839905915 145.236 412000
1694839938195 145.308 416000
1694839970908 144.478 420000
1694840002871 144.294 424000
1694840035606 144.047 428000
1694840066991 144.572 432000
1694840099373 144.463 436000
1694840132650 143.909 440000
1694840170411 143.64 444000
1694840204805 142.912 448000
1694840237069 143.283 452000
1694840270527 142.624 456000
1694840302554 142.899 460000
1694840335326 142.509 464000
1694840366076 143.506 468000
1694840399307 142.798 472000
1694840430305 143.263 476000
1694840462573 144.067 480000
1694840497796 144.954 484000
1694840529902 146.001 488000
1694840561749 146.041 492000
1694840593800 146.893 496000
1694840627262 146.053 500000
1694840658419 146.866 504000
1694840689973 146.363 508000
1694840720511 147.517 512000
1694840752123 147.078 516000
1694840783387 147.258 520000
1694840820461 146.658 524000
1694840855777 145.06 528000
1694840884917 146.699 532000
1694840911786 149.264 536000
1694840939968 152.946 540000
1694840966103 155.598 544000
1694840992949 158.469 548000
1694841019131 160.913 552000
1694841045762 164.031 556000
1694841073088 166.354 560000
1694841101781 171.827 564000
1694841128088 177.867 568000
1694841154571 179.364 572000
1694841181416 179.415 576000
