1694836625011 22686.857 4000
1694836654014 22609.169 8000
1694836682120 22967.825 12000
1694836711788 23463.947 16000
1694836741596 23742.054 20000
1694836770888 23894.601 24000
1694836801991 24213.913 28000
1694836832228 24368.6 32000
1694836863197 24548.509 36000
1694836893056 24620.988 40000
1694836927071 25247.608 44000
1694836958356 25631.046 48000
1694836990658 25991.723 52000
1694837023704 26290.639 56000
1694837056016 26525.53 60000
1694837086996 26690.704 64000
1694837118532 26738.498 68000
1694837150707 26937.009 72000
1694837182428 27039.263 76000
1694837215430 27304.644 80000
1694837250168 27346.462 84000
1694837282628 27426.137 88000
1694837314432 27391.548 92000
1694837346883 27352.325 96000
1694837378974 27363.538 100000
1694837410467 27402.018 104000
1694837442582 27486.748 108000
1694837474240 27426.263 112000
1694837506063 27415.149 116000
1694837538465 27347.655 120000
1694837573221 27377.858 124000
1694837605725 27391.59 128000
1694837639672 27566.279 132000
1694837672455 27579.25 136000
1694837704965 27571.472 140000
1694837737185 27621.799 144000
1694837769101 27592.632 148000
1694837801829 27705.871 152000
1694837833876 27732.974 156000
1694837867399 27885.678 160000
1694837905335 28160.911 164000
1694837938723 28227.824 168000
1694837970956 28078.988 172000
1694838004667 28124.66 176000
1694838036809 28138.957 180000
1694838067986 28054.49 184000
1694838099361 28005.161 188000
1694838130721 27867.204 192000
1694838162136 27837.065 196000
1694838192791 27567.302 200000
1694838228720 27387.364 204000
1694838260036 27224.592 208000
1694838290839 27105.936 212000
1694838322793 26963.578 216000
1694838354392 26906.088 220000
1694838385827 26943.993 224000
1694838416948 26891.196 228000
1694838447772 26845.353 232000
1694838479698 26835.13 236000
1694838511502 26908.593 240000
1694838547228 26857.029 244000
1694838579728 26973.463 248000
1694838611736 27089.08 252000
1694838643874 27143.156 256000
1694838675220 27123.958 260000
1694838706500 27098.06 264000
1694838738352 27202.522 268000
1694838771167 27370.093 272000
1694838803993 27468.071 276000
1694838837387 27617.8 280000
1694838874995 27817.373 284000
1694838907998 27831.999 288000
1694838940953 27906.836 292000
1694838973533 27937.671 296000
1694839006596 28068.146 300000
1694839038329 28097.162 304000
1694839070106 28092.994 308000
1694839101497 27993.273 312000
1694839134511 28016.746 316000
1694839166549 27885.568 320000
1694839200540 27532.956 324000
1694839232864 27515.979 328000
1694839264634 27368.757 332000
1694839296998 27319.352 336000
1694839328178 27156.929 340000
1694839359502 27133.06 344000
1694839389580 26955.381 348000
1694839420548 26901.33 352000
1694839451835 26740.26 356000
1694839482809 26663.698 360000
1694839516056 26619.09 364000
1694839547753 26561.395 368000
1694839579210 26579.796 372000
1694839611458 26605.816 376000
1694839642548 26581.534 380000
1694839674166 26593.759 384000
1694839706514 26788.198 388000
1694839739273 26904.882 392000
1694839771082 26951.282 396000
1694839803890 27050.618 400000
1694839840336 27365.79 404000
1694839873210 27420.612 408000
1694839905914 27541.308 412000
1694839938194 27527.774 416000
1694839970907 27685.935 420000
1694840002869 27721.147 424000
1694840035603 27768.703 428000
1694840066989 27667.928 432000
1694840099371 27688.752 436000
1694840132649 27795.328 440000
1694840170409 27847.399 444000
1694840204803 27989.284 448000
1694840237068 27916.703 452000
1694840270525 28045.694 456000
1694840302553 27991.709 460000
1694840335324 28068.423 464000
1694840366075 27873.342 468000
1694840399306 28011.687 472000
1694840430304 27920.593 476000
1694840462572 27764.851 480000
1694840497793 27594.945 484000
1694840529901 27397.057 488000
1694840561747 27389.506 492000
1694840593798 27230.634 496000
1694840627261 27387.386 500000
1694840658418 27235.721 504000
1694840689972 27329.38 508000
1694840720509 27115.558 512000
1694840752122 27196.49 516000
1694840783386 27163.258 520000
1694840820459 27274.356 524000
1694840855776 27574.721 528000
1694840884916 27266.678 532000
1694840911785 26798.114 536000
1694840939967 26152.984 540000
1694840966101 25707.294 544000
1694840992948 25241.593 548000
1694841019129 24858.172 552000
1694841045760 24385.565 556000
1694841073087 24045.119 560000
1694841101780 23279.161 564000
1694841128087 22488.704 568000
1694841154569 22301.066 572000
1694841181413 22294.643 576000
