1694836625009 4512.477 4000
1694836654011 4278.105 8000
1694836682119 4047.918 12000
1694836711786 3984.135 16000
1694836741594 3958.949 20000
1694836770886 3924.501 24000
1694836801988 3903.13 28000
1694836832227 3896.465 32000
1694836863195 3891.769 36000
1694836893054 3872.684 40000
1694836927070 3832.148 44000
1694836958355 3827.107 48000
1694836990657 3867.611 52000
1694837023703 3895.586 56000
1694837056014 3922.815 60000
1694837086993 3924.524 64000
1694837118530 3935.332 68000
1694837150705 3927.252 72000
1694837182426 3920.544 76000
1694837215428 3961.09 80000
1694837250151 3980.226 84000
1694837282626 3989.702 88000
1694837314431 3976.472 92000
1694837346880 3961.281 96000
1694837378972 3931.735 100000
1694837410466 3940.157 104000
1694837442581 3922.042 108000
1694837474237 3928.924 112000
1694837506062 3942.81 116000
1694837538463 3952.48 120000
1694837573220 3930.944 124000
1694837605723 3944.227 128000
1694837639670 3983.932 132000
1694837672452 3994.44 136000
1694837704963 4014.746 140000
1694837737184 4030.139 144000
1694837769099 4035.814 148000
1694837801828 4030.271 152000
1694837833874 4027.478 156000
1694837867397 3982.527 160000
1694837905333 4017.762 164000
1694837938721 4036.925 168000
1694837970955 3998.516 172000
1694838004665 4033.146 176000
1694838036808 4015.065 180000
1694838067985 4009.106 184000
1694838099359 4013.383 188000
1694838130720 4024.209 192000
1694838162135 3994.456 196000
1694838192789 3992.845 200000
1694838228719 3982.553 204000
1694838260035 3946.758 208000
1694838290838 3950.134 212000
1694838322791 3934.942 216000
1694838354391 3933.195 220000
1694838385825 3915.565 224000
1694838416946 3944.773 228000
1694838447770 3934.439 232000
1694838479697 3997.21 236000
1694838511500 4025.587 240000
1694838547225 4030.657 244000
1694838579727 4028.98 248000
1694838611734 4029.308 252000
1694838643872 4006.291 256000
1694838675219 4006.589 260000
1694838706498 4024.564 264000
1694838738350 3986.179 268000
1694838771166 4015.639 272000
1694838803992 3999.494 276000
1694838837386 4009.929 280000
1694838874994 4011.648 284000
1694838907996 4043.975 288000
1694838940951 4053.637 292000
1694838973531 4060.242 296000
1694839006595 4096.242 300000
1694839038327 4106.052 304000
1694839070104 4101.155 308000
1694839101496 4060.799 312000
1694839134510 4063.802 316000
1694839166548 4063.331 320000
1694839200538 4061.856 324000
1694839232861 4009.286 328000
1694839264632 4020.322 332000
1694839296997 4050.815 336000
1694839328177 4017.215 340000
1694839359501 3999.603 344000
1694839389578 4016.826 348000
1694839420547 4029.632 352000
1694839451834 4011.286 356000
1694839482807 3980.505 360000
1694839516054 3952.851 364000
1694839547752 3948.881 368000
1694839579209 3928.302 372000
1694839611457 3891.958 376000
1694839642547 3918.75 380000
1694839674165 3936.472 384000
1694839706512 3957.993 388000
1694839739271 4001.53 392000
1694839771080 4007.212 396000
1694839803888 4055.961 400000
1694839840334 4055.733 404000
1694839873209 4120.647 408000
1694839905913 4122.463 412000
1694839938192 4133.102 416000
1694839970906 4124.695 420000
1694840002868 4120.205 424000
1694840035602 4114.428 428000
1694840066988 4087.063 432000
1694840099369 4123.928 436000
1694840132647 4086.816 440000
1694840170407 4134.916 444000
1694840204801 4141.727 448000
1694840237066 4169.002 452000
1694840270523 4157.699 456000
1694840302551 4142.659 460000
1694840335322 4147.341 464000
1694840366073 4140.137 468000
1694840399304 4189.629 472000
1694840430302 4142.217 476000
1694840462571 4177.805 480000
1694840497791 4119.589 484000
1694840529899 4091.675 488000
1694840561746 4051.791 492000
1694840593796 4068.529 496000
1694840627259 4054.471 500000
1694840658417 4043.997 504000
1694840689970 4032.774 508000
1694840720508 3979.973 512000
1694840752121 3966.385 516000
1694840783385 3928.384 520000
1694840820458 4005.597 524000
1694840855775 4021.643 528000
1694840884915 4066.968 532000
1694840911783 4019.287 536000
1694840939965 4125.82 540000
1694840966099 4075.831 544000
1694840992947 4077.382 548000
1694841019128 4031.533 552000
1694841045759 4009.315 556000
1694841073086 3960.354 560000
1694841101779 3898.512 564000
1694841128085 3800.952 568000
1694841154567 3720.153 572000
1694841181408 3716.187 576000
