1694836625032 25.798 4000
1694836654017 30.256 8000
1694836682122 28.33 12000
1694836711791 27.389 16000
1694836741599 26.581 20000
1694836770891 25.359 24000
1694836801995 25.694 28000
1694836832231 25.715 32000
1694836863199 25.778 36000
1694836893058 25.755 40000
1694836927073 25.754 44000
1694836958358 24.907 48000
1694836990660 25.499 52000
1694837023707 25.964 56000
1694837056022 26.123 60000
1694837086999 26.677 64000
1694837118535 33.293 68000
1694837150710 33.422 72000
1694837182431 33.33 76000
1694837215433 33.569 80000
1694837250172 33.813 84000
1694837282633 33.624 88000
1694837314434 33.453 92000
1694837346887 33.098 96000
1694837378980 33.143 100000
1694837410469 33.354 104000
1694837442585 26.647 108000
1694837474245 26.549 112000
1694837506066 28.879 116000
1694837538468 28.848 120000
1694837573224 28.816 124000
1694837605727 28.957 128000
1694837639674 28.936 132000
1694837672460 29.084 136000
1694837704967 29.009 140000
1694837737188 28.927 144000
1694837769104 28.889 148000
1694837801832 29.007 152000
1694837833878 26.898 156000
1694837867401 26.889 160000
1694837905339 27.058 164000
1694837938725 27.151 168000
1694837970959 26.835 172000
1694838004671 26.685 176000
1694838036812 27.006 180000
1694838067988 27.109 184000
1694838099364 27.162 188000
1694838130724 27.256 192000
1694838162138 27.159 196000
1694838192793 26.95 200000
1694838228723 26.901 204000
1694838260038 26.95 208000
1694838290842 27.058 212000
1694838322798 27.218 216000
1694838354397 27.214 220000
1694838385829 27.107 224000
1694838416952 26.936 228000
1694838447774 26.726 232000
1694838479701 26.834 236000
1694838511505 27.178 240000
1694838547231 27.059 244000
1694838579731 26.99 248000
1694838611738 26.96 252000
1694838643877 26.776 256000
1694838675223 26.626 260000
1694838706504 26.745 264000
1694838738354 26.83 268000
1694838771170 26.892 272000
1694838803996 27.148 276000
1694838837390 27.131 280000
1694838874998 27.147 284000
1694838908000 27.45 288000
1694838940955 27.65 292000
1694838973535 27.795 296000
1694839006599 27.894 300000
1694839038332 27.849 304000
1694839070111 28.241 308000
1694839101500 28.683 312000
1694839134514 28.876 316000
1694839166551 29.194 320000
1694839200543 28.891 324000
1694839232869 28.799 328000
1694839264637 28.704 332000
1694839297000 28.656 336000
1694839328181 28.645 340000
1694839359504 28.58 344000
1694839389583 28.405 348000
1694839420551 27.956 352000
1694839451838 27.636 356000
1694839482812 26.929 360000
1694839516058 27.052 364000
1694839547756 26.801 368000
1694839579213 26.856 372000
1694839611460 26.957 376000
1694839642550 26.848 380000
1694839674168 26.91 384000
1694839706519 26.658 388000
1694839739277 26.535 392000
1694839771085 26.178 396000
1694839803892 26.111 400000
1694839840339 26.082 404000
1694839873212 26.112 408000
1694839905917 25.929 412000
1694839938197 26.331 416000
1694839970909 26.538 420000
1694840002872 26.526 424000
1694840035607 26.635 428000
1694840066992 26.831 432000
1694840099375 27.699 436000
1694840132652 28.024 440000
1694840170412 28.433 444000
1694840204807 28.361 448000
1694840237070 28.499 452000
1694840270529 28.114 456000
1694840302555 28.022 460000
1694840335328 28.018 464000
1694840366077 28.343 468000
1694840399309 28.284 472000
1694840430307 28.625 476000
1694840462575 28.511 480000
1694840497797 28.47 484000
1694840529904 28.539 488000
1694840561750 28.559 492000
1694840593802 28.42 496000
1694840627264 28.398 500000
1694840658420 28.91 504000
1694840689975 28.612 508000
1694840720512 28.522 512000
1694840752125 27.311 516000
1694840783388 27.346 520000
1694840820463 27.243 524000
1694840855779 27.04 528000
1694840884918 26.828 532000
1694840911788 26.735 536000
1694840939969 26.038 540000
1694840966105 25.64 544000
1694840992950 25.416 548000
1694841019132 25.715 552000
1694841045764 25.558 556000
1694841073089 25.433 560000
1694841101782 25.091 564000
1694841128089 25.255 568000
1694841154573 25.291 572000
1694841181421 25.139 576000
