1694836625006 27226.697 4000
1694836654009 26919.15 8000
1694836682117 27045.628 12000
1694836711784 27477.017 16000
1694836741593 27729.161 20000
1694836770884 27846.012 24000
1694836801986 28144.293 28000
1694836832226 28292.305 32000
1694836863194 28467.557 36000
1694836893053 28520.913 40000
1694836927069 29107.019 44000
1694836958353 29484.581 48000
1694836990655 29886.427 52000
1694837023701 30213.829 56000
1694837056012 30476.078 60000
1694837086991 30643.507 64000
1694837118528 30708.748 68000
1694837150704 30899.331 72000
1694837182424 30994.842 76000
1694837215427 31301.04 80000
1694837250148 31362.202 84000
1694837282623 31451.166 88000
1694837314429 31403.117 92000
1694837346878 31348.29 96000
1694837378970 31330.024 100000
1694837410465 31377.134 104000
1694837442578 31437.004 108000
1694837474235 31383.287 112000
1694837506061 31388.346 116000
1694837538462 31330.505 120000
1694837573219 31339.139 124000
1694837605722 31366.288 128000
1694837639669 31580.646 132000
1694837672450 31604.295 136000
1694837704961 31616.737 140000
1694837737182 31682.367 144000
1694837769097 31658.858 148000
1694837801827 31766.681 152000
1694837833873 31788.897 156000
1694837867396 31896.608 160000
1694837905332 32207.258 164000
1694837938720 32293.432 168000
1694837970953 32105.946 172000
1694838004664 32186.109 176000
1694838036807 32182.633 180000
1694838067983 32092.332 184000
1694838099357 32047.304 188000
1694838130718 31920.315 192000
1694838162133 31860.311 196000
1694838192788 31588.708 200000
1694838228717 31398.427 204000
1694838260033 31199.869 208000
1694838290837 31084.62 212000
1694838322790 30927.207 216000
1694838354390 30867.958 220000
1694838385824 30888.124 224000
1694838416943 30864.376 228000
1694838447769 30807.933 232000
1694838479694 30860.632 236000
1694838511498 30962.826 240000
1694838547223 30916.224 244000
1694838579725 31030.921 248000
1694838611733 31146.834 252000
1694838643871 31177.725 256000
1694838675218 31158.685 260000
1694838706496 31150.864 264000
1694838738349 31217.021 268000
1694838771164 31414.13 272000
1694838803990 31496.255 276000
1694838837385 31656.407 280000
1694838874992 31857.72 284000
1694838907995 31905.007 288000
1694838940949 31989.734 292000
1694838973530 32027.316 296000
1694839006593 32193.903 300000
1694839038325 32232.688 304000
1694839070102 32224.007 308000
1694839101495 32084.357 312000
1694839134508 32110.984 316000
1694839166547 31979.647 320000
1694839200536 31625.223 324000
1694839232859 31555.611 328000
1694839264630 31419.321 332000
1694839296995 31400.341 336000
1694839328175 31204.299 340000
1694839359499 31162.769 344000
1694839389575 31002.161 348000
1694839420545 30960.484 352000
1694839451832 30780.73 356000
1694839482806 30672.722 360000
1694839516053 30600.574 364000
1694839547750 30538.598 368000
1694839579207 30536.486 372000
1694839611456 30526.252 376000
1694839642546 30528.673 380000
1694839674163 30558.664 384000
1694839706511 30774.358 388000
1694839739269 30934.476 392000
1694839771079 30986.22 396000
1694839803887 31134.218 400000
1694839840332 31449.147 404000
1694839873207 31568.898 408000
1694839905912 31691.207 412000
1694839938190 31688.72 416000
1694839970904 31838.675 420000
1694840002866 31869.427 424000
1694840035599 31911.343 428000
1694840066987 31783.353 432000
1694840099368 31841.927 436000
1694840132645 31911.715 440000
1694840170404 32012.331 444000
1694840204799 32161.05 448000
1694840237065 32115.868 452000
1694840270521 32233.186 456000
1694840302550 32164.071 460000
1694840335321 32245.415 464000
1694840366072 32043.443 468000
1694840399303 32231.243 472000
1694840430301 32093.104 476000
1694840462570 31972.812 480000
1694840497789 31744.608 484000
1694840529897 31518.782 488000
1694840561745 31471.406 492000
1694840593794 31329.145 496000
1694840627256 31471.789 500000
1694840658416 31310.153 504000
1694840689969 31392.26 508000
1694840720506 31125.549 512000
1694840752120 31191.645 516000
1694840783384 31120.513 520000
1694840820456 31308.764 524000
1694840855774 31624.991 528000
1694840884913 31362.022 532000
1694840911782 30845.659 536000
1694840939963 30306.366 540000
1694840966097 29810.331 544000
1694840992946 29345.952 548000
1694841019127 28916.966 552000
1694841045758 28421.914 556000
1694841073084 28032.329 560000
1694841101778 27204.126 564000
1694841128083 26316.284 568000
1694841154565 26047.893 572000
1694841181405 26037.345 576000
