1694836625302 -1.036 4000
1694836654145 -1.036 8000
1694836682275 -1.036 12000
1694836712042 -1.037 16000
1694836741742 -1.037 20000
1694836771242 -1.042 24000
1694836802153 -1.042 28000
1694836832479 -1.051 32000
1694836863352 -1.051 36000
1694836893220 -1.051 40000
1694836927245 -1.051 44000
1694836958501 -1.017 48000
1694836990835 -1.018 52000
1694837023903 -1.018 56000
1694837056174 -1.018 60000
1694837087149 -1.018 64000
1694837118713 -1.016 68000
1694837150866 -1.019 72000
1694837182584 -1.019 76000
1694837215610 -1.0239999999999998 80000
1694837250436 -1.0239999999999998 84000
1694837282807 -1.036 88000
1694837314601 -1.038 92000
1694837347059 -1.038 96000
1694837379164 -1.038 100000
1694837410637 -1.023 104000
1694837442754 -1.022 108000
1694837474416 -1.022 112000
1694837506225 -1.017 116000
1694837538621 -1.017 120000
1694837573398 -1.021 124000
1694837605895 -1.023 128000
1694837639864 -1.026 132000
1694837672743 -1.026 136000
1694837705132 -1.026 140000
1694837737371 -1.017 144000
1694837769274 -1.015 148000
1694837802006 -1.021 152000
1694837834053 -1.021 156000
1694837867565 -1.0199999999999998 160000
1694837905504 -1.0119999999999998 164000
1694837938879 -1.015 168000
1694837971211 -1.018 172000
1694838004816 -1.018 176000
1694838036961 -1.021 180000
1694838068119 -1.021 184000
1694838099504 -1.021 188000
1694838130875 -1.012 192000
1694838162268 -1.012 196000
1694838192928 -1.019 200000
1694838228876 -1.012 204000
1694838260169 -1.0199999999999998 208000
1694838291031 -1.0199999999999998 212000
1694838322949 -1.011 216000
1694838354539 -1.011 220000
1694838385959 -1.01 224000
1694838417094 -1.015 228000
1694838447917 -1.017 232000
1694838479833 -1.025 236000
1694838511751 -1.021 240000
1694838547387 -1.02 244000
1694838579876 -1.011 248000
1694838611864 -1.016 252000
1694838644009 -1.013 256000
1694838675358 -1.013 260000
1694838706656 -1.013 264000
1694838738478 -1.012 268000
1694838771304 -1.015 272000
1694838804151 -1.013 276000
1694838837579 -1.015 280000
1694838875177 -1.015 284000
1694838908207 -1.011 288000
1694838941094 -1.009 292000
1694838973675 -1.019 296000
1694839006738 -1.024 300000
1694839038483 -1.009 304000
1694839070246 -1.007 308000
1694839101641 -1.007 312000
1694839134649 -1.005 316000
1694839166683 -1.011 320000
1694839200680 -1.017 324000
1694839233171 -1.014 328000
1694839264773 -1.022 332000
1694839297136 -1.007 336000
1694839328327 -1.013 340000
1694839359629 -1.01 344000
1694839389718 -1.029 348000
1694839420696 -1.009 352000
1694839451975 -1.0199999999999998 356000
1694839482964 -1.006 360000
1694839516198 -1.004 364000
1694839547885 -1.009 368000
1694839579347 -1.016 372000
1694839611592 -1.0119999999999998 376000
1694839642682 -1.003 380000
1694839674310 -1.007 384000
1694839706653 -1.011 388000
1694839739414 -1.005 392000
1694839771337 -1.006 396000
1694839804036 -1.006 400000
1694839840490 -1.016 404000
1694839873334 -1.008 408000
1694839906061 -1.005 412000
1694839938357 -1.003 416000
1694839971050 -1.005 420000
1694840003008 -1.003 424000
1694840035750 -1.005 428000
1694840067136 -1.005 432000
1694840099518 -1.005 436000
1694840132930 -1.005 440000
1694840170569 -1.009 444000
1694840204940 -1.002 448000
1694840237213 -1.002 452000
1694840270684 -1.009 456000
1694840302691 -1.002 460000
1694840335470 -1.003 464000
1694840366212 -1.004 468000
1694840399440 -1.009 472000
1694840430554 -1.013 476000
1694840462734 -1.0039999999999998 480000
1694840497944 -1.001 484000
1694840530066 -1.002 488000
1694840561888 -1.005 492000
1694840593970 -1.004 496000
1694840627396 -1.004 500000
1694840658561 -1.002 504000
1694840690108 -1.003 508000
1694840720646 -1.002 512000
1694840752253 -1.002 516000
1694840783528 -1.017 520000
1694840820623 -1.0039999999999998 524000
1694840855927 -1.004 528000
1694840885048 -1.002 532000
1694840912045 -1.001 536000
1694840940105 -1.002 540000
1694840966245 -1.005 544000
1694840993074 -1.003 548000
1694841019269 -1.001 552000
1694841045897 -1.001 556000
1694841073232 -1.001 560000
1694841101921 -1.003 564000
1694841128254 -1.002 568000
1694841154699 -1.007 572000
1694841181629 -1.001 576000
