1694836625299 -1.027 4000
1694836654144 -1.027 8000
1694836682274 -1.027 12000
1694836712041 -1.034 16000
1694836741740 -1.034 20000
1694836771240 -1.034 24000
1694836802152 -1.034 28000
1694836832477 -1.034 32000
1694836863351 -1.034 36000
1694836893217 -1.034 40000
1694836927243 -1.031 44000
1694836958500 -1.031 48000
1694836990833 -1.028 52000
1694837023901 -1.028 56000
1694837056172 -1.036 60000
1694837087148 -1.036 64000
1694837118712 -1.036 68000
1694837150864 -1.036 72000
1694837182583 -1.029 76000
1694837215608 -1.029 80000
1694837250434 -1.015 84000
1694837282806 -1.015 88000
1694837314598 -1.024 92000
1694837347057 -1.024 96000
1694837379163 -1.024 100000
1694837410635 -1.023 104000
1694837442752 -1.021 108000
1694837474414 -1.032 112000
1694837506223 -1.032 116000
1694837538619 -1.032 120000
1694837573396 -1.013 124000
1694837605894 -1.013 128000
1694837639862 -1.007 132000
1694837672741 -1.007 136000
1694837705130 -1.019 140000
1694837737368 -1.019 144000
1694837769272 -1.009 148000
1694837802004 -1.002 152000
1694837834052 -1.005 156000
1694837867563 -1.005 160000
1694837905502 -1.0119999999999998 164000
1694837938877 -1.0119999999999998 168000
1694837971209 -1.009 172000
1694838004815 -1.004 176000
1694838036960 -1.016 180000
1694838068118 -1.016 184000
1694838099503 -1.009 188000
1694838130873 -1.017 192000
1694838162267 -1.017 196000
1694838192927 -1.01 200000
1694838228875 -1.006 204000
1694838260168 -1.003 208000
1694838291030 -1.013 212000
1694838322947 -1.015 216000
1694838354538 -1.015 220000
1694838385958 -1.003 224000
1694838417093 -1.006 228000
1694838447916 -1.006 232000
1694838479832 -1.005 236000
1694838511749 -1.007 240000
1694838547385 -1.007 244000
1694838579874 -1.007 248000
1694838611863 -1.002 252000
1694838644007 -1.004 256000
1694838675357 -1.008 260000
1694838706654 -1.004 264000
1694838738477 -0.522 268000
1694838771303 -1.005 272000
1694838804149 -1.001 276000
1694838837576 -1.004 280000
1694838875174 -1.005 284000
1694838908206 -1.005 288000
1694838941092 -1.01 292000
1694838973674 -1.026 296000
1694839006737 -1.003 300000
1694839038481 -1.004 304000
1694839070244 -1.001 308000
1694839101640 -1.0 312000
1694839134648 -1.001 316000
1694839166681 -1.001 320000
1694839200678 -1.005 324000
1694839233170 -1.002 328000
1694839264772 -1.004 332000
1694839297135 -1.002 336000
1694839328326 -1.003 340000
1694839359628 -1.01 344000
1694839389715 -1.007 348000
1694839420695 -1.007 352000
1694839451974 -1.004 356000
1694839482962 -1.004 360000
1694839516196 -1.004 364000
1694839547883 -1.005 368000
1694839579346 -1.003 372000
1694839611591 -1.002 376000
1694839642680 -1.001 380000
1694839674309 -0.502 384000
1694839706652 -1.004 388000
1694839739413 -1.002 392000
1694839771335 -1.005 396000
1694839804035 -1.003 400000
1694839840488 -1.005 404000
1694839873333 -1.005 408000
1694839906059 -1.002 412000
1694839938356 -1.004 416000
1694839971048 -1.002 420000
1694840003007 -1.002 424000
1694840035749 -1.0 428000
1694840067135 -1.008 432000
1694840099517 -1.021 436000
1694840132928 -1.004 440000
1694840170568 -1.001 444000
1694840204939 -1.002 448000
1694840237212 -1.0 452000
1694840270682 -1.003 456000
1694840302690 -1.003 460000
1694840335469 -1.003 464000
1694840366211 -1.0 468000
1694840399439 -1.003 472000
1694840430552 -1.001 476000
1694840462732 -1.006 480000
1694840497942 -1.002 484000
1694840530065 -1.003 488000
1694840561886 -1.001 492000
1694840593968 -1.002 496000
1694840627395 -1.006 500000
1694840658560 -1.001 504000
1694840690107 -1.001 508000
1694840720645 -1.002 512000
1694840752251 -1.003 516000
1694840783527 -0.502 520000
1694840820622 -1.003 524000
1694840855926 -1.0039999999999998 528000
1694840885047 -1.0 532000
1694840912043 -1.002 536000
1694840940103 -1.001 540000
1694840966244 -1.001 544000
1694840993073 -1.0 548000
1694841019267 -1.001 552000
1694841045895 -1.001 556000
1694841073231 -1.0 560000
1694841101919 -1.002 564000
1694841128253 -1.002 568000
1694841154698 -1.001 572000
1694841181628 -1.003 576000
