1694836625397 0.21806259950002035 4000
1694836654191 0.1948875539443072 8000
1694836682331 0.167741900996158 12000
1694836712136 0.15879318118095398 16000
1694836741792 0.15593719482421875 20000
1694836771334 0.14583611488342285 24000
1694836802213 0.1385136842727661 28000
1694836832572 0.13981389999389648 32000
1694836863405 0.1423509120941162 36000
1694836893276 0.14165306091308594 40000
1694836927300 0.14245617389678955 44000
1694836958551 0.14359331130981445 48000
1694836990896 0.14196574687957764 52000
1694837023963 0.14435172080993652 56000
1694837056229 0.14758992195129395 60000
1694837087203 0.14883100986480713 64000
1694837118768 0.14987170696258545 68000
1694837150924 0.14753389358520508 72000
1694837182647 0.14041638374328613 76000
1694837215672 0.14011085033416748 80000
1694837250533 0.14649200439453125 84000
1694837282863 0.15173184871673584 88000
1694837314662 0.1510934829711914 92000
1694837347115 0.15788555145263672 96000
1694837379219 0.15583133697509766 100000
1694837410691 0.1466735601425171 104000
1694837442812 0.1398472785949707 108000
1694837474472 0.13745713233947754 112000
1694837506283 0.13929176330566406 116000
1694837538672 0.14701342582702637 120000
1694837573452 0.15009307861328125 124000
1694837605955 0.1545400619506836 128000
1694837639926 0.15977799892425537 132000
1694837672842 0.1600576639175415 136000
1694837705188 0.16652631759643555 140000
1694837737433 0.15986180305480957 144000
1694837769330 0.14513254165649414 148000
1694837802064 0.1434992551803589 152000
1694837834116 0.1434077024459839 156000
1694837867622 0.14347565174102783 160000
1694837905565 0.14408862590789795 164000
1694837938934 0.15304124355316162 168000
1694837971357 0.151139497756958 172000
1694838004867 0.15143334865570068 176000
1694838037013 0.15206551551818848 180000
1694838068191 0.14781475067138672 184000
1694838099553 0.1453862190246582 188000
1694838130953 0.18963193893432617 192000
1694838162312 0.1529325246810913 196000
1694838192979 0.135550856590271 200000
1694838228933 0.15006983280181885 204000
1694838260215 0.15525388717651367 208000
1694838291083 0.15381038188934326 212000
1694838323007 0.1481539011001587 216000
1694838354596 0.1498039960861206 220000
1694838386002 0.1372971534729004 224000
1694838417146 0.14063620567321777 228000
1694838447962 0.1386704444885254 232000
1694838479884 0.16989398002624512 236000
1694838511820 0.15596187114715576 240000
1694838547444 0.15572285652160645 244000
1694838579924 0.15234136581420898 248000
1694838611911 0.1476294994354248 252000
1694838644054 0.1475125551223755 256000
1694838675401 0.1493396759033203 260000
1694838706717 0.15688014030456543 264000
1694838738528 0.1366056203842163 268000
1694838771350 0.1478729248046875 272000
1694838804210 0.1748589277267456 276000
1694838837640 0.1553102731704712 280000
1694838875239 0.15752816200256348 284000
1694838908260 0.15780889987945557 288000
1694838941151 0.15067890149737717 292000
1694838973727 0.15490424633026123 296000
1694839006792 0.15950214862823486 300000
1694839038542 0.1527538299560547 304000
1694839070299 0.13639073745877134 308000
1694839101696 0.13202291674318567 312000
1694839134701 0.1409931182861328 316000
1694839166729 0.15877938270568848 320000
1694839200726 0.15413265312667443 324000
1694839233262 0.14368903636932373 328000
1694839264819 0.15760169965084467 332000
1694839297184 0.18700569047840362 336000
1694839328384 0.15609687374484155 340000
1694839359672 0.14223998243158514 344000
1694839389764 0.14973094320704794 348000
1694839420755 0.14110218014633447 352000
1694839452032 0.1412205230024524 356000
1694839483020 0.14683830738067627 360000
1694839516253 0.14622867971226788 364000
1694839547934 0.13813653896594869 368000
1694839579396 0.15201518515578838 372000
1694839611640 0.14546496280725452 376000
1694839642729 0.14450681560179768 380000
1694839674361 0.13997729619344076 384000
1694839706702 0.14585552289504414 388000
1694839739472 0.15381642473422416 392000
1694839771437 0.154659645162898 396000
1694839804083 0.15339602285356663 400000
1694839840553 0.15158680148590775 404000
1694839873379 0.16110374739295558 408000
1694839906117 0.1432489554087321 412000
1694839938413 0.14922299722986898 416000
1694839971110 0.1490490991364485 420000
1694840003060 0.14634037774706643 424000
1694840035806 0.1469092009818717 428000
1694840067185 0.14238607498907274 432000
1694840099568 0.15551258016515662 436000
1694840133020 0.14243222773075104 440000
1694840170623 0.1753634745531743 444000
1694840204989 0.27435402716359786 448000
1694840237264 0.19001516802557583 452000
1694840270743 0.14666790930216744 456000
1694840302735 0.14485628374161258 460000
1694840335524 0.1524295917777128 464000
1694840366263 0.14331224081399557 468000
1694840399488 0.16128982488925642 472000
1694840430640 0.1375029253405194 476000
1694840462792 0.1518401523564486 480000
1694840498001 0.14698698923185274 484000
1694840530114 0.1524047719107734 488000
1694840561937 0.13936457810578523 492000
1694840594025 0.146890740816285 496000
1694840627441 0.13862033808453483 500000
1694840658614 0.1463166405172909 504000
1694840690157 0.1395608122284348 508000
1694840720699 0.14507829045956852 512000
1694840752302 0.13204498237438417 516000
1694840783579 0.14125738345401387 520000
1694840820677 0.16749302546183267 524000
1694840855971 0.16135300012459433 528000
1694840885092 0.15886352010016894 532000
1694840912139 0.1374534765879313 536000
1694840940148 0.1833121638652707 540000
1694840966290 0.12428779602050781 544000
1694840993119 0.13390915549319723 548000
1694841019315 0.12478998729160853 552000
1694841045940 0.12803325492344544 556000
1694841073282 0.1222459982472954 560000
1694841101965 0.15801914194796948 564000
1694841128323 0.12242847414159064 568000
1694841154745 0.12480386721542458 572000
1694841181682 0.13047377794783638 576000
