1694836624999 0.21806259950002035 4000
1694836654003 0.1948875539443072 8000
1694836682112 0.167741900996158 12000
1694836711762 0.15879318118095398 16000
1694836741586 0.15593719482421875 20000
1694836770863 0.14583611488342285 24000
1694836801982 0.1385136842727661 28000
1694836832220 0.13981389999389648 32000
1694836863186 0.1423509120941162 36000
1694836893050 0.14165306091308594 40000
1694836927065 0.14245617389678955 44000
1694836958349 0.14359331130981445 48000
1694836990652 0.14196574687957764 52000
1694837023697 0.14435172080993652 56000
1694837056009 0.14758992195129395 60000
1694837086984 0.14883100986480713 64000
1694837118523 0.14987170696258545 68000
1694837150698 0.14753389358520508 72000
1694837182417 0.14041638374328613 76000
1694837215419 0.14011085033416748 80000
1694837250141 0.14649200439453125 84000
1694837282617 0.15173184871673584 88000
1694837314426 0.1510934829711914 92000
1694837346870 0.15788555145263672 96000
1694837378967 0.15583133697509766 100000
1694837410461 0.1466735601425171 104000
1694837442571 0.1398472785949707 108000
1694837474226 0.13745713233947754 112000
1694837506056 0.13929176330566406 116000
1694837538456 0.14701342582702637 120000
1694837573215 0.15009307861328125 124000
1694837605718 0.1545400619506836 128000
1694837639665 0.15977799892425537 132000
1694837672445 0.1600576639175415 136000
1694837704954 0.16652631759643555 140000
1694837737177 0.15986180305480957 144000
1694837769090 0.14513254165649414 148000
1694837801823 0.1434992551803589 152000
1694837833869 0.1434077024459839 156000
1694837867392 0.14347565174102783 160000
1694837905328 0.14408862590789795 164000
1694837938715 0.15304124355316162 168000
1694837970948 0.151139497756958 172000
1694838004660 0.15143334865570068 176000
1694838036803 0.15206551551818848 180000
1694838067980 0.14781475067138672 184000
1694838099352 0.1453862190246582 188000
1694838130714 0.18963193893432617 192000
1694838162130 0.1529325246810913 196000
1694838192784 0.135550856590271 200000
1694838228712 0.15006983280181885 204000
1694838260030 0.15525388717651367 208000
1694838290832 0.15381038188934326 212000
1694838322786 0.1481539011001587 216000
1694838354386 0.1498039960861206 220000
1694838385820 0.1372971534729004 224000
1694838416940 0.14063620567321777 228000
1694838447764 0.1386704444885254 232000
1694838479690 0.16989398002624512 236000
1694838511477 0.15596187114715576 240000
1694838547218 0.15572285652160645 244000
1694838579721 0.15234136581420898 248000
1694838611726 0.1476294994354248 252000
1694838643867 0.1475125551223755 256000
1694838675214 0.1493396759033203 260000
1694838706493 0.15688014030456543 264000
1694838738346 0.1366056203842163 268000
1694838771157 0.1478729248046875 272000
1694838803986 0.1748589277267456 276000
1694838837380 0.1553102731704712 280000
1694838874989 0.15752816200256348 284000
1694838907991 0.15780889987945557 288000
1694838940945 0.15067890149737717 292000
1694838973526 0.15490424633026123 296000
1694839006590 0.15950214862823486 300000
1694839038320 0.1527538299560547 304000
1694839070099 0.13639073745877134 308000
1694839101491 0.13202291674318567 312000
1694839134505 0.1409931182861328 316000
1694839166543 0.15877938270568848 320000
1694839200531 0.15413265312667443 324000
1694839232834 0.14368903636932373 328000
1694839264624 0.15760169965084467 332000
1694839296992 0.18700569047840362 336000
1694839328170 0.15609687374484155 340000
1694839359495 0.14223998243158514 344000
1694839389569 0.14973094320704794 348000
1694839420538 0.14110218014633447 352000
1694839451826 0.1412205230024524 356000
1694839482803 0.14683830738067627 360000
1694839516049 0.14622867971226788 364000
1694839547746 0.13813653896594869 368000
1694839579204 0.15201518515578838 372000
1694839611452 0.14546496280725452 376000
1694839642541 0.14450681560179768 380000
1694839674159 0.13997729619344076 384000
1694839706508 0.14585552289504414 388000
1694839739263 0.15381642473422416 392000
1694839771074 0.154659645162898 396000
1694839803882 0.15339602285356663 400000
1694839840323 0.15158680148590775 404000
1694839873203 0.16110374739295558 408000
1694839905908 0.1432489554087321 412000
1694839938185 0.14922299722986898 416000
1694839970901 0.1490490991364485 420000
1694840002863 0.14634037774706643 424000
1694840035594 0.1469092009818717 428000
1694840066983 0.14238607498907274 432000
1694840099364 0.15551258016515662 436000
1694840132640 0.14243222773075104 440000
1694840170397 0.1753634745531743 444000
1694840204794 0.27435402716359786 448000
1694840237062 0.19001516802557583 452000
1694840270517 0.14666790930216744 456000
1694840302545 0.14485628374161258 460000
1694840335317 0.1524295917777128 464000
1694840366068 0.14331224081399557 468000
1694840399297 0.16128982488925642 472000
1694840430296 0.1375029253405194 476000
1694840462567 0.1518401523564486 480000
1694840497780 0.14698698923185274 484000
1694840529892 0.1524047719107734 488000
1694840561741 0.13936457810578523 492000
1694840593787 0.146890740816285 496000
1694840627252 0.13862033808453483 500000
1694840658413 0.1463166405172909 504000
1694840689966 0.1395608122284348 508000
1694840720501 0.14507829045956852 512000
1694840752115 0.13204498237438417 516000
1694840783379 0.14125738345401387 520000
1694840820452 0.16749302546183267 524000
1694840855770 0.16135300012459433 528000
1694840884910 0.15886352010016894 532000
1694840911759 0.1374534765879313 536000
1694840939957 0.1833121638652707 540000
1694840966092 0.12428779602050781 544000
1694840992943 0.13390915549319723 548000
1694841019124 0.12478998729160853 552000
1694841045755 0.12803325492344544 556000
1694841073080 0.1222459982472954 560000
1694841101774 0.15801914194796948 564000
1694841128080 0.12242847414159064 568000
1694841154560 0.12480386721542458 572000
1694841181392 0.13047377794783638 576000
