1694836625001 0.011464953422546387 4000
1694836654005 0.010682905421537511 8000
1694836682114 0.009773070352119311 12000
1694836711764 0.009447634220123291 16000
1694836741588 0.009392380714416504 20000
1694836770865 0.008916258811950684 24000
1694836801983 0.008895397186279297 28000
1694836832222 0.008996963500976562 32000
1694836863189 0.009084343910217285 36000
1694836893051 0.008954167366027832 40000
1694836927066 0.009130001068115234 44000
1694836958351 0.009255647659301758 48000
1694836990653 0.009257912635803223 52000
1694837023698 0.00979304313659668 56000
1694837056010 0.00982511043548584 60000
1694837086986 0.009674429893493652 64000
1694837118525 0.009718537330627441 68000
1694837150701 0.009554743766784668 72000
1694837182419 0.009447336196899414 76000
1694837215422 0.00928354263305664 80000
1694837250143 0.009437918663024902 84000
1694837282619 0.00966334342956543 88000
1694837314427 0.00956869125366211 92000
1694837346873 0.00965738296508789 96000
1694837378968 0.009440183639526367 100000
1694837410462 0.009326934814453125 104000
1694837442572 0.009061217308044434 108000
1694837474229 0.009025096893310547 112000
1694837506058 0.010303139686584473 116000
1694837538459 0.010537028312683105 120000
1694837573216 0.009540796279907227 124000
1694837605719 0.009935498237609863 128000
1694837639666 0.009970545768737793 132000
1694837672446 0.01004183292388916 136000
1694837704956 0.009828329086303711 140000
1694837737179 0.00975179672241211 144000
1694837769092 0.009609222412109375 148000
1694837801824 0.009418964385986328 152000
1694837833871 0.009309768676757812 156000
1694837867394 0.00932919979095459 160000
1694837905329 0.011092543601989746 164000
1694837938716 0.011531949043273926 168000
1694837970950 0.009685397148132324 172000
1694838004661 0.01046764850616455 176000
1694838036804 0.010534405708312988 180000
1694838067981 0.00948953628540039 184000
1694838099353 0.009137749671936035 188000
1694838130715 0.008870482444763184 192000
1694838162131 0.008796215057373047 196000
1694838192786 0.008799433708190918 200000
1694838228714 0.009445905685424805 204000
1694838260031 0.009766101837158203 208000
1694838290834 0.00927591323852539 212000
1694838322787 0.009220480918884277 216000
1694838354387 0.00914764404296875 220000
1694838385821 0.009039759635925293 224000
1694838416941 0.009109139442443848 228000
1694838447766 0.009273171424865723 232000
1694838479692 0.010178208351135254 236000
1694838511494 0.01022493839263916 240000
1694838547220 0.010084986686706543 244000
1694838579722 0.009992837905883789 248000
1694838611729 0.009302973747253418 252000
1694838643869 0.009897112846374512 256000
1694838675215 0.009581685066223145 260000
1694838706494 0.00939476490020752 264000
1694838738347 0.00888371467590332 268000
1694838771160 0.009518265724182129 272000
1694838803988 0.00946652889251709 276000
1694838837382 0.010014653205871582 280000
1694838874990 0.010010719299316406 284000
1694838907992 0.010367989540100098 288000
1694838940947 0.009844499990480756 292000
1694838973527 0.01059412956237793 296000
1694839006591 0.010583281517028809 300000
1694839038322 0.009637832641601562 304000
1694839070100 0.009872048508887198 308000
1694839101493 0.008815052235021001 312000
1694839134506 0.009250283241271973 316000
1694839166544 0.009818553924560547 320000
1694839200533 0.009985729656388274 324000
1694839232836 0.009388089179992676 328000
1694839264626 0.010036419485216943 332000
1694839296993 0.010286996123987601 336000
1694839328172 0.009337259877112604 340000
1694839359496 0.009549964557994495 344000
1694839389572 0.009162711282061715 348000
1694839420541 0.00938281678316886 352000
1694839451829 0.009603787185554217 356000
1694839482804 0.009438157081604004 360000
1694839516051 0.009724540986876556 364000
1694839547748 0.009330593306442788 368000
1694839579205 0.009523219421130269 372000
1694839611453 0.010868604632391445 376000
1694839642543 0.01007686643039479 380000
1694839674160 0.009266535441080729 384000
1694839706509 0.009359407794567965 388000
1694839739264 0.009852405486068106 392000
1694839771075 0.009483570675198123 396000
1694839803883 0.010233227886370759 400000
1694839840327 0.010422118624350182 404000
1694839873205 0.010764520419271369 408000
1694839905909 0.009464104970296225 412000
1694839938187 0.00980529259508989 416000
1694839970902 0.011071319100241991 420000
1694840002864 0.009900804549928695 424000
1694840035595 0.009640520566130338 428000
1694840066984 0.009326108040348176 432000
1694840099366 0.010258356730143229 436000
1694840132642 0.00969327986240387 440000
1694840170400 0.010784427718360825 444000
1694840204796 0.01049570498927947 448000
1694840237063 0.01021048118328226 452000
1694840270518 0.009439855613964517 456000
1694840302546 0.009501672560168851 460000
1694840335318 0.009678962618805641 464000
1694840366070 0.00946980256300706 468000
1694840399299 0.009885201087364784 472000
1694840430297 0.009312278540559518 476000
1694840462568 0.009836206500162214 480000
1694840497784 0.010005529824789468 484000
1694840529894 0.009885016414854262 488000
1694840561742 0.008932131308096426 492000
1694840593790 0.009712556592461204 496000
1694840627253 0.009159419847571331 500000
1694840658414 0.009348743102129768 504000
1694840689967 0.009098729571780644 508000
1694840720503 0.04051404496643441 512000
1694840752117 0.008748823337340624 516000
1694840783381 0.009538841919160225 520000
1694840820454 0.010575579874443285 524000
1694840855771 0.009851437762267608 528000
1694840884911 0.010149409301089544 532000
1694840911760 0.008411407470703125 536000
1694840939959 0.010224511800718702 540000
1694840966093 0.008445072174072265 544000
1694840992944 0.008602181206578794 548000
1694841019125 0.008135330602989434 552000
1694841045756 0.008314580060123058 556000
1694841073081 0.0083514984617842 560000
1694841101775 0.00925850360951525 564000
1694841128081 0.008115483753716768 568000
1694841154561 0.00827740999608258 572000
1694841181396 0.011034280259088175 576000
