1694832173206 479.5 4000
1694832210031 479.5 8000
1694832246629 479.5 12000
1694832283254 479.5 16000
1694832317548 479.5 20000
1694832349053 479.5 24000
1694832378901 479.5 28000
1694832409004 479.5 32000
1694832440748 479.5 36000
1694832472152 479.5 40000
1694832507755 479.5 44000
1694832536698 479.5 48000
1694832564375 479.5 52000
1694832596764 479.5 56000
1694832626001 479.5 60000
1694832655241 479.5 64000
1694832683724 479.5 68000
1694832713345 479.5 72000
1694832742249 479.5 76000
1694832770640 479.5 80000
1694832800110 479.5 84000
1694832829612 479.5 88000
1694832858560 479.5 92000
1694832888186 479.5 96000
1694832916717 479.5 100000
1694832946488 479.5 104000
1694832974614 479.5 108000
1694833003704 479.5 112000
1694833032560 479.5 116000
1694833062166 479.5 120000
1694833092233 479.5 124000
1694833121814 479.5 128000
1694833150773 479.5 132000
1694833180678 479.5 136000
1694833209586 479.5 140000
1694833239385 479.5 144000
1694833268103 479.5 148000
1694833296974 479.5 152000
1694833326032 479.5 156000
1694833355713 479.5 160000
1694833389576 479.5 164000
1694833420522 479.5 168000
1694833449898 479.5 172000
1694833480707 479.5 176000
1694833509785 479.5 180000
1694833538431 479.5 184000
1694833568550 479.5 188000
1694833603643 479.5 192000
1694833633100 479.5 196000
1694833663279 479.5 200000
1694833692741 479.5 204000
1694833718903 479.5 208000
1694833743590 479.5 212000
1694833768195 479.5 216000
1694833793138 479.5 220000
1694833817147 479.5 224000
1694833841907 479.5 228000
1694833866113 479.5 232000
1694833891025 479.5 236000
1694833914971 479.5 240000
1694833940096 479.5 244000
1694833964858 479.5 248000
1694833989041 479.5 252000
1694834014060 479.5 256000
1694834038285 479.5 260000
1694834062277 479.5 264000
1694834086867 479.5 268000
1694834111179 479.5 272000
1694834135840 479.5 276000
1694834160231 479.5 280000
1694834186847 479.5 284000
1694834219564 479.5 288000
1694834253534 479.5 292000
1694834285707 479.5 296000
1694834318202 479.5 300000
1694834347625 479.5 304000
1694834377053 479.5 308000
1694834412729 479.5 312000
1694834450881 479.5 316000
1694834485860 479.5 320000
1694834524874 479.5 324000
1694834560568 479.5 328000
1694834603560 479.5 332000
1694834644239 479.5 336000
1694834689467 479.5 340000
1694834723572 479.5 344000
