1694832173204 480.5 4000
1694832210029 1440.5 8000
1694832246627 2400.5 12000
1694832283253 3360.5 16000
1694832317547 4320.5 20000
1694832349052 5280.5 24000
1694832378900 6240.5 28000
1694832409003 7200.5 32000
1694832440747 8160.5 36000
1694832472151 9120.5 40000
1694832507754 10080.5 44000
1694832536697 11040.5 48000
1694832564373 12000.5 52000
1694832596763 12960.5 56000
1694832626000 13920.5 60000
1694832655240 14880.5 64000
1694832683722 15840.5 68000
1694832713342 16800.5 72000
1694832742248 17760.5 76000
1694832770639 18720.5 80000
1694832800109 19680.5 84000
1694832829611 20640.5 88000
1694832858559 21600.5 92000
1694832888183 22560.5 96000
1694832916716 23520.5 100000
1694832946487 24480.5 104000
1694832974613 25440.5 108000
1694833003702 26400.5 112000
1694833032558 27360.5 116000
1694833062165 28320.5 120000
1694833092232 29280.5 124000
1694833121813 30240.5 128000
1694833150772 31200.5 132000
1694833180677 32160.5 136000
1694833209585 33120.5 140000
1694833239384 34080.5 144000
1694833268101 35040.5 148000
1694833296973 36000.5 152000
1694833326031 36960.5 156000
1694833355711 37920.5 160000
1694833389574 38880.5 164000
1694833420521 39840.5 168000
1694833449897 40800.5 172000
1694833480705 41760.5 176000
1694833509784 42720.5 180000
1694833538430 43680.5 184000
1694833568547 44640.5 188000
1694833603641 45600.5 192000
1694833633099 46560.5 196000
1694833663278 47520.5 200000
1694833692739 48480.5 204000
1694833718901 49440.5 208000
1694833743589 50400.5 212000
1694833768194 51360.5 216000
1694833793136 52320.5 220000
1694833817145 53280.5 224000
1694833841906 54240.5 228000
1694833866111 55200.5 232000
1694833891024 56160.5 236000
1694833914970 57120.5 240000
1694833940095 58080.5 244000
1694833964856 59040.5 248000
1694833989040 60000.5 252000
1694834014059 60960.5 256000
1694834038283 61920.5 260000
1694834062276 62880.5 264000
1694834086866 63840.5 268000
1694834111177 64800.5 272000
1694834135837 65760.5 276000
1694834160229 66720.5 280000
1694834186846 67680.5 284000
1694834219562 68640.5 288000
1694834253532 69600.5 292000
1694834285706 70560.5 296000
1694834318201 71520.5 300000
1694834347623 72480.5 304000
1694834377051 73440.5 308000
1694834412727 74400.5 312000
1694834450879 75360.5 316000
1694834485859 76320.5 320000
1694834524873 77280.5 324000
1694834560566 78240.5 328000
1694834603558 79200.5 332000
1694834644236 80160.5 336000
1694834689465 81120.5 340000
1694834723571 82080.5 344000
