1694836624903 0.0 4000
1694836653954 0.0 8000
1694836682050 0.0 12000
1694836711691 0.025 16000
1694836741530 0.02 20000
1694836770790 0.02 24000
1694836801925 0.02 28000
1694836832131 0.01 32000
1694836863129 0.0 36000
1694836892998 0.0 40000
1694836927008 0.01 44000
1694836958300 0.03 48000
1694836990563 0.03 52000
1694837023634 0.02 56000
1694837055953 0.02 60000
1694837086931 0.02 64000
1694837118462 0.02 68000
1694837150640 0.03 72000
1694837182360 0.04 76000
1694837215359 0.05 80000
1694837250050 0.07 84000
1694837282560 0.05 88000
1694837314370 0.05 92000
1694837346812 0.04 96000
1694837378910 0.05 100000
1694837410402 0.05 104000
1694837442514 0.04 108000
1694837474158 0.05 112000
1694837505995 0.07 116000
1694837538395 0.08 120000
1694837573151 0.06 124000
1694837605665 0.08 128000
1694837639597 0.11 132000
1694837672349 0.13 136000
1694837704896 0.1 140000
1694837737115 0.1 144000
1694837769032 0.09 148000
1694837801764 0.1 152000
1694837833807 0.11 156000
1694837867334 0.12 160000
1694837905264 0.16 164000
1694837938662 0.15 168000
1694837970862 0.13 172000
1694838004606 0.08 176000
1694838036759 0.12 180000
1694838067933 0.13 184000
1694838099306 0.06 188000
1694838130662 0.13 192000
1694838162076 0.14 196000
1694838192736 0.12 200000
1694838228657 0.13 204000
1694838259978 0.13 208000
1694838290785 0.15 212000
1694838322730 0.14 216000
1694838354334 0.09 220000
1694838385769 0.16 224000
1694838416887 0.16 228000
1694838447716 0.11 232000
1694838479637 0.16 236000
1694838511412 0.12 240000
1694838547164 0.14 244000
1694838579669 0.16 248000
1694838611682 0.22 252000
1694838643815 0.14 256000
1694838675170 0.19 260000
1694838706442 0.11 264000
1694838738296 0.15 268000
1694838771096 0.14 272000
1694838803929 0.12 276000
1694838837325 0.11 280000
1694838874929 0.14 284000
1694838907940 0.14 288000
1694838940894 0.14678899082568808 292000
1694838973475 0.18 296000
1694839006537 0.13 300000
1694839038270 0.11 304000
1694839070043 0.12745098039215685 308000
1694839101441 0.13274336283185842 312000
1694839134452 0.19 316000
1694839166494 0.22 320000
1694839200474 0.12389380530973451 324000
1694839232733 0.14 328000
1694839264575 0.14953271028037382 332000
1694839296939 0.11926605504587157 336000
1694839328098 0.12903225806451613 340000
1694839359450 0.09090909090909091 344000
1694839389523 0.17094017094017094 348000
1694839420495 0.14912280701754385 352000
1694839451776 0.11278195488721804 356000
1694839482755 0.11 360000
1694839515996 0.10869565217391304 364000
1694839547694 0.16379310344827586 368000
1694839579153 0.18487394957983194 372000
1694839611404 0.17391304347826086 376000
1694839642491 0.14705882352941177 380000
1694839674108 0.15333333333333332 384000
1694839706455 0.10852713178294573 388000
1694839739208 0.25203252032520324 392000
1694839770990 0.16546762589928057 396000
1694839803833 0.15671641791044777 400000
1694839840263 0.11278195488721804 404000
1694839873155 0.13815789473684212 408000
1694839905855 0.16 412000
1694839938133 0.14960629921259844 416000
1694839970849 0.1320754716981132 420000
1694840002814 0.16666666666666666 424000
1694840035543 0.136986301369863 428000
1694840066936 0.1532258064516129 432000
1694840099316 0.17777777777777778 436000
1694840132552 0.1375 440000
1694840170344 0.1188118811881188 444000
1694840204744 0.18548387096774194 448000
1694840237012 0.13793103448275862 452000
1694840270464 0.12751677852348994 456000
1694840302494 0.12903225806451613 460000
1694840335263 0.10465116279069768 464000
1694840366017 0.11888111888111888 468000
1694840399245 0.11538461538461539 472000
1694840430226 0.14728682170542637 476000
1694840462514 0.10067114093959731 480000
1694840497723 0.18181818181818182 484000
1694840529842 0.1736111111111111 488000
1694840561693 0.14074074074074075 492000
1694840593726 0.11564625850340136 496000
1694840627200 0.17391304347826086 500000
1694840658362 0.18235294117647058 504000
1694840689915 0.1891891891891892 508000
1694840720454 0.147239263803681 512000
1694840752070 0.21348314606741572 516000
1694840783327 0.13380281690140844 520000
1694840820399 0.22727272727272727 524000
1694840855720 0.24060150375939848 528000
1694840884862 0.30656934306569344 532000
1694840911693 0.22777777777777777 536000
1694840939907 0.2066115702479339 540000
1694840966050 0.208 544000
1694840992903 0.24456521739130435 548000
1694841019074 0.22981366459627328 552000
1694841045709 0.25280898876404495 556000
1694841073026 0.28368794326241137 560000
1694841101724 0.21808510638297873 564000
1694841128026 0.2537313432835821 568000
1694841154518 0.26143790849673204 572000
1694841181313 0.26490066225165565 576000
