1694836624906 0.0 4000
1694836653956 0.0 8000
1694836682051 0.0 12000
1694836711692 0.0 16000
1694836741531 0.0 20000
1694836770792 0.0 24000
1694836801926 0.0 28000
1694836832132 0.0 32000
1694836863130 0.0 36000
1694836893000 0.0 40000
1694836927009 0.0 44000
1694836958302 0.0 48000
1694836990569 0.0 52000
1694837023636 0.0 56000
1694837055954 0.0 60000
1694837086932 0.0 64000
1694837118464 0.0 68000
1694837150643 0.0 72000
1694837182361 0.0 76000
1694837215360 0.0 80000
1694837250068 0.0 84000
1694837282561 0.0 88000
1694837314372 0.0 92000
1694837346813 0.0 96000
1694837378911 0.0 100000
1694837410405 0.0 104000
1694837442515 0.0 108000
1694837474160 0.0 112000
1694837505996 0.0 116000
1694837538396 0.0 120000
1694837573153 0.0 124000
1694837605666 0.0 128000
1694837639599 0.0 132000
1694837672351 0.0 136000
1694837704897 0.0 140000
1694837737116 0.0 144000
1694837769033 0.0 148000
1694837801767 0.0 152000
1694837833809 0.0 156000
1694837867335 0.0 160000
1694837905267 0.0 164000
1694837938664 0.0 168000
1694837970863 0.0 172000
1694838004607 0.0 176000
1694838036761 0.0 180000
1694838067934 0.0 184000
1694838099307 0.0 188000
1694838130664 0.0 192000
1694838162077 0.0 196000
1694838192737 0.0 200000
1694838228659 0.0 204000
1694838259979 0.0 208000
1694838290786 0.0 212000
1694838322732 0.0 216000
1694838354335 0.0 220000
1694838385770 0.0 224000
1694838416888 0.0 228000
1694838447717 0.0 232000
1694838479638 0.0 236000
1694838511413 0.0 240000
1694838547166 0.0 244000
1694838579670 0.0 248000
1694838611683 0.0 252000
1694838643817 0.0 256000
1694838675172 0.0 260000
1694838706443 0.0 264000
1694838738297 0.0 268000
1694838771097 0.0 272000
1694838803930 0.0 276000
1694838837327 0.0 280000
1694838874930 0.0 284000
1694838907941 0.0 288000
1694838940895 0.0 292000
1694838973476 0.0 296000
1694839006538 0.0 300000
1694839038272 0.0 304000
1694839070044 0.0 308000
1694839101442 0.0 312000
1694839134453 0.0 316000
1694839166495 0.0 320000
1694839200476 0.0 324000
1694839232735 0.0 328000
1694839264577 0.0 332000
1694839296940 0.0 336000
1694839328099 0.0 340000
1694839359451 0.0 344000
1694839389524 0.0 348000
1694839420496 0.0 352000
1694839451777 0.0 356000
1694839482757 0.0 360000
1694839515997 0.0 364000
1694839547695 0.0 368000
1694839579155 0.0 372000
1694839611405 0.0 376000
1694839642492 0.0 380000
1694839674109 0.0 384000
1694839706456 0.0 388000
1694839739209 0.0 392000
1694839770991 0.0 396000
1694839803834 0.0 400000
1694839840265 0.0 404000
1694839873156 0.0 408000
1694839905856 0.0 412000
1694839938134 0.0 416000
1694839970851 0.0 420000
1694840002815 0.0 424000
1694840035545 0.0 428000
1694840066937 0.0 432000
1694840099317 0.0 436000
1694840132570 0.0 440000
1694840170345 0.0 444000
1694840204745 0.0 448000
1694840237013 0.0 452000
1694840270465 0.0 456000
1694840302495 0.0 460000
1694840335264 0.0 464000
1694840366018 0.0 468000
1694840399247 0.0 472000
1694840430228 0.0 476000
1694840462515 0.0 480000
1694840497724 0.0 484000
1694840529844 0.0 488000
1694840561694 0.0 492000
1694840593728 0.0 496000
1694840627202 0.0 500000
1694840658364 0.0 504000
1694840689916 0.0 508000
1694840720455 0.0 512000
1694840752071 0.0 516000
1694840783328 0.0 520000
1694840820400 0.0 524000
1694840855722 0.0 528000
1694840884863 0.0 532000
1694840911695 0.0 536000
1694840939908 0.0 540000
1694840966051 0.0 544000
1694840992905 0.0 548000
1694841019075 0.0 552000
1694841045710 0.0 556000
1694841073028 0.0 560000
1694841101726 0.0 564000
1694841128027 0.0 568000
1694841154519 0.0 572000
1694841181315 0.0 576000
