1694836624909 0.0 4000
1694836653958 0.0 8000
1694836682053 0.0 12000
1694836711694 1.0 16000
1694836741532 1.0 20000
1694836770793 1.0 24000
1694836801927 1.0 28000
1694836832134 1.0 32000
1694836863132 0.0 36000
1694836893001 0.0 40000
1694836927010 1.0 44000
1694836958303 1.0 48000
1694836990572 1.0 52000
1694837023639 1.0 56000
1694837055955 1.0 60000
1694837086934 1.0 64000
1694837118465 1.0 68000
1694837150645 1.0 72000
1694837182363 1.0 76000
1694837215362 1.0 80000
1694837250070 1.0 84000
1694837282562 1.0 88000
1694837314375 1.0 92000
1694837346814 1.0 96000
1694837378912 1.0 100000
1694837410406 1.0 104000
1694837442517 1.0 108000
1694837474161 1.0 112000
1694837505998 1.0 116000
1694837538398 1.0 120000
1694837573156 1.0 124000
1694837605667 1.0 128000
1694837639601 1.0 132000
1694837672354 1.0 136000
1694837704899 1.0 140000
1694837737118 1.0 144000
1694837769034 1.0 148000
1694837801768 1.0 152000
1694837833811 1.0 156000
1694837867338 1.0 160000
1694837905269 1.0 164000
1694837938666 1.0 168000
1694837970865 1.0 172000
1694838004609 1.0 176000
1694838036762 1.0 180000
1694838067935 1.0 184000
1694838099308 1.0 188000
1694838130665 1.0 192000
1694838162078 1.0 196000
1694838192738 1.0 200000
1694838228660 1.0 204000
1694838259981 1.0 208000
1694838290788 1.0 212000
1694838322733 1.0 216000
1694838354336 1.0 220000
1694838385772 1.0 224000
1694838416889 1.0 228000
1694838447719 1.0 232000
1694838479639 1.0 236000
1694838511414 1.0 240000
1694838547167 1.0 244000
1694838579672 1.0 248000
1694838611685 1.0 252000
1694838643818 1.0 256000
1694838675174 1.0 260000
1694838706445 1.0 264000
1694838738299 1.0 268000
1694838771098 1.0 272000
1694838803932 1.0 276000
1694838837328 1.0 280000
1694838874932 1.0 284000
1694838907942 1.0 288000
1694838940897 1.0 292000
1694838973477 1.0 296000
1694839006539 1.0 300000
1694839038273 1.0 304000
1694839070045 1.0 308000
1694839101443 1.0 312000
1694839134454 1.0 316000
1694839166496 1.0 320000
1694839200478 1.0 324000
1694839232737 1.0 328000
1694839264578 1.0 332000
1694839296942 1.0 336000
1694839328100 1.0 340000
1694839359453 1.0 344000
1694839389526 1.0 348000
1694839420498 1.0 352000
1694839451779 1.0 356000
1694839482758 1.0 360000
1694839515998 1.0 364000
1694839547696 1.0 368000
1694839579156 1.0 372000
1694839611406 1.0 376000
1694839642493 1.0 380000
1694839674110 1.0 384000
1694839706457 1.0 388000
1694839739210 1.0 392000
1694839770993 1.0 396000
1694839803835 1.0 400000
1694839840267 1.0 404000
1694839873158 1.0 408000
1694839905857 1.0 412000
1694839938136 1.0 416000
1694839970852 1.0 420000
1694840002816 1.0 424000
1694840035546 1.0 428000
1694840066939 1.0 432000
1694840099318 1.0 436000
1694840132572 1.0 440000
1694840170347 1.0 444000
1694840204747 1.0 448000
1694840237014 1.0 452000
1694840270466 1.0 456000
1694840302497 1.0 460000
1694840335266 1.0 464000
1694840366019 1.0 468000
1694840399248 1.0 472000
1694840430229 1.0 476000
1694840462516 1.0 480000
1694840497726 1.0 484000
1694840529845 1.0 488000
1694840561695 1.0 492000
1694840593730 1.0 496000
1694840627203 1.0 500000
1694840658365 1.0 504000
1694840689917 1.0 508000
1694840720456 1.0 512000
1694840752072 1.0 516000
1694840783330 1.0 520000
1694840820402 1.0 524000
1694840855723 1.0 528000
1694840884864 1.0 532000
1694840911697 1.0 536000
1694840939910 1.0 540000
1694840966053 1.0 544000
1694840992906 1.0 548000
1694841019076 1.0 552000
1694841045712 1.0 556000
1694841073029 1.0 560000
1694841101727 1.0 564000
1694841128028 1.0 568000
1694841154520 1.0 572000
1694841181317 1.0 576000
