1694836624912 0.5 4000
1694836653961 0.47058823529411764 8000
1694836682056 0.43859649122807015 12000
1694836711695 0.375 16000
1694836741534 0.38 20000
1694836770794 0.33 24000
1694836801928 0.28 28000
1694836832135 0.28 32000
1694836863134 0.29 36000
1694836893002 0.3 40000
1694836927012 0.32 44000
1694836958304 0.36 48000
1694836990575 0.35 52000
1694837023641 0.33 56000
1694837055956 0.33 60000
1694837086935 0.27 64000
1694837118467 0.29 68000
1694837150648 0.3 72000
1694837182364 0.24 76000
1694837215363 0.24 80000
1694837250072 0.22 84000
1694837282564 0.23 88000
1694837314377 0.25 92000
1694837346816 0.25 96000
1694837378914 0.3 100000
1694837410408 0.26 104000
1694837442518 0.2 108000
1694837474163 0.18 112000
1694837506001 0.2 116000
1694837538400 0.19 120000
1694837573159 0.18 124000
1694837605668 0.16 128000
1694837639604 0.1 132000
1694837672356 0.14 136000
1694837704900 0.17 140000
1694837737120 0.13 144000
1694837769036 0.11 148000
1694837801770 0.09 152000
1694837833814 0.1 156000
1694837867340 0.13 160000
1694837905271 0.1 164000
1694837938668 0.09 168000
1694837970866 0.1 172000
1694838004610 0.16 176000
1694838036763 0.19 180000
1694838067936 0.14 184000
1694838099310 0.18 188000
1694838130666 0.14 192000
1694838162079 0.14 196000
1694838192739 0.17 200000
1694838228662 0.18 204000
1694838259982 0.15 208000
1694838290789 0.16 212000
1694838322734 0.15 216000
1694838354337 0.13 220000
1694838385773 0.13 224000
1694838416890 0.14 228000
1694838447720 0.18 232000
1694838479641 0.16 236000
1694838511416 0.08 240000
1694838547169 0.15 244000
1694838579673 0.14 248000
1694838611686 0.12 252000
1694838643820 0.25 256000
1694838675175 0.13 260000
1694838706446 0.16 264000
1694838738301 0.09 268000
1694838771100 0.16 272000
1694838803933 0.16 276000
1694838837330 0.08 280000
1694838874933 0.1 284000
1694838907944 0.13 288000
1694838940898 0.1834862385321101 292000
1694838973478 0.13 296000
1694839006540 0.1 300000
1694839038274 0.08 304000
1694839070046 0.14705882352941177 308000
1694839101444 0.08849557522123894 312000
1694839134456 0.15 316000
1694839166497 0.06 320000
1694839200480 0.17699115044247787 324000
1694839232738 0.12 328000
1694839264580 0.102803738317757 332000
1694839296943 0.10091743119266056 336000
1694839328102 0.10483870967741936 340000
1694839359454 0.12727272727272726 344000
1694839389527 0.11965811965811966 348000
1694839420499 0.09649122807017543 352000
1694839451780 0.09022556390977443 356000
1694839482759 0.16 360000
1694839516000 0.10144927536231885 364000
1694839547697 0.10344827586206896 368000
1694839579157 0.07563025210084033 372000
1694839611408 0.10869565217391304 376000
1694839642494 0.14705882352941177 380000
1694839674111 0.07333333333333333 384000
1694839706459 0.11627906976744186 388000
1694839739212 0.0975609756097561 392000
1694839770994 0.11510791366906475 396000
1694839803837 0.11194029850746269 400000
1694839840269 0.11278195488721804 404000
1694839873159 0.07894736842105263 408000
1694839905859 0.09333333333333334 412000
1694839938137 0.08661417322834646 416000
1694839970853 0.1069182389937107 420000
1694840002817 0.0873015873015873 424000
1694840035548 0.0273972602739726 428000
1694840066940 0.08064516129032258 432000
1694840099320 0.07407407407407407 436000
1694840132574 0.09375 440000
1694840170348 0.09900990099009901 444000
1694840204748 0.0967741935483871 448000
1694840237015 0.06206896551724138 452000
1694840270467 0.09395973154362416 456000
1694840302498 0.09032258064516129 460000
1694840335267 0.09883720930232558 464000
1694840366020 0.06993006993006994 468000
1694840399250 0.057692307692307696 472000
1694840430231 0.10852713178294573 476000
1694840462517 0.08053691275167785 480000
1694840497728 0.08441558441558442 484000
1694840529847 0.041666666666666664 488000
1694840561697 0.05185185185185185 492000
1694840593733 0.10884353741496598 496000
1694840627204 0.07453416149068323 500000
1694840658366 0.047058823529411764 504000
1694840689918 0.05405405405405406 508000
1694840720457 0.04294478527607362 512000
1694840752073 0.056179775280898875 516000
1694840783332 0.04225352112676056 520000
1694840820404 0.07575757575757576 524000
1694840855724 0.03759398496240601 528000
1694840884865 0.043795620437956206 532000
1694840911698 0.044444444444444446 536000
1694840939911 0.04132231404958678 540000
1694840966054 0.072 544000
1694840992907 0.02717391304347826 548000
1694841019077 0.062111801242236024 552000
1694841045713 0.06179775280898876 556000
1694841073030 0.02127659574468085 560000
1694841101728 0.031914893617021274 564000
1694841128029 0.029850746268656716 568000
1694841154521 0.013071895424836602 572000
1694841181320 0.026490066225165563 576000
