1694836624941 1.0 4000
1694836653972 1.0 8000
1694836682071 1.0 12000
1694836711708 1.0 16000
1694836741552 1.0 20000
1694836770806 1.0 24000
1694836801940 1.0 28000
1694836832151 1.0 32000
1694836863149 1.0 36000
1694836893013 1.0 40000
1694836927031 1.0 44000
1694836958315 1.0 48000
1694836990608 1.0 52000
1694837023655 1.0 56000
1694837055969 1.0 60000
1694837086951 1.0 64000
1694837118484 1.0 68000
1694837150659 1.0 72000
1694837182381 1.0 76000
1694837215379 1.0 80000
1694837250085 1.0 84000
1694837282579 1.0 88000
1694837314392 1.0 92000
1694837346833 1.0 96000
1694837378926 1.0 100000
1694837410418 1.0 104000
1694837442531 1.0 108000
1694837474172 1.0 112000
1694837506015 1.0 116000
1694837538415 1.0 120000
1694837573170 1.0 124000
1694837605680 1.0 128000
1694837639620 1.0 132000
1694837672387 1.0 136000
1694837704917 1.0 140000
1694837737135 1.0 144000
1694837769053 1.0 148000
1694837801780 1.0 152000
1694837833826 1.0 156000
1694837867354 1.0 160000
1694837905283 1.0 164000
1694837938678 1.0 168000
1694837970896 1.0 172000
1694838004622 1.0 176000
1694838036774 1.0 180000
1694838067947 1.0 184000
1694838099320 1.0 188000
1694838130677 1.0 192000
1694838162089 1.0 196000
1694838192755 1.0 200000
1694838228676 1.0 204000
1694838259993 1.0 208000
1694838290799 1.0 212000
1694838322746 1.0 216000
1694838354351 1.0 220000
1694838385783 1.0 224000
1694838416905 1.0 228000
1694838447730 1.0 232000
1694838479656 1.0 236000
1694838511444 1.0 240000
1694838547180 1.0 244000
1694838579684 1.0 248000
1694838611696 1.0 252000
1694838643830 1.0 256000
1694838675185 1.0 260000
1694838706461 1.0 264000
1694838738315 1.0 268000
1694838771114 1.0 272000
1694838803944 1.0 276000
1694838837342 1.0 280000
1694838874944 1.0 284000
1694838907957 1.0 288000
1694838940909 1.0 292000
1694838973489 1.0 296000
1694839006550 1.0 300000
1694839038285 1.0 304000
1694839070057 1.0 308000
1694839101454 1.0 312000
1694839134471 1.0 316000
1694839166508 1.0 320000
1694839200494 1.0 324000
1694839232769 1.0 328000
1694839264590 1.0 332000
1694839296952 1.0 336000
1694839328116 1.0 340000
1694839359464 1.0 344000
1694839389537 1.0 348000
1694839420510 1.0 352000
1694839451791 1.0 356000
1694839482775 1.0 360000
1694839516009 1.0 364000
1694839547707 1.0 368000
1694839579173 1.0 372000
1694839611419 1.0 376000
1694839642504 1.0 380000
1694839674130 1.0 384000
1694839706475 1.0 388000
1694839739231 1.0 392000
1694839771024 1.0 396000
1694839803847 1.0 400000
1694839840288 1.0 404000
1694839873170 1.0 408000
1694839905870 1.0 412000
1694839938148 1.0 416000
1694839970863 1.0 420000
1694840002832 1.0 424000
1694840035558 1.0 428000
1694840066951 1.0 432000
1694840099335 1.0 436000
1694840132587 1.0 440000
1694840170359 1.0 444000
1694840204759 1.0 448000
1694840237027 1.0 452000
1694840270483 1.0 456000
1694840302508 1.0 460000
1694840335280 1.0 464000
1694840366036 1.0 468000
1694840399260 1.0 472000
1694840430242 1.0 476000
1694840462528 1.0 480000
1694840497747 1.0 484000
1694840529858 1.0 488000
1694840561708 1.0 492000
1694840593750 1.0 496000
1694840627215 1.0 500000
1694840658375 1.0 504000
1694840689928 1.0 508000
1694840720467 1.0 512000
1694840752084 1.0 516000
1694840783350 1.0 520000
1694840820415 1.0 524000
1694840855735 1.0 528000
1694840884874 1.0 532000
1694840911710 1.0 536000
1694840939920 1.0 540000
1694840966064 1.0 544000
1694840992917 1.0 548000
1694841019089 1.0 552000
1694841045722 1.0 556000
1694841073046 1.0 560000
1694841101739 1.0 564000
1694841128042 1.0 568000
1694841154530 1.0 572000
1694841181338 1.0 576000
