1694836624932 1.0 4000
1694836653965 1.0 8000
1694836682061 1.0 12000
1694836711698 1.0 16000
1694836741538 1.0 20000
1694836770797 1.0 24000
1694836801930 1.0 28000
1694836832138 1.0 32000
1694836863139 1.0 36000
1694836893004 1.0 40000
1694836927018 1.0 44000
1694836958307 1.0 48000
1694836990588 1.0 52000
1694837023646 1.0 56000
1694837055959 1.0 60000
1694837086940 1.0 64000
1694837118472 1.0 68000
1694837150651 1.0 72000
1694837182366 1.0 76000
1694837215365 1.0 80000
1694837250075 1.0 84000
1694837282566 1.0 88000
1694837314381 1.0 92000
1694837346818 1.0 96000
1694837378916 1.0 100000
1694837410410 1.0 104000
1694837442520 1.0 108000
1694837474165 1.0 112000
1694837506006 1.0 116000
1694837538405 1.0 120000
1694837573162 1.0 124000
1694837605671 1.0 128000
1694837639609 1.0 132000
1694837672362 1.0 136000
1694837704905 1.0 140000
1694837737125 1.0 144000
1694837769041 1.0 148000
1694837801773 1.0 152000
1694837833818 1.0 156000
1694837867344 1.0 160000
1694837905274 1.0 164000
1694837938671 1.0 168000
1694837970886 1.0 172000
1694838004613 1.0 176000
1694838036766 1.0 180000
1694838067939 1.0 184000
1694838099312 1.0 188000
1694838130669 1.0 192000
1694838162082 1.0 196000
1694838192743 1.0 200000
1694838228666 1.0 204000
1694838259984 1.0 208000
1694838290791 1.0 212000
1694838322737 1.0 216000
1694838354340 1.0 220000
1694838385775 1.0 224000
1694838416892 1.0 228000
1694838447723 1.0 232000
1694838479643 1.0 236000
1694838511419 1.0 240000
1694838547172 1.0 244000
1694838579676 1.0 248000
1694838611688 1.0 252000
1694838643822 1.0 256000
1694838675178 1.0 260000
1694838706449 1.0 264000
1694838738305 1.0 268000
1694838771104 1.0 272000
1694838803936 1.0 276000
1694838837333 1.0 280000
1694838874936 1.0 284000
1694838907947 1.0 288000
1694838940901 1.0 292000
1694838973481 1.0 296000
1694839006543 1.0 300000
1694839038277 1.0 304000
1694839070049 1.0 308000
1694839101447 1.0 312000
1694839134461 1.0 316000
1694839166499 1.0 320000
1694839200485 1.0 324000
1694839232758 1.0 328000
1694839264582 1.0 332000
1694839296945 1.0 336000
1694839328104 1.0 340000
1694839359456 1.0 344000
1694839389529 1.0 348000
1694839420501 1.0 352000
1694839451783 1.0 356000
1694839482762 1.0 360000
1694839516002 1.0 364000
1694839547700 1.0 368000
1694839579159 1.0 372000
1694839611410 1.0 376000
1694839642497 1.0 380000
1694839674115 1.0 384000
1694839706461 1.0 388000
1694839739215 1.0 392000
1694839771014 1.0 396000
1694839803839 1.0 400000
1694839840275 1.0 404000
1694839873161 1.0 408000
1694839905861 1.0 412000
1694839938140 1.0 416000
1694839970855 1.0 420000
1694840002821 1.0 424000
1694840035550 1.0 428000
1694840066943 1.0 432000
1694840099324 1.0 436000
1694840132578 1.0 440000
1694840170351 1.0 444000
1694840204751 1.0 448000
1694840237017 1.0 452000
1694840270470 1.0 456000
1694840302501 1.0 460000
1694840335270 1.0 464000
1694840366023 1.0 468000
1694840399253 1.0 472000
1694840430234 1.0 476000
1694840462520 1.0 480000
1694840497732 1.0 484000
1694840529849 1.0 488000
1694840561699 1.0 492000
1694840593737 1.0 496000
1694840627207 1.0 500000
1694840658368 1.0 504000
1694840689921 1.0 508000
1694840720460 1.0 512000
1694840752076 1.0 516000
1694840783336 1.0 520000
1694840820407 1.0 524000
1694840855726 1.0 528000
1694840884868 1.0 532000
1694840911701 1.0 536000
1694840939913 1.0 540000
1694840966056 1.0 544000
1694840992910 1.0 548000
1694841019080 1.0 552000
1694841045715 1.0 556000
1694841073033 1.0 560000
1694841101730 1.0 564000
1694841128032 1.0 568000
1694841154523 1.0 572000
1694841181324 1.0 576000
