1694836624930 0.0 4000
1694836653963 0.0 8000
1694836682058 0.0 12000
1694836711697 0.0 16000
1694836741536 0.0 20000
1694836770796 0.0 24000
1694836801929 0.0 28000
1694836832137 0.0 32000
1694836863137 0.0 36000
1694836893003 0.0 40000
1694836927014 0.0 44000
1694836958305 0.0 48000
1694836990579 0.0 52000
1694837023644 0.0 56000
1694837055957 0.0 60000
1694837086937 0.0 64000
1694837118470 0.0 68000
1694837150649 0.0 72000
1694837182365 0.0 76000
1694837215364 0.0 80000
1694837250074 0.0 84000
1694837282565 0.0 88000
1694837314379 0.0 92000
1694837346817 0.0 96000
1694837378915 0.0 100000
1694837410409 0.0 104000
1694837442519 0.0 108000
1694837474164 0.0 112000
1694837506003 0.0 116000
1694837538403 0.0 120000
1694837573161 0.0 124000
1694837605670 0.0 128000
1694837639606 0.0 132000
1694837672359 0.0 136000
1694837704902 0.0 140000
1694837737122 0.0 144000
1694837769039 0.0 148000
1694837801771 0.0 152000
1694837833817 0.0 156000
1694837867342 0.0 160000
1694837905272 0.0 164000
1694837938669 0.0 168000
1694837970868 0.0 172000
1694838004612 0.0 176000
1694838036765 0.0 180000
1694838067937 0.0 184000
1694838099311 0.0 188000
1694838130668 0.0 192000
1694838162081 0.0 196000
1694838192742 0.0 200000
1694838228664 0.0 204000
1694838259983 0.0 208000
1694838290790 0.0 212000
1694838322735 0.0 216000
1694838354338 0.0 220000
1694838385774 0.0 224000
1694838416891 0.0 228000
1694838447721 0.0 232000
1694838479642 0.0 236000
1694838511418 0.0 240000
1694838547170 0.0 244000
1694838579675 0.0 248000
1694838611687 0.0 252000
1694838643821 0.0 256000
1694838675176 0.0 260000
1694838706447 0.0 264000
1694838738303 0.0 268000
1694838771102 0.0 272000
1694838803935 0.0 276000
1694838837331 0.0 280000
1694838874935 0.0 284000
1694838907945 0.0 288000
1694838940899 0.0 292000
1694838973480 0.0 296000
1694839006542 0.0 300000
1694839038276 0.0 304000
1694839070047 0.0 308000
1694839101445 0.0 312000
1694839134459 0.0 316000
1694839166498 0.0 320000
1694839200482 0.0 324000
1694839232756 0.0 328000
1694839264581 0.0 332000
1694839296944 0.0 336000
1694839328103 0.0 340000
1694839359455 0.0 344000
1694839389528 0.0 348000
1694839420500 0.0 352000
1694839451782 0.0 356000
1694839482761 0.0 360000
1694839516001 0.0 364000
1694839547698 0.0 368000
1694839579158 0.0 372000
1694839611409 0.0 376000
1694839642495 0.0 380000
1694839674113 0.0 384000
1694839706460 0.0 388000
1694839739213 0.0 392000
1694839770996 0.0 396000
1694839803838 0.0 400000
1694839840272 0.0 404000
1694839873160 0.0 408000
1694839905860 0.0 412000
1694839938138 0.0 416000
1694839970854 0.0 420000
1694840002819 0.0 424000
1694840035549 0.0 428000
1694840066942 0.0 432000
1694840099322 0.0 436000
1694840132576 0.0 440000
1694840170349 0.0 444000
1694840204750 0.0 448000
1694840237016 0.0 452000
1694840270469 0.0 456000
1694840302499 0.0 460000
1694840335268 0.0 464000
1694840366022 0.0 468000
1694840399251 0.0 472000
1694840430232 0.0 476000
1694840462519 0.0 480000
1694840497730 0.0 484000
1694840529848 0.0 488000
1694840561698 0.0 492000
1694840593735 0.0 496000
1694840627205 0.0 500000
1694840658367 0.0 504000
1694840689919 0.0 508000
1694840720459 0.0 512000
1694840752074 0.0 516000
1694840783334 0.0 520000
1694840820405 0.0 524000
1694840855725 0.0 528000
1694840884867 0.0 532000
1694840911700 0.0 536000
1694840939912 0.0 540000
1694840966055 0.0 544000
1694840992908 0.0 548000
1694841019078 0.0 552000
1694841045714 0.0 556000
1694841073032 0.0 560000
1694841101729 0.0 564000
1694841128030 0.0 568000
1694841154522 0.0 572000
1694841181322 0.0 576000
