1694836624938 0.5 4000
1694836653970 0.47058823529411764 8000
1694836682068 0.43859649122807015 12000
1694836711704 0.375 16000
1694836741548 0.38 20000
1694836770803 0.33 24000
1694836801936 0.28 28000
1694836832147 0.28 32000
1694836863146 0.29 36000
1694836893009 0.3 40000
1694836927028 0.32 44000
1694836958312 0.36 48000
1694836990604 0.35 52000
1694837023652 0.33 56000
1694837055964 0.33 60000
1694837086948 0.27 64000
1694837118481 0.29 68000
1694837150657 0.3 72000
1694837182376 0.24 76000
1694837215374 0.24 80000
1694837250082 0.22 84000
1694837282573 0.23 88000
1694837314388 0.25 92000
1694837346827 0.25 96000
1694837378921 0.3 100000
1694837410416 0.26 104000
1694837442526 0.2 108000
1694837474170 0.18 112000
1694837506012 0.2 116000
1694837538412 0.19 120000
1694837573167 0.18 124000
1694837605676 0.16 128000
1694837639617 0.1 132000
1694837672384 0.14 136000
1694837704914 0.17 140000
1694837737132 0.13 144000
1694837769050 0.11 148000
1694837801778 0.09 152000
1694837833824 0.1 156000
1694837867351 0.13 160000
1694837905280 0.1 164000
1694837938676 0.09 168000
1694837970893 0.1 172000
1694838004619 0.16 176000
1694838036771 0.19 180000
1694838067944 0.14 184000
1694838099317 0.18 188000
1694838130674 0.14 192000
1694838162086 0.14 196000
1694838192752 0.17 200000
1694838228673 0.18 204000
1694838259989 0.15 208000
1694838290797 0.16 212000
1694838322741 0.15 216000
1694838354346 0.13 220000
1694838385780 0.13 224000
1694838416900 0.14 228000
1694838447728 0.18 232000
1694838479651 0.16 236000
1694838511426 0.08 240000
1694838547177 0.15 244000
1694838579681 0.14 248000
1694838611694 0.12 252000
1694838643828 0.25 256000
1694838675183 0.13 260000
1694838706457 0.16 264000
1694838738313 0.09 268000
1694838771112 0.16 272000
1694838803941 0.16 276000
1694838837338 0.08 280000
1694838874941 0.1 284000
1694838907953 0.13 288000
1694838940907 0.1834862385321101 292000
1694838973487 0.13 296000
1694839006548 0.1 300000
1694839038282 0.08 304000
1694839070054 0.14705882352941177 308000
1694839101451 0.08849557522123894 312000
1694839134468 0.15 316000
1694839166504 0.06 320000
1694839200491 0.17699115044247787 324000
1694839232765 0.12 328000
1694839264588 0.102803738317757 332000
1694839296950 0.10091743119266056 336000
1694839328111 0.10483870967741936 340000
1694839359462 0.12727272727272726 344000
1694839389535 0.11965811965811966 348000
1694839420507 0.09649122807017543 352000
1694839451788 0.09022556390977443 356000
1694839482771 0.16 360000
1694839516007 0.10144927536231885 364000
1694839547704 0.10344827586206896 368000
1694839579167 0.07563025210084033 372000
1694839611416 0.10869565217391304 376000
1694839642501 0.14705882352941177 380000
1694839674126 0.07333333333333333 384000
1694839706469 0.11627906976744186 388000
1694839739226 0.0975609756097561 392000
1694839771021 0.11510791366906475 396000
1694839803844 0.11194029850746269 400000
1694839840283 0.11278195488721804 404000
1694839873166 0.07894736842105263 408000
1694839905866 0.09333333333333334 412000
1694839938146 0.08661417322834646 416000
1694839970860 0.1069182389937107 420000
1694840002830 0.0873015873015873 424000
1694840035555 0.0273972602739726 428000
1694840066949 0.08064516129032258 432000
1694840099332 0.07407407407407407 436000
1694840132584 0.09375 440000
1694840170356 0.09900990099009901 444000
1694840204757 0.0967741935483871 448000
1694840237023 0.06206896551724138 452000
1694840270478 0.09395973154362416 456000
1694840302506 0.09032258064516129 460000
1694840335276 0.09883720930232558 464000
1694840366032 0.06993006993006994 468000
1694840399258 0.057692307692307696 472000
1694840430239 0.10852713178294573 476000
1694840462525 0.08053691275167785 480000
1694840497743 0.08441558441558442 484000
1694840529855 0.041666666666666664 488000
1694840561705 0.05185185185185185 492000
1694840593746 0.10884353741496598 496000
1694840627213 0.07453416149068323 500000
1694840658373 0.047058823529411764 504000
1694840689925 0.05405405405405406 508000
1694840720465 0.04294478527607362 512000
1694840752081 0.056179775280898875 516000
1694840783347 0.04225352112676056 520000
1694840820412 0.07575757575757576 524000
1694840855731 0.03759398496240601 528000
1694840884872 0.043795620437956206 532000
1694840911707 0.044444444444444446 536000
1694840939918 0.04132231404958678 540000
1694840966061 0.072 544000
1694840992915 0.02717391304347826 548000
1694841019085 0.062111801242236024 552000
1694841045720 0.06179775280898876 556000
1694841073042 0.02127659574468085 560000
1694841101735 0.031914893617021274 564000
1694841128037 0.029850746268656716 568000
1694841154528 0.013071895424836602 572000
1694841181333 0.026490066225165563 576000
