1694836624940 0.0 4000
1694836653971 0.0 8000
1694836682069 0.0 12000
1694836711706 0.0 16000
1694836741550 0.0 20000
1694836770804 0.0 24000
1694836801938 0.0 28000
1694836832149 0.0 32000
1694836863148 0.0 36000
1694836893011 0.0 40000
1694836927029 0.0 44000
1694836958313 0.0 48000
1694836990606 0.0 52000
1694837023654 0.0 56000
1694837055966 0.0 60000
1694837086950 0.0 64000
1694837118483 0.0 68000
1694837150658 0.0 72000
1694837182379 0.0 76000
1694837215376 0.0 80000
1694837250083 0.0 84000
1694837282575 0.0 88000
1694837314390 0.0 92000
1694837346830 0.0 96000
1694837378923 0.0 100000
1694837410417 0.0 104000
1694837442528 0.0 108000
1694837474171 0.0 112000
1694837506013 0.0 116000
1694837538414 0.0 120000
1694837573169 0.0 124000
1694837605677 0.0 128000
1694837639618 0.0 132000
1694837672386 0.0 136000
1694837704916 0.0 140000
1694837737134 0.0 144000
1694837769052 0.0 148000
1694837801779 0.0 152000
1694837833825 0.0 156000
1694837867353 0.0 160000
1694837905281 0.0 164000
1694837938677 0.0 168000
1694837970894 0.0 172000
1694838004620 0.0 176000
1694838036773 0.0 180000
1694838067945 0.0 184000
1694838099319 0.0 188000
1694838130676 0.0 192000
1694838162088 0.0 196000
1694838192753 0.0 200000
1694838228674 0.0 204000
1694838259990 0.0 208000
1694838290798 0.0 212000
1694838322744 0.0 216000
1694838354348 0.0 220000
1694838385782 0.0 224000
1694838416902 0.0 228000
1694838447729 0.0 232000
1694838479654 0.0 236000
1694838511427 0.0 240000
1694838547179 0.0 244000
1694838579683 0.0 248000
1694838611695 0.0 252000
1694838643829 0.0 256000
1694838675184 0.0 260000
1694838706460 0.0 264000
1694838738314 0.0 268000
1694838771113 0.0 272000
1694838803943 0.0 276000
1694838837340 0.0 280000
1694838874943 0.0 284000
1694838907955 0.0 288000
1694838940908 0.0 292000
1694838973488 0.0 296000
1694839006549 0.0 300000
1694839038284 0.0 304000
1694839070056 0.0 308000
1694839101453 0.0 312000
1694839134470 0.0 316000
1694839166506 0.0 320000
1694839200493 0.0 324000
1694839232766 0.0 328000
1694839264589 0.0 332000
1694839296951 0.0 336000
1694839328113 0.0 340000
1694839359463 0.0 344000
1694839389536 0.0 348000
1694839420508 0.0 352000
1694839451790 0.0 356000
1694839482773 0.0 360000
1694839516008 0.0 364000
1694839547705 0.0 368000
1694839579170 0.0 372000
1694839611418 0.0 376000
1694839642502 0.0 380000
1694839674128 0.0 384000
1694839706472 0.0 388000
1694839739229 0.0 392000
1694839771022 0.0 396000
1694839803846 0.0 400000
1694839840285 0.0 404000
1694839873168 0.0 408000
1694839905868 0.0 412000
1694839938147 0.0 416000
1694839970861 0.0 420000
1694840002831 0.0 424000
1694840035556 0.0 428000
1694840066950 0.0 432000
1694840099333 0.0 436000
1694840132586 0.0 440000
1694840170357 0.0 444000
1694840204758 0.0 448000
1694840237025 0.0 452000
1694840270480 0.0 456000
1694840302507 0.0 460000
1694840335278 0.0 464000
1694840366034 0.0 468000
1694840399259 0.0 472000
1694840430241 0.0 476000
1694840462526 0.0 480000
1694840497745 0.0 484000
1694840529856 0.0 488000
1694840561706 0.0 492000
1694840593748 0.0 496000
1694840627214 0.0 500000
1694840658374 0.0 504000
1694840689927 0.0 508000
1694840720466 0.0 512000
1694840752083 0.0 516000
1694840783349 0.0 520000
1694840820414 0.0 524000
1694840855733 0.0 528000
1694840884873 0.0 532000
1694840911708 0.0 536000
1694840939919 0.0 540000
1694840966062 0.0 544000
1694840992916 0.0 548000
1694841019087 0.0 552000
1694841045721 0.0 556000
1694841073044 0.0 560000
1694841101737 0.0 564000
1694841128039 0.0 568000
1694841154529 0.0 572000
1694841181335 0.0 576000
