1694836624934 0.3333333333333333 4000
1694836653966 0.29411764705882354 8000
1694836682063 0.2982456140350877 12000
1694836711699 0.35 16000
1694836741540 0.35 20000
1694836770798 0.39 24000
1694836801932 0.48 28000
1694836832140 0.47 32000
1694836863142 0.44 36000
1694836893006 0.41 40000
1694836927020 0.37 44000
1694836958308 0.37 48000
1694836990592 0.42 52000
1694837023648 0.49 56000
1694837055960 0.46 60000
1694837086942 0.49 64000
1694837118475 0.49 68000
1694837150652 0.45 72000
1694837182369 0.47 76000
1694837215367 0.47 80000
1694837250077 0.53 84000
1694837282567 0.6 88000
1694837314383 0.61 92000
1694837346819 0.63 96000
1694837378917 0.56 100000
1694837410412 0.62 104000
1694837442522 0.72 108000
1694837474166 0.7 112000
1694837506008 0.65 116000
1694837538408 0.64 120000
1694837573164 0.69 124000
1694837605672 0.68 128000
1694837639612 0.75 132000
1694837672379 0.68 136000
1694837704907 0.67 140000
1694837737127 0.7 144000
1694837769044 0.74 148000
1694837801774 0.77 152000
1694837833820 0.75 156000
1694837867346 0.69 160000
1694837905276 0.69 164000
1694837938672 0.67 168000
1694837970888 0.6 172000
1694838004614 0.66 176000
1694838036767 0.62 180000
1694838067940 0.67 184000
1694838099314 0.66 188000
1694838130670 0.65 192000
1694838162083 0.57 196000
1694838192746 0.57 200000
1694838228668 0.59 204000
1694838259985 0.65 208000
1694838290793 0.6 212000
1694838322738 0.6 216000
1694838354341 0.66 220000
1694838385777 0.6 224000
1694838416894 0.61 228000
1694838447724 0.56 232000
1694838479645 0.57 236000
1694838511421 0.64 240000
1694838547173 0.61 244000
1694838579678 0.6 248000
1694838611690 0.53 252000
1694838643824 0.48 256000
1694838675179 0.57 260000
1694838706451 0.58 264000
1694838738308 0.56 268000
1694838771106 0.54 272000
1694838803937 0.56 276000
1694838837334 0.66 280000
1694838874937 0.56 284000
1694838907948 0.51 288000
1694838940903 0.4954128440366973 292000
1694838973483 0.46 296000
1694839006544 0.49 300000
1694839038278 0.49 304000
1694839070050 0.45098039215686275 308000
1694839101448 0.4247787610619469 312000
1694839134463 0.4 316000
1694839166501 0.41 320000
1694839200487 0.34513274336283184 324000
1694839232759 0.42 328000
1694839264584 0.35514018691588783 332000
1694839296946 0.3669724770642202 336000
1694839328105 0.31451612903225806 340000
1694839359458 0.3 344000
1694839389531 0.2905982905982906 348000
1694839420503 0.2894736842105263 352000
1694839451784 0.3007518796992481 356000
1694839482765 0.29 360000
1694839516003 0.2463768115942029 364000
1694839547701 0.22413793103448276 368000
1694839579161 0.2689075630252101 372000
1694839611412 0.2318840579710145 376000
1694839642498 0.23529411764705882 380000
1694839674117 0.26 384000
1694839706462 0.24806201550387597 388000
1694839739218 0.15447154471544716 392000
1694839771016 0.17266187050359713 396000
1694839803840 0.16417910447761194 400000
1694839840277 0.24060150375939848 404000
1694839873162 0.17763157894736842 408000
1694839905862 0.15333333333333332 412000
1694839938141 0.10236220472440945 416000
1694839970857 0.1761006289308176 420000
1694840002824 0.15079365079365079 424000
1694840035552 0.1643835616438356 428000
1694840066945 0.14516129032258066 432000
1694840099326 0.1111111111111111 436000
1694840132579 0.16875 440000
1694840170352 0.0891089108910891 444000
1694840204753 0.10483870967741936 448000
1694840237019 0.1310344827586207 452000
1694840270471 0.174496644295302 456000
1694840302502 0.09032258064516129 460000
1694840335271 0.0872093023255814 464000
1694840366025 0.13986013986013987 468000
1694840399254 0.11538461538461539 472000
1694840430235 0.05426356589147287 476000
1694840462521 0.10738255033557047 480000
1694840497735 0.07142857142857142 484000
1694840529851 0.09027777777777778 488000
1694840561701 0.08148148148148149 492000
1694840593739 0.08843537414965986 496000
1694840627208 0.11180124223602485 500000
1694840658369 0.07058823529411765 504000
1694840689922 0.07432432432432433 508000
1694840720461 0.09202453987730061 512000
1694840752077 0.06741573033707865 516000
1694840783339 0.11267605633802817 520000
1694840820408 0.06818181818181818 524000
1694840855727 0.06766917293233082 528000
1694840884869 0.08029197080291971 532000
1694840911703 0.09444444444444444 536000
1694840939915 0.03305785123966942 540000
1694840966058 0.088 544000
1694840992911 0.07608695652173914 548000
1694841019081 0.062111801242236024 552000
1694841045716 0.06179775280898876 556000
1694841073035 0.0425531914893617 560000
1694841101731 0.10106382978723404 564000
1694841128033 0.07462686567164178 568000
1694841154525 0.09803921568627451 572000
1694841181326 0.052980132450331126 576000
