1694836624937 1.0 4000
1694836653969 1.0 8000
1694836682067 1.0 12000
1694836711702 1.0 16000
1694836741545 1.0 20000
1694836770801 1.0 24000
1694836801934 1.0 28000
1694836832144 1.0 32000
1694836863145 1.0 36000
1694836893008 1.0 40000
1694836927026 1.0 44000
1694836958310 1.0 48000
1694836990602 1.0 52000
1694837023651 1.0 56000
1694837055962 1.0 60000
1694837086947 1.0 64000
1694837118480 1.0 68000
1694837150655 1.0 72000
1694837182374 1.0 76000
1694837215372 1.0 80000
1694837250080 1.0 84000
1694837282571 1.0 88000
1694837314386 1.0 92000
1694837346823 1.0 96000
1694837378920 1.0 100000
1694837410414 1.0 104000
1694837442525 1.0 108000
1694837474169 1.0 112000
1694837506011 1.0 116000
1694837538411 1.0 120000
1694837573166 1.0 124000
1694837605675 1.0 128000
1694837639615 1.0 132000
1694837672383 1.0 136000
1694837704912 1.0 140000
1694837737131 1.0 144000
1694837769048 1.0 148000
1694837801776 1.0 152000
1694837833823 1.0 156000
1694837867350 1.0 160000
1694837905278 1.0 164000
1694837938675 1.0 168000
1694837970891 1.0 172000
1694838004617 1.0 176000
1694838036770 1.0 180000
1694838067943 1.0 184000
1694838099316 1.0 188000
1694838130673 1.0 192000
1694838162085 1.0 196000
1694838192750 1.0 200000
1694838228671 1.0 204000
1694838259988 1.0 208000
1694838290795 1.0 212000
1694838322740 1.0 216000
1694838354344 1.0 220000
1694838385779 1.0 224000
1694838416898 1.0 228000
1694838447727 1.0 232000
1694838479649 1.0 236000
1694838511424 1.0 240000
1694838547176 1.0 244000
1694838579680 1.0 248000
1694838611692 1.0 252000
1694838643826 1.0 256000
1694838675181 1.0 260000
1694838706455 1.0 264000
1694838738311 1.0 268000
1694838771110 1.0 272000
1694838803940 1.0 276000
1694838837337 1.0 280000
1694838874940 1.0 284000
1694838907950 1.0 288000
1694838940905 1.0 292000
1694838973485 1.0 296000
1694839006547 1.0 300000
1694839038281 1.0 304000
1694839070052 1.0 308000
1694839101450 1.0 312000
1694839134467 1.0 316000
1694839166503 1.0 320000
1694839200490 1.0 324000
1694839232763 1.0 328000
1694839264586 1.0 332000
1694839296949 1.0 336000
1694839328109 1.0 340000
1694839359461 1.0 344000
1694839389533 1.0 348000
1694839420505 1.0 352000
1694839451787 1.0 356000
1694839482768 1.0 360000
1694839516006 1.0 364000
1694839547703 1.0 368000
1694839579164 1.0 372000
1694839611415 1.0 376000
1694839642500 1.0 380000
1694839674123 1.0 384000
1694839706466 1.0 388000
1694839739223 1.0 392000
1694839771019 1.0 396000
1694839803843 1.0 400000
1694839840281 1.0 404000
1694839873165 1.0 408000
1694839905865 1.0 412000
1694839938144 1.0 416000
1694839970859 1.0 420000
1694840002828 1.0 424000
1694840035554 1.0 428000
1694840066947 1.0 432000
1694840099330 1.0 436000
1694840132583 1.0 440000
1694840170355 1.0 444000
1694840204755 1.0 448000
1694840237021 1.0 452000
1694840270476 1.0 456000
1694840302504 1.0 460000
1694840335274 1.0 464000
1694840366030 1.0 468000
1694840399257 1.0 472000
1694840430238 1.0 476000
1694840462523 1.0 480000
1694840497741 1.0 484000
1694840529854 1.0 488000
1694840561704 1.0 492000
1694840593744 1.0 496000
1694840627211 1.0 500000
1694840658372 1.0 504000
1694840689924 1.0 508000
1694840720463 1.0 512000
1694840752080 1.0 516000
1694840783345 1.0 520000
1694840820411 1.0 524000
1694840855730 1.0 528000
1694840884871 1.0 532000
1694840911706 1.0 536000
1694840939917 1.0 540000
1694840966060 1.0 544000
1694840992913 1.0 548000
1694841019083 1.0 552000
1694841045719 1.0 556000
1694841073039 1.0 560000
1694841101734 1.0 564000
1694841128035 1.0 568000
1694841154527 1.0 572000
1694841181330 1.0 576000
