1694836624935 0.0 4000
1694836653967 0.0 8000
1694836682065 0.0 12000
1694836711701 0.0 16000
1694836741543 0.0 20000
1694836770800 0.0 24000
1694836801933 0.0 28000
1694836832142 0.0 32000
1694836863144 0.0 36000
1694836893007 0.0 40000
1694836927024 0.0 44000
1694836958309 0.0 48000
1694836990595 0.0 52000
1694837023649 0.0 56000
1694837055961 0.0 60000
1694837086944 0.0 64000
1694837118478 0.0 68000
1694837150654 0.0 72000
1694837182371 0.0 76000
1694837215370 0.0 80000
1694837250079 0.0 84000
1694837282569 0.0 88000
1694837314384 0.0 92000
1694837346821 0.0 96000
1694837378919 0.0 100000
1694837410413 0.0 104000
1694837442523 0.0 108000
1694837474168 0.0 112000
1694837506009 0.0 116000
1694837538409 0.0 120000
1694837573165 0.0 124000
1694837605674 0.0 128000
1694837639614 0.0 132000
1694837672381 0.0 136000
1694837704910 0.0 140000
1694837737129 0.0 144000
1694837769046 0.0 148000
1694837801775 0.0 152000
1694837833821 0.0 156000
1694837867348 0.0 160000
1694837905277 0.0 164000
1694837938673 0.0 168000
1694837970890 0.0 172000
1694838004616 0.0 176000
1694838036769 0.0 180000
1694838067941 0.0 184000
1694838099315 0.0 188000
1694838130672 0.0 192000
1694838162084 0.0 196000
1694838192748 0.0 200000
1694838228670 0.0 204000
1694838259987 0.0 208000
1694838290794 0.0 212000
1694838322739 0.0 216000
1694838354342 0.0 220000
1694838385778 0.0 224000
1694838416896 0.0 228000
1694838447725 0.0 232000
1694838479646 0.0 236000
1694838511422 0.0 240000
1694838547174 0.0 244000
1694838579679 0.0 248000
1694838611691 0.0 252000
1694838643825 0.0 256000
1694838675180 0.0 260000
1694838706453 0.0 264000
1694838738310 0.0 268000
1694838771109 0.0 272000
1694838803939 0.0 276000
1694838837336 0.0 280000
1694838874939 0.0 284000
1694838907949 0.0 288000
1694838940904 0.0 292000
1694838973484 0.0 296000
1694839006545 0.0 300000
1694839038280 0.0 304000
1694839070051 0.0 308000
1694839101449 0.0 312000
1694839134465 0.0 316000
1694839166502 0.0 320000
1694839200489 0.0 324000
1694839232761 0.0 328000
1694839264585 0.0 332000
1694839296948 0.0 336000
1694839328107 0.0 340000
1694839359460 0.0 344000
1694839389532 0.0 348000
1694839420504 0.0 352000
1694839451786 0.0 356000
1694839482767 0.0 360000
1694839516004 0.0 364000
1694839547702 0.0 368000
1694839579162 0.0 372000
1694839611414 0.0 376000
1694839642499 0.0 380000
1694839674120 0.0 384000
1694839706464 0.0 388000
1694839739220 0.0 392000
1694839771018 0.0 396000
1694839803842 0.0 400000
1694839840279 0.0 404000
1694839873163 0.0 408000
1694839905864 0.0 412000
1694839938143 0.0 416000
1694839970858 0.0 420000
1694840002826 0.0 424000
1694840035553 0.0 428000
1694840066946 0.0 432000
1694840099328 0.0 436000
1694840132581 0.0 440000
1694840170354 0.0 444000
1694840204754 0.0 448000
1694840237020 0.0 452000
1694840270474 0.0 456000
1694840302503 0.0 460000
1694840335272 0.0 464000
1694840366027 0.0 468000
1694840399255 0.0 472000
1694840430237 0.0 476000
1694840462522 0.0 480000
1694840497738 0.0 484000
1694840529852 0.0 488000
1694840561702 0.0 492000
1694840593742 0.0 496000
1694840627210 0.0 500000
1694840658370 0.0 504000
1694840689923 0.0 508000
1694840720462 0.0 512000
1694840752078 0.0 516000
1694840783343 0.0 520000
1694840820409 0.0 524000
1694840855729 0.0 528000
1694840884870 0.0 532000
1694840911704 0.0 536000
1694840939916 0.0 540000
1694840966059 0.0 544000
1694840992912 0.0 548000
1694841019082 0.0 552000
1694841045718 0.0 556000
1694841073037 0.0 560000
1694841101732 0.0 564000
1694841128034 0.0 568000
1694841154526 0.0 572000
1694841181329 0.0 576000
