1694832172608 0.10278571428571426 4000
1694832209319 0.09929411764705878 8000
1694832246256 0.0558965517241379 12000
1694832282832 0.1134050632911392 16000
1694832317193 0.12005050505050499 20000
1694832348733 0.17498999999999998 24000
1694832378575 0.17075999999999997 28000
1694832408659 0.18841999999999998 32000
1694832440360 0.17797999999999997 36000
1694832471763 0.19953999999999994 40000
1694832507484 0.17958 44000
1694832536420 0.21352999999999997 48000
1694832564066 0.25173 52000
1694832596483 0.2372099999999999 56000
1694832625715 0.18111999999999992 60000
1694832654972 0.19933999999999993 64000
1694832683423 0.17445 68000
1694832713079 0.17891999999999997 72000
1694832741981 0.23264999999999997 76000
1694832770348 0.23460999999999996 80000
1694832799776 0.22517999999999994 84000
1694832829329 0.22413 88000
1694832858270 0.19548 92000
1694832887896 0.19365999999999992 96000
1694832916422 0.20586 100000
1694832946218 0.20149999999999996 104000
1694832974342 0.20087 108000
1694833003427 0.22431999999999996 112000
1694833032256 0.21165999999999996 116000
1694833061870 0.22448 120000
1694833091957 0.23696999999999996 124000
1694833121540 0.22142000000000003 128000
1694833150478 0.22102 132000
1694833180401 0.22154 136000
1694833209302 0.26949 140000
1694833239105 0.26216999999999996 144000
1694833267814 0.2801099999999999 148000
1694833296700 0.32376999999999995 152000
1694833325738 0.326 156000
1694833355428 0.27807000000000004 160000
1694833389219 0.30715999999999993 164000
1694833420247 0.30540999999999996 168000
1694833449595 0.27882999999999997 172000
1694833480409 0.29233 176000
1694833509511 0.27646999999999994 180000
1694833538146 0.23792 184000
1694833568055 0.16122999999999998 188000
1694833603301 0.14833999999999997 192000
1694833632761 0.19343999999999997 196000
1694833662989 0.21290999999999996 200000
1694833692465 0.24202999999999997 204000
1694833718646 0.27543 208000
1694833743314 0.2828299999999999 212000
1694833767916 0.20307999999999995 216000
1694833792859 0.21425999999999995 220000
1694833816875 0.23803999999999997 224000
1694833841646 0.22173999999999994 228000
1694833865843 0.2841699999999999 232000
1694833890527 0.3009899999999999 236000
1694833914713 0.2657 240000
1694833939801 0.20212999999999998 244000
1694833964614 0.15685999999999997 248000
1694833988767 0.12834999999999996 252000
1694834013811 0.09373999999999998 256000
1694834038030 0.17975999999999992 260000
1694834062018 0.18347999999999995 264000
1694834086600 0.19779999999999998 268000
1694834110927 0.14217999999999997 272000
1694834135562 0.07588999999999997 276000
1694834159959 0.12607999999999994 280000
1694834186555 0.15838999999999998 284000
1694834219262 0.16004999999999994 288000
1694834252893 0.20917999999999992 292000
1694834285418 0.21184999999999996 296000
1694834317918 0.21117999999999992 300000
1694834347335 0.22620999999999994 304000
1694834376764 0.24608 308000
1694834412106 0.25767999999999996 312000
1694834450189 0.24811999999999998 316000
1694834485541 0.2736699999999999 320000
1694834524490 0.25993999999999995 324000
1694834560147 0.26405999999999996 328000
1694834603108 0.23913999999999994 332000
1694834643891 0.18921999999999994 336000
1694834688941 0.19823999999999994 340000
1694834723303 0.22551999999999997 344000
