1694832172604 0.9159999999999999 4000
1694832209279 0.9159999999999999 8000
1694832246253 0.9159999999999999 12000
1694832282827 0.9299999999999999 16000
1694832317190 0.9329999999999999 20000
1694832348729 0.9329999999999999 24000
1694832378572 0.9329999999999999 28000
1694832408657 0.94 32000
1694832440358 1.506 36000
1694832471760 1.506 40000
1694832507481 1.506 44000
1694832536415 1.506 48000
1694832564064 1.506 52000
1694832596481 0.9349999999999999 56000
1694832625713 0.9329999999999999 60000
1694832654968 0.9329999999999999 64000
1694832683419 0.9329999999999999 68000
1694832713075 0.9329999999999999 72000
1694832741979 1.7269999999999999 76000
1694832770345 1.7269999999999999 80000
1694832799772 1.7269999999999999 84000
1694832829327 1.7269999999999999 88000
1694832858267 1.7269999999999999 92000
1694832887893 1.3359999999999999 96000
1694832916419 1.3359999999999999 100000
1694832946215 1.3359999999999999 104000
1694832974339 0.9329999999999999 108000
1694833003425 1.447 112000
1694833032253 1.447 116000
1694833061868 1.447 120000
1694833091954 1.447 124000
1694833121537 1.447 128000
1694833150476 0.9349999999999999 132000
1694833180399 1.4609999999999999 136000
1694833209300 1.4609999999999999 140000
1694833239102 1.4609999999999999 144000
1694833267811 1.4609999999999999 148000
1694833296693 1.2770000000000001 152000
1694833325736 1.2770000000000001 156000
1694833355426 1.152 160000
1694833389216 1.152 164000
1694833420244 1.6760000000000002 168000
1694833449591 1.6760000000000002 172000
1694833480406 1.6760000000000002 176000
1694833509507 1.6760000000000002 180000
1694833538143 1.6760000000000002 184000
1694833568051 0.9349999999999999 188000
1694833603297 0.9369999999999999 192000
1694833632759 0.9369999999999999 196000
1694833662986 1.571 200000
1694833692461 1.571 204000
1694833718644 1.571 208000
1694833743312 1.571 212000
1694833767912 1.571 216000
1694833792857 1.472 220000
1694833816872 1.3769999999999998 224000
1694833841644 1.3769999999999998 228000
1694833865841 1.764 232000
1694833890524 1.764 236000
1694833914710 1.764 240000
1694833939799 1.764 244000
1694833964612 0.9319999999999999 248000
1694833988765 0.9319999999999999 252000
1694834013808 0.9319999999999999 256000
1694834038027 0.9319999999999999 260000
1694834062014 0.9269999999999999 264000
1694834086598 0.9269999999999999 268000
1694834110924 0.9269999999999999 272000
1694834135560 0.9289999999999999 276000
1694834159957 1.3179999999999998 280000
1694834186552 1.3179999999999998 284000
1694834219260 1.3179999999999998 288000
1694834252888 1.3179999999999998 292000
1694834285415 1.3179999999999998 296000
1694834317915 1.055 300000
1694834347332 1.192 304000
1694834376761 1.192 308000
1694834412100 1.192 312000
1694834450185 1.192 316000
1694834485536 0.95 320000
1694834524486 0.942 324000
1694834560144 0.9299999999999999 328000
1694834603103 0.9299999999999999 332000
1694834643886 0.9339999999999999 336000
1694834688934 0.9339999999999999 340000
1694834723300 1.115 344000
