1694832172609 208.21428571428572 4000
1694832209322 191.0 8000
1694832246259 193.22413793103448 12000
1694832282835 187.51898734177215 16000
1694832317195 193.57575757575756 20000
1694832348736 188.19 24000
1694832378578 194.99 28000
1694832408661 192.88 32000
1694832440362 191.44 36000
1694832471765 194.84 40000
1694832507487 206.1 44000
1694832536422 205.39 48000
1694832564068 205.58 52000
1694832596485 206.21 56000
1694832625717 194.72 60000
1694832654974 182.36 64000
1694832683426 188.44 68000
1694832713081 184.41 72000
1694832741983 177.38 76000
1694832770349 184.37 80000
1694832799779 189.94 84000
1694832829330 191.45 88000
1694832858271 193.95 92000
1694832887898 198.63 96000
1694832916423 198.08 100000
1694832946219 199.48 104000
1694832974343 192.22 108000
1694833003429 194.08 112000
1694833032257 193.27 116000
1694833061871 193.15 120000
1694833091958 189.22 124000
1694833121542 187.62 128000
1694833150480 179.34 132000
1694833180402 177.94 136000
1694833209303 179.62 140000
1694833239106 175.66 144000
1694833267815 181.11 148000
1694833296702 193.5 152000
1694833325740 183.52 156000
1694833355429 187.4 160000
1694833389220 185.79 164000
1694833420248 180.86 168000
1694833449598 181.61 172000
1694833480410 191.69 176000
1694833509512 191.12 180000
1694833538148 183.9 184000
1694833568057 182.69 188000
1694833603302 175.76 192000
1694833632764 170.83 196000
1694833662990 173.95 200000
1694833692467 181.46 204000
1694833718648 188.59 208000
1694833743316 182.58 212000
1694833767917 171.73 216000
1694833792860 163.71 220000
1694833816877 164.66 224000
1694833841647 170.51 228000
1694833865844 164.32 232000
1694833890529 158.68 236000
1694833914714 154.17 240000
1694833939802 153.03 244000
1694833964615 160.5 248000
1694833988769 166.22 252000
1694834013812 168.27 256000
1694834038032 169.47 260000
1694834062020 167.54 264000
1694834086601 162.45 268000
1694834110929 158.62 272000
1694834135564 156.78 276000
1694834159960 161.65 280000
1694834186556 168.52 284000
1694834219263 172.34 288000
1694834252895 177.44 292000
1694834285420 176.78 296000
1694834317920 173.8 300000
1694834347336 161.18 304000
1694834376765 159.25 308000
1694834412108 157.22 312000
1694834450191 155.89 316000
1694834485543 166.11 320000
1694834524492 158.55 324000
1694834560148 158.66 328000
1694834603109 161.01 332000
1694834643894 163.28 336000
1694834688944 173.45 340000
1694834723304 176.25 344000
