1694832172606 -0.33799999999999986 4000
1694832209316 -0.484 8000
1694832246255 -0.8959999999999999 12000
1694832282829 -0.8959999999999999 16000
1694832317192 -0.8959999999999999 20000
1694832348731 -0.8959999999999999 24000
1694832378573 -0.9080000000000001 28000
1694832408658 -0.9080000000000001 32000
1694832440359 -0.9080000000000001 36000
1694832471761 -0.9080000000000001 40000
1694832507483 -0.9080000000000001 44000
1694832536417 -0.7999999999999999 48000
1694832564065 -0.7899999999999999 52000
1694832596482 -0.7899999999999999 56000
1694832625714 -0.8820000000000001 60000
1694832654970 -0.8820000000000001 64000
1694832683421 -0.8820000000000001 68000
1694832713077 -0.8820000000000001 72000
1694832741980 -0.634 76000
1694832770347 -0.8039999999999999 80000
1694832799774 -0.8039999999999999 84000
1694832829328 -0.9530000000000001 88000
1694832858269 -0.96 92000
1694832887894 -0.96 96000
1694832916421 -0.96 100000
1694832946216 -0.96 104000
1694832974341 -0.6279999999999999 108000
1694833003426 -0.6279999999999999 112000
1694833032254 -0.6279999999999999 116000
1694833061869 -0.6279999999999999 120000
1694833091956 -0.577 124000
1694833121538 -0.577 128000
1694833150477 -0.55 132000
1694833180400 -0.55 136000
1694833209301 -0.729 140000
1694833239103 -0.729 144000
1694833267812 -0.729 148000
1694833296697 -0.729 152000
1694833325737 -0.5820000000000001 156000
1694833355427 -0.5820000000000001 160000
1694833389217 -0.5820000000000001 164000
1694833420246 -0.54 168000
1694833449593 -0.54 172000
1694833480408 -0.83 176000
1694833509509 -0.83 180000
1694833538145 -0.83 184000
1694833568053 -0.84 188000
1694833603299 -0.84 192000
1694833632760 -0.88 196000
1694833662988 -0.88 200000
1694833692463 -0.88 204000
1694833718645 -0.88 208000
1694833743313 -0.88 212000
1694833767914 -0.624 216000
1694833792858 -0.624 220000
1694833816873 -0.6060000000000001 224000
1694833841645 -0.6060000000000001 228000
1694833865842 -0.593 232000
1694833890525 -0.593 236000
1694833914711 -0.5950000000000001 240000
1694833939800 -0.7419999999999999 244000
1694833964613 -0.7419999999999999 248000
1694833988766 -0.815 252000
1694834013810 -0.815 256000
1694834038028 -0.815 260000
1694834062016 -0.815 264000
1694834086599 -0.708 268000
1694834110926 -0.9420000000000002 272000
1694834135561 -0.9420000000000002 276000
1694834159958 -0.9420000000000002 280000
1694834186554 -0.9420000000000002 284000
1694834219261 -0.857 288000
1694834252891 -0.857 292000
1694834285416 -0.857 296000
1694834317916 -0.857 300000
1694834347334 -0.765 304000
1694834376762 -0.765 308000
1694834412103 -0.765 312000
1694834450187 -0.765 316000
1694834485539 -0.7340000000000001 320000
1694834524488 -0.7340000000000001 324000
1694834560146 -0.5790000000000001 328000
1694834603106 -0.46099999999999997 332000
1694834643888 -0.794 336000
1694834688938 -0.794 340000
1694834723302 -0.794 344000
