1694832172611 14.0 4000
1694832209329 20.0 8000
1694832246262 24.0 12000
1694832282838 21.0 16000
1694832317196 20.0 20000
1694832348738 22.0 24000
1694832378580 16.0 28000
1694832408663 22.0 32000
1694832440364 23.0 36000
1694832471767 15.0 40000
1694832507488 21.0 44000
1694832536425 19.0 48000
1694832564069 23.0 52000
1694832596486 19.0 56000
1694832625718 22.0 60000
1694832654976 24.0 64000
1694832683429 20.0 68000
1694832713082 22.0 72000
1694832741984 24.0 76000
1694832770350 19.0 80000
1694832799781 22.0 84000
1694832829331 17.0 88000
1694832858273 22.0 92000
1694832887899 19.0 96000
1694832916424 22.0 100000
1694832946220 20.0 104000
1694832974344 23.0 108000
1694833003431 20.0 112000
1694833032258 20.0 116000
1694833061872 22.0 120000
1694833091960 19.0 124000
1694833121543 23.0 128000
1694833150481 24.0 132000
1694833180404 23.0 136000
1694833209304 20.0 140000
1694833239107 25.0 144000
1694833267816 19.0 148000
1694833296703 21.0 152000
1694833325742 22.0 156000
1694833355430 25.0 160000
1694833389222 21.0 164000
1694833420249 21.0 168000
1694833449600 22.0 172000
1694833480412 19.0 176000
1694833509514 22.0 180000
1694833538151 25.0 184000
1694833568059 22.0 188000
1694833603303 23.0 192000
1694833632766 23.0 196000
1694833662991 21.0 200000
1694833692469 22.0 204000
1694833718649 18.0 208000
1694833743318 29.0 212000
1694833767920 25.0 216000
1694833792863 27.0 220000
1694833816879 18.0 224000
1694833841648 26.0 228000
1694833865845 25.0 232000
1694833890531 27.0 236000
1694833914715 24.0 240000
1694833939803 24.0 244000
1694833964616 25.0 248000
1694833988770 21.0 252000
1694834013813 23.0 256000
1694834038033 24.0 260000
1694834062022 30.0 264000
1694834086602 27.0 268000
1694834110931 22.0 272000
1694834135565 23.0 276000
1694834159961 24.0 280000
1694834186557 24.0 284000
1694834219264 20.0 288000
1694834252898 23.0 292000
1694834285423 22.0 296000
1694834317922 26.0 300000
1694834347337 31.0 304000
1694834376766 22.0 308000
1694834412109 25.0 312000
1694834450194 23.0 316000
1694834485544 26.0 320000
1694834524494 24.0 324000
1694834560150 30.0 328000
1694834603111 19.0 332000
1694834643896 23.0 336000
1694834688948 22.0 340000
1694834723306 23.0 344000
