1694832172612 0.0 4000
1694832209335 0.0 8000
1694832246265 0.0 12000
1694832282840 0.0 16000
1694832317197 0.0 20000
1694832348740 0.0 24000
1694832378583 0.0 28000
1694832408665 0.0 32000
1694832440366 0.0 36000
1694832471770 0.0 40000
1694832507490 0.0 44000
1694832536427 0.0 48000
1694832564071 0.0 52000
1694832596487 0.0 56000
1694832625720 0.0 60000
1694832654978 0.0 64000
1694832683432 0.0 68000
1694832713083 0.0 72000
1694832741985 0.0 76000
1694832770352 0.0 80000
1694832799783 0.0 84000
1694832829332 0.0 88000
1694832858274 0.0 92000
1694832887901 0.0 96000
1694832916425 0.0 100000
1694832946221 0.0 104000
1694832974345 0.0 108000
1694833003433 0.0 112000
1694833032260 0.0 116000
1694833061873 0.0 120000
1694833091961 0.0 124000
1694833121545 0.0 128000
1694833150482 0.0 132000
1694833180405 0.0 136000
1694833209305 0.0 140000
1694833239109 0.0 144000
1694833267817 0.0 148000
1694833296705 0.0 152000
1694833325743 0.0 156000
1694833355431 0.0 160000
1694833389223 0.0 164000
1694833420250 0.0 168000
1694833449603 0.0 172000
1694833480413 0.0 176000
1694833509516 0.0 180000
1694833538155 0.0 184000
1694833568061 0.0 188000
1694833603305 0.0 192000
1694833632769 0.0 196000
1694833662992 0.0 200000
1694833692471 0.0 204000
1694833718650 0.0 208000
1694833743320 0.0 212000
1694833767922 0.0 216000
1694833792865 0.0 220000
1694833816882 0.0 224000
1694833841649 0.0 228000
1694833865846 0.0 232000
1694833890533 0.0 236000
1694833914716 0.0 240000
1694833939804 0.0 244000
1694833964617 0.0 248000
1694833988771 0.0 252000
1694834013814 0.0 256000
1694834038034 0.0 260000
1694834062023 0.0 264000
1694834086603 0.0 268000
1694834110932 0.0 272000
1694834135567 0.0 276000
1694834159962 0.0 280000
1694834186558 0.0 284000
1694834219267 0.0 288000
1694834252916 0.0 292000
1694834285425 0.0 296000
1694834317923 0.0 300000
1694834347338 0.0 304000
1694834376767 0.0 308000
1694834412111 0.0 312000
1694834450196 0.0 316000
1694834485546 0.0 320000
1694834524495 0.0 324000
1694834560151 0.0 328000
1694834603113 0.0 332000
1694834643899 0.0 336000
1694834688950 0.0 340000
1694834723307 0.0 344000
