1694832172555 0.0 4000
1694832209211 0.0 8000
1694832246226 0.0 12000
1694832282795 0.0 16000
1694832317157 0.0 20000
1694832348700 0.0 24000
1694832378553 0.0 28000
1694832408630 0.0 32000
1694832440330 0.0 36000
1694832471730 0.0 40000
1694832507454 0.0 44000
1694832536395 0.0 48000
1694832564045 0.0 52000
1694832596462 0.0 56000
1694832625695 0.0 60000
1694832654950 0.0 64000
1694832683401 0.0 68000
1694832713055 0.0 72000
1694832741961 0.0 76000
1694832770317 0.0 80000
1694832799752 0.0 84000
1694832829308 0.01 88000
1694832858243 0.01 92000
1694832887866 0.01 96000
1694832916400 0.01 100000
1694832946196 0.01 104000
1694832974320 0.0 108000
1694833003407 0.02 112000
1694833032223 0.02 116000
1694833061847 0.02 120000
1694833091924 0.02 124000
1694833121515 0.02 128000
1694833150457 0.0 132000
1694833180378 0.01 136000
1694833209276 0.02 140000
1694833239074 0.02 144000
1694833267782 0.02 148000
1694833296671 0.01 152000
1694833325716 0.02 156000
1694833355405 0.01 160000
1694833389184 0.01 164000
1694833420225 0.01 168000
1694833449535 0.0 172000
1694833480385 0.0 176000
1694833509482 0.0 180000
1694833538124 0.0 184000
1694833568023 0.0 188000
1694833603274 0.01 192000
1694833632740 0.01 196000
1694833662967 0.02 200000
1694833692437 0.03 204000
1694833718626 0.03 208000
1694833743294 0.03 212000
1694833767889 0.03 216000
1694833792840 0.04 220000
1694833816848 0.04 224000
1694833841627 0.04 228000
1694833865824 0.04 232000
1694833890487 0.01 236000
1694833914693 0.01 240000
1694833939782 0.02 244000
1694833964594 0.02 248000
1694833988746 0.02 252000
1694834013790 0.02 256000
1694834038000 0.0 260000
1694834061995 0.0 264000
1694834086580 0.0 268000
1694834110899 0.0 272000
1694834135543 0.0 276000
1694834159940 0.01 280000
1694834186531 0.01 284000
1694834219240 0.02 288000
1694834252842 0.02 292000
1694834285397 0.02 296000
1694834317896 0.01 300000
1694834347309 0.01 304000
1694834376739 0.01 308000
1694834412064 0.01 312000
1694834450139 0.01 316000
1694834485508 0.0 320000
1694834524459 0.0 324000
1694834560113 0.0 328000
1694834603068 0.0 332000
1694834643860 0.0 336000
1694834688903 0.0 340000
1694834723276 0.01 344000
