1694832172558 0.0 4000
1694832209214 0.0 8000
1694832246228 0.0 12000
1694832282797 0.0 16000
1694832317158 0.0 20000
1694832348702 0.0 24000
1694832378554 0.0 28000
1694832408631 0.0 32000
1694832440332 0.0 36000
1694832471732 0.0 40000
1694832507455 0.0 44000
1694832536397 0.0 48000
1694832564046 0.0 52000
1694832596463 0.0 56000
1694832625697 0.0 60000
1694832654951 0.0 64000
1694832683402 0.0 68000
1694832713056 0.0 72000
1694832741962 0.0 76000
1694832770318 0.0 80000
1694832799754 0.0 84000
1694832829309 0.0 88000
1694832858244 0.0 92000
1694832887867 0.0 96000
1694832916402 0.0 100000
1694832946197 0.0 104000
1694832974321 0.0 108000
1694833003408 0.0 112000
1694833032224 0.0 116000
1694833061849 0.0 120000
1694833091925 0.0 124000
1694833121516 0.0 128000
1694833150458 0.0 132000
1694833180379 0.0 136000
1694833209277 0.0 140000
1694833239075 0.0 144000
1694833267783 0.0 148000
1694833296672 0.0 152000
1694833325718 0.0 156000
1694833355406 0.0 160000
1694833389185 0.0 164000
1694833420226 0.0 168000
1694833449536 0.0 172000
1694833480387 0.0 176000
1694833509483 0.0 180000
1694833538126 0.0 184000
1694833568024 0.0 188000
1694833603276 0.0 192000
1694833632741 0.0 196000
1694833662968 0.0 200000
1694833692439 0.0 204000
1694833718627 0.0 208000
1694833743295 0.0 212000
1694833767890 0.0 216000
1694833792841 0.0 220000
1694833816849 0.0 224000
1694833841628 0.0 228000
1694833865825 0.0 232000
1694833890505 0.0 236000
1694833914694 0.0 240000
1694833939783 0.0 244000
1694833964595 0.0 248000
1694833988747 0.0 252000
1694834013791 0.0 256000
1694834038001 0.0 260000
1694834061996 0.0 264000
1694834086581 0.0 268000
1694834110900 0.0 272000
1694834135544 0.0 276000
1694834159941 0.0 280000
1694834186532 0.0 284000
1694834219242 0.0 288000
1694834252845 0.0 292000
1694834285398 0.0 296000
1694834317897 0.0 300000
1694834347310 0.0 304000
1694834376741 0.0 308000
1694834412065 0.0 312000
1694834450141 0.0 316000
1694834485510 0.0 320000
1694834524461 0.0 324000
1694834560115 0.0 328000
1694834603069 0.0 332000
1694834643862 0.0 336000
1694834688904 0.0 340000
1694834723277 0.0 344000
