1694832172560 0.0 4000
1694832209216 0.0 8000
1694832246230 0.0 12000
1694832282799 0.0 16000
1694832317160 0.0 20000
1694832348703 0.0 24000
1694832378555 0.0 28000
1694832408634 0.0 32000
1694832440333 0.0 36000
1694832471733 0.0 40000
1694832507456 0.0 44000
1694832536398 0.0 48000
1694832564047 0.0 52000
1694832596464 0.0 56000
1694832625698 0.0 60000
1694832654953 0.0 64000
1694832683403 0.0 68000
1694832713057 0.0 72000
1694832741963 0.0 76000
1694832770320 0.0 80000
1694832799755 0.0 84000
1694832829310 1.0 88000
1694832858245 1.0 92000
1694832887868 1.0 96000
1694832916403 1.0 100000
1694832946199 1.0 104000
1694832974323 0.0 108000
1694833003409 1.0 112000
1694833032225 1.0 116000
1694833061850 1.0 120000
1694833091926 1.0 124000
1694833121518 1.0 128000
1694833150460 0.0 132000
1694833180380 1.0 136000
1694833209278 1.0 140000
1694833239077 1.0 144000
1694833267784 1.0 148000
1694833296674 1.0 152000
1694833325719 1.0 156000
1694833355407 1.0 160000
1694833389187 1.0 164000
1694833420227 1.0 168000
1694833449556 0.0 172000
1694833480388 0.0 176000
1694833509484 0.0 180000
1694833538127 0.0 184000
1694833568026 0.0 188000
1694833603277 1.0 192000
1694833632742 1.0 196000
1694833662969 1.0 200000
1694833692440 1.0 204000
1694833718629 1.0 208000
1694833743296 1.0 212000
1694833767891 1.0 216000
1694833792842 1.0 220000
1694833816850 1.0 224000
1694833841629 1.0 228000
1694833865826 1.0 232000
1694833890506 1.0 236000
1694833914695 1.0 240000
1694833939784 1.0 244000
1694833964596 1.0 248000
1694833988748 1.0 252000
1694834013792 1.0 256000
1694834038002 0.0 260000
1694834061997 0.0 264000
1694834086582 0.0 268000
1694834110902 0.0 272000
1694834135545 0.0 276000
1694834159942 1.0 280000
1694834186533 1.0 284000
1694834219243 1.0 288000
1694834252846 1.0 292000
1694834285399 1.0 296000
1694834317899 1.0 300000
1694834347311 1.0 304000
1694834376742 1.0 308000
1694834412067 1.0 312000
1694834450143 1.0 316000
1694834485511 0.0 320000
1694834524462 0.0 324000
1694834560116 0.0 328000
1694834603071 0.0 332000
1694834643863 0.0 336000
1694834688906 0.0 340000
1694834723279 1.0 344000
