1694832172561 0.21428571428571427 4000
1694832209219 0.29411764705882354 8000
1694832246232 0.3275862068965517 12000
1694832282800 0.34177215189873417 16000
1694832317162 0.31313131313131315 20000
1694832348704 0.29 24000
1694832378556 0.23 28000
1694832408636 0.26 32000
1694832440336 0.27 36000
1694832471736 0.28 40000
1694832507457 0.3 44000
1694832536400 0.33 48000
1694832564048 0.3 52000
1694832596465 0.3 56000
1694832625699 0.32 60000
1694832654954 0.32 64000
1694832683404 0.34 68000
1694832713058 0.35 72000
1694832741964 0.32 76000
1694832770321 0.31 80000
1694832799756 0.32 84000
1694832829311 0.3 88000
1694832858247 0.34 92000
1694832887869 0.37 96000
1694832916404 0.4 100000
1694832946200 0.43 104000
1694832974324 0.46 108000
1694833003410 0.42 112000
1694833032226 0.41 116000
1694833061852 0.35 120000
1694833091928 0.32 124000
1694833121519 0.28 128000
1694833150461 0.37 132000
1694833180382 0.39 136000
1694833209279 0.41 140000
1694833239078 0.47 144000
1694833267785 0.43 148000
1694833296675 0.37 152000
1694833325721 0.36 156000
1694833355409 0.31 160000
1694833389188 0.25 164000
1694833420228 0.27 168000
1694833449558 0.25 172000
1694833480389 0.24 176000
1694833509486 0.25 180000
1694833538128 0.3 184000
1694833568028 0.35 188000
1694833603279 0.32 192000
1694833632743 0.33 196000
1694833662971 0.32 200000
1694833692441 0.27 204000
1694833718630 0.24 208000
1694833743297 0.31 212000
1694833767892 0.34 216000
1694833792843 0.34 220000
1694833816851 0.35 224000
1694833841630 0.33 228000
1694833865827 0.36 232000
1694833890508 0.39 236000
1694833914696 0.42 240000
1694833939785 0.42 244000
1694833964597 0.4 248000
1694833988749 0.39 252000
1694834013794 0.44 256000
1694834038003 0.42 260000
1694834061998 0.41 264000
1694834086584 0.42 268000
1694834110903 0.48 272000
1694834135546 0.45 276000
1694834159943 0.42 280000
1694834186534 0.4 284000
1694834219245 0.39 288000
1694834252848 0.39 292000
1694834285400 0.44 296000
1694834317900 0.42 300000
1694834347312 0.43 304000
1694834376744 0.4 308000
1694834412068 0.37 312000
1694834450145 0.44 316000
1694834485512 0.39 320000
1694834524463 0.4 324000
1694834560118 0.42 328000
1694834603072 0.36 332000
1694834643865 0.3 336000
1694834688908 0.27 340000
1694834723280 0.23 344000
