1694832172563 0.0 4000
1694832209222 0.0 8000
1694832246235 0.0 12000
1694832282802 0.0 16000
1694832317164 0.0 20000
1694832348705 0.0 24000
1694832378557 0.0 28000
1694832408638 0.0 32000
1694832440338 0.0 36000
1694832471738 0.0 40000
1694832507459 0.0 44000
1694832536401 0.0 48000
1694832564050 0.0 52000
1694832596467 0.0 56000
1694832625700 0.0 60000
1694832654955 0.0 64000
1694832683405 0.0 68000
1694832713059 0.0 72000
1694832741965 0.0 76000
1694832770322 0.0 80000
1694832799757 0.0 84000
1694832829312 0.0 88000
1694832858249 0.0 92000
1694832887870 0.0 96000
1694832916406 0.0 100000
1694832946201 0.0 104000
1694832974325 0.0 108000
1694833003412 0.0 112000
1694833032227 0.0 116000
1694833061853 0.0 120000
1694833091929 0.0 124000
1694833121520 0.0 128000
1694833150462 0.0 132000
1694833180383 0.0 136000
1694833209280 0.0 140000
1694833239079 0.0 144000
1694833267787 0.0 148000
1694833296676 0.0 152000
1694833325722 0.0 156000
1694833355410 0.0 160000
1694833389189 0.0 164000
1694833420230 0.0 168000
1694833449577 0.0 172000
1694833480390 0.0 176000
1694833509487 0.0 180000
1694833538130 0.0 184000
1694833568030 0.0 188000
1694833603280 0.0 192000
1694833632744 0.0 196000
1694833662972 0.0 200000
1694833692442 0.0 204000
1694833718631 0.0 208000
1694833743298 0.0 212000
1694833767893 0.0 216000
1694833792844 0.0 220000
1694833816852 0.0 224000
1694833841631 0.0 228000
1694833865828 0.0 232000
1694833890509 0.0 236000
1694833914697 0.0 240000
1694833939786 0.0 244000
1694833964598 0.0 248000
1694833988750 0.0 252000
1694834013795 0.0 256000
1694834038004 0.0 260000
1694834061999 0.0 264000
1694834086585 0.0 268000
1694834110904 0.0 272000
1694834135547 0.0 276000
1694834159944 0.0 280000
1694834186536 0.0 284000
1694834219246 0.0 288000
1694834252866 0.0 292000
1694834285402 0.0 296000
1694834317901 0.0 300000
1694834347313 0.0 304000
1694834376746 0.0 308000
1694834412070 0.0 312000
1694834450146 0.0 316000
1694834485513 0.0 320000
1694834524465 0.0 324000
1694834560119 0.0 328000
1694834603074 0.0 332000
1694834643866 0.0 336000
1694834688910 0.0 340000
1694834723282 0.0 344000
