1694832172576 1.0 4000
1694832209263 1.0 8000
1694832246247 1.0 12000
1694832282817 1.0 16000
1694832317179 1.0 20000
1694832348718 1.0 24000
1694832378566 1.0 28000
1694832408650 1.0 32000
1694832440351 1.0 36000
1694832471753 1.0 40000
1694832507470 1.0 44000
1694832536409 1.0 48000
1694832564058 1.0 52000
1694832596476 1.0 56000
1694832625708 1.0 60000
1694832654963 1.0 64000
1694832683413 1.0 68000
1694832713067 1.0 72000
1694832741974 1.0 76000
1694832770337 1.0 80000
1694832799766 1.0 84000
1694832829320 1.0 88000
1694832858260 1.0 92000
1694832887881 1.0 96000
1694832916414 1.0 100000
1694832946210 1.0 104000
1694832974333 1.0 108000
1694833003419 1.0 112000
1694833032242 1.0 116000
1694833061862 1.0 120000
1694833091944 1.0 124000
1694833121528 1.0 128000
1694833150471 1.0 132000
1694833180392 1.0 136000
1694833209292 1.0 140000
1694833239089 1.0 144000
1694833267802 1.0 148000
1694833296684 1.0 152000
1694833325730 1.0 156000
1694833355420 1.0 160000
1694833389208 1.0 164000
1694833420238 1.0 168000
1694833449585 1.0 172000
1694833480400 1.0 176000
1694833509495 1.0 180000
1694833538138 1.0 184000
1694833568041 1.0 188000
1694833603290 1.0 192000
1694833632753 1.0 196000
1694833662980 1.0 200000
1694833692450 1.0 204000
1694833718639 1.0 208000
1694833743307 1.0 212000
1694833767901 1.0 216000
1694833792851 1.0 220000
1694833816866 1.0 224000
1694833841639 1.0 228000
1694833865836 1.0 232000
1694833890518 1.0 236000
1694833914704 1.0 240000
1694833939794 1.0 244000
1694833964605 1.0 248000
1694833988758 1.0 252000
1694834013802 1.0 256000
1694834038013 1.0 260000
1694834062006 1.0 264000
1694834086593 1.0 268000
1694834110913 1.0 272000
1694834135555 1.0 276000
1694834159952 1.0 280000
1694834186547 1.0 284000
1694834219254 1.0 288000
1694834252879 1.0 292000
1694834285409 1.0 296000
1694834317909 1.0 300000
1694834347323 1.0 304000
1694834376755 1.0 308000
1694834412087 1.0 312000
1694834450176 1.0 316000
1694834485523 1.0 320000
1694834524474 1.0 324000
1694834560133 1.0 328000
1694834603092 1.0 332000
1694834643876 1.0 336000
1694834688923 1.0 340000
1694834723292 1.0 344000
