1694832172573 0.0 4000
1694832209257 0.0 8000
1694832246246 0.0 12000
1694832282815 0.0 16000
1694832317177 0.0 20000
1694832348715 0.0 24000
1694832378565 0.0 28000
1694832408649 0.0 32000
1694832440350 0.0 36000
1694832471751 0.0 40000
1694832507468 0.0 44000
1694832536408 0.0 48000
1694832564057 0.0 52000
1694832596474 0.0 56000
1694832625707 0.0 60000
1694832654961 0.0 64000
1694832683412 0.0 68000
1694832713066 0.0 72000
1694832741972 0.0 76000
1694832770336 0.0 80000
1694832799765 0.0 84000
1694832829319 0.0 88000
1694832858259 0.0 92000
1694832887879 0.0 96000
1694832916413 0.0 100000
1694832946209 0.0 104000
1694832974332 0.0 108000
1694833003418 0.0 112000
1694833032239 0.0 116000
1694833061860 0.0 120000
1694833091942 0.0 124000
1694833121527 0.0 128000
1694833150469 0.0 132000
1694833180391 0.0 136000
1694833209290 0.0 140000
1694833239087 0.0 144000
1694833267800 0.0 148000
1694833296683 0.0 152000
1694833325729 0.0 156000
1694833355418 0.0 160000
1694833389206 0.0 164000
1694833420237 0.0 168000
1694833449584 0.0 172000
1694833480399 0.0 176000
1694833509493 0.0 180000
1694833538137 0.0 184000
1694833568039 0.0 188000
1694833603288 0.0 192000
1694833632752 0.0 196000
1694833662979 0.0 200000
1694833692448 0.0 204000
1694833718638 0.0 208000
1694833743306 0.0 212000
1694833767900 0.0 216000
1694833792850 0.0 220000
1694833816864 0.0 224000
1694833841638 0.0 228000
1694833865835 0.0 232000
1694833890517 0.0 236000
1694833914703 0.0 240000
1694833939793 0.0 244000
1694833964604 0.0 248000
1694833988757 0.0 252000
1694834013801 0.0 256000
1694834038012 0.0 260000
1694834062005 0.0 264000
1694834086592 0.0 268000
1694834110912 0.0 272000
1694834135554 0.0 276000
1694834159951 0.0 280000
1694834186546 0.0 284000
1694834219253 0.0 288000
1694834252877 0.0 292000
1694834285408 0.0 296000
1694834317908 0.0 300000
1694834347321 0.0 304000
1694834376754 0.0 308000
1694834412085 0.0 312000
1694834450174 0.0 316000
1694834485521 0.0 320000
1694834524473 0.0 324000
1694834560130 0.0 328000
1694834603089 0.0 332000
1694834643874 0.0 336000
1694834688921 0.0 340000
1694834723291 0.0 344000
