1694832172565 1.0 4000
1694832209224 1.0 8000
1694832246238 1.0 12000
1694832282803 1.0 16000
1694832317166 1.0 20000
1694832348706 1.0 24000
1694832378558 1.0 28000
1694832408640 1.0 32000
1694832440341 1.0 36000
1694832471741 1.0 40000
1694832507460 1.0 44000
1694832536402 1.0 48000
1694832564051 1.0 52000
1694832596468 1.0 56000
1694832625701 1.0 60000
1694832654956 1.0 64000
1694832683406 1.0 68000
1694832713060 1.0 72000
1694832741966 1.0 76000
1694832770324 1.0 80000
1694832799759 1.0 84000
1694832829314 1.0 88000
1694832858251 1.0 92000
1694832887871 1.0 96000
1694832916407 1.0 100000
1694832946202 1.0 104000
1694832974326 1.0 108000
1694833003413 1.0 112000
1694833032228 1.0 116000
1694833061854 1.0 120000
1694833091930 1.0 124000
1694833121521 1.0 128000
1694833150464 1.0 132000
1694833180385 1.0 136000
1694833209282 1.0 140000
1694833239080 1.0 144000
1694833267788 1.0 148000
1694833296677 1.0 152000
1694833325723 1.0 156000
1694833355412 1.0 160000
1694833389192 1.0 164000
1694833420231 1.0 168000
1694833449578 1.0 172000
1694833480392 1.0 176000
1694833509488 1.0 180000
1694833538131 1.0 184000
1694833568032 1.0 188000
1694833603281 1.0 192000
1694833632745 1.0 196000
1694833662973 1.0 200000
1694833692443 1.0 204000
1694833718632 1.0 208000
1694833743299 1.0 212000
1694833767894 1.0 216000
1694833792845 1.0 220000
1694833816853 1.0 224000
1694833841632 1.0 228000
1694833865829 1.0 232000
1694833890510 1.0 236000
1694833914698 1.0 240000
1694833939787 1.0 244000
1694833964599 1.0 248000
1694833988751 1.0 252000
1694834013796 1.0 256000
1694834038005 1.0 260000
1694834062000 1.0 264000
1694834086586 1.0 268000
1694834110905 1.0 272000
1694834135549 1.0 276000
1694834159946 1.0 280000
1694834186538 1.0 284000
1694834219247 1.0 288000
1694834252868 1.0 292000
1694834285403 1.0 296000
1694834317902 1.0 300000
1694834347314 1.0 304000
1694834376747 1.0 308000
1694834412072 1.0 312000
1694834450148 1.0 316000
1694834485515 1.0 320000
1694834524466 1.0 324000
1694834560120 1.0 328000
1694834603076 1.0 332000
1694834643867 1.0 336000
1694834688912 1.0 340000
1694834723284 1.0 344000
