1694832172572 0.21428571428571427 4000
1694832209236 0.29411764705882354 8000
1694832246245 0.3275862068965517 12000
1694832282812 0.34177215189873417 16000
1694832317175 0.31313131313131315 20000
1694832348713 0.29 24000
1694832378564 0.23 28000
1694832408648 0.26 32000
1694832440349 0.27 36000
1694832471750 0.28 40000
1694832507465 0.3 44000
1694832536407 0.33 48000
1694832564056 0.3 52000
1694832596473 0.3 56000
1694832625706 0.32 60000
1694832654960 0.32 64000
1694832683411 0.34 68000
1694832713065 0.35 72000
1694832741971 0.32 76000
1694832770334 0.31 80000
1694832799763 0.32 84000
1694832829318 0.3 88000
1694832858258 0.34 92000
1694832887877 0.37 96000
1694832916411 0.4 100000
1694832946207 0.43 104000
1694832974331 0.46 108000
1694833003417 0.42 112000
1694833032235 0.41 116000
1694833061859 0.35 120000
1694833091939 0.32 124000
1694833121526 0.28 128000
1694833150468 0.37 132000
1694833180390 0.39 136000
1694833209288 0.41 140000
1694833239085 0.47 144000
1694833267798 0.43 148000
1694833296682 0.37 152000
1694833325728 0.36 156000
1694833355417 0.31 160000
1694833389203 0.25 164000
1694833420235 0.27 168000
1694833449583 0.25 172000
1694833480398 0.24 176000
1694833509492 0.25 180000
1694833538135 0.3 184000
1694833568038 0.35 188000
1694833603287 0.32 192000
1694833632751 0.33 196000
1694833662978 0.32 200000
1694833692447 0.27 204000
1694833718637 0.24 208000
1694833743305 0.31 212000
1694833767899 0.34 216000
1694833792849 0.34 220000
1694833816862 0.35 224000
1694833841637 0.33 228000
1694833865834 0.36 232000
1694833890516 0.39 236000
1694833914702 0.42 240000
1694833939792 0.42 244000
1694833964603 0.4 248000
1694833988756 0.39 252000
1694834013800 0.44 256000
1694834038010 0.42 260000
1694834062004 0.41 264000
1694834086591 0.42 268000
1694834110910 0.48 272000
1694834135553 0.45 276000
1694834159950 0.42 280000
1694834186544 0.4 284000
1694834219252 0.39 288000
1694834252876 0.39 292000
1694834285407 0.44 296000
1694834317907 0.42 300000
1694834347319 0.43 304000
1694834376753 0.4 308000
1694834412083 0.37 312000
1694834450172 0.44 316000
1694834485520 0.39 320000
1694834524472 0.4 324000
1694834560128 0.42 328000
1694834603086 0.36 332000
1694834643873 0.3 336000
1694834688919 0.27 340000
1694834723289 0.23 344000
