1694832172567 0.42857142857142855 4000
1694832209227 0.47058823529411764 8000
1694832246240 0.41379310344827586 12000
1694832282805 0.3924050632911392 16000
1694832317168 0.3838383838383838 20000
1694832348707 0.4 24000
1694832378560 0.43 28000
1694832408642 0.4 32000
1694832440343 0.39 36000
1694832471743 0.36 40000
1694832507461 0.31 44000
1694832536403 0.26 48000
1694832564052 0.29 52000
1694832596469 0.33 56000
1694832625702 0.38 60000
1694832654957 0.42 64000
1694832683408 0.42 68000
1694832713061 0.43 72000
1694832741967 0.45 76000
1694832770328 0.46 80000
1694832799760 0.43 84000
1694832829315 0.42 88000
1694832858253 0.38 92000
1694832887872 0.34 96000
1694832916408 0.27 100000
1694832946204 0.25 104000
1694832974327 0.27 108000
1694833003414 0.29 112000
1694833032230 0.31 116000
1694833061855 0.38 120000
1694833091931 0.41 124000
1694833121522 0.44 128000
1694833150465 0.38 132000
1694833180386 0.35 136000
1694833209283 0.29 140000
1694833239081 0.27 144000
1694833267790 0.27 148000
1694833296678 0.28 152000
1694833325724 0.33 156000
1694833355413 0.38 160000
1694833389194 0.43 164000
1694833420232 0.41 168000
1694833449580 0.4 172000
1694833480393 0.37 176000
1694833509489 0.38 180000
1694833538132 0.36 184000
1694833568033 0.37 188000
1694833603283 0.43 192000
1694833632747 0.41 196000
1694833662974 0.42 200000
1694833692444 0.44 204000
1694833718633 0.44 208000
1694833743301 0.42 212000
1694833767896 0.44 216000
1694833792846 0.43 220000
1694833816855 0.4 224000
1694833841633 0.4 228000
1694833865831 0.37 232000
1694833890512 0.37 236000
1694833914699 0.38 240000
1694833939789 0.39 244000
1694833964600 0.42 248000
1694833988752 0.42 252000
1694834013797 0.39 256000
1694834038006 0.38 260000
1694834062001 0.41 264000
1694834086587 0.43 268000
1694834110906 0.4 272000
1694834135550 0.46 276000
1694834159947 0.44 280000
1694834186540 0.41 284000
1694834219248 0.39 288000
1694834252870 0.35 292000
1694834285404 0.31 296000
1694834317904 0.34 300000
1694834347316 0.36 304000
1694834376749 0.41 308000
1694834412075 0.43 312000
1694834450150 0.37 316000
1694834485516 0.38 320000
1694834524467 0.4 324000
1694834560122 0.38 328000
1694834603078 0.42 332000
1694834643869 0.5 336000
1694834688914 0.5 340000
1694834723286 0.5 344000
