1694832172570 1.0 4000
1694832209233 1.0 8000
1694832246243 1.0 12000
1694832282809 1.0 16000
1694832317172 1.0 20000
1694832348710 1.0 24000
1694832378563 1.0 28000
1694832408646 1.0 32000
1694832440347 1.0 36000
1694832471748 1.0 40000
1694832507463 1.0 44000
1694832536406 1.0 48000
1694832564054 1.0 52000
1694832596472 1.0 56000
1694832625705 1.0 60000
1694832654959 1.0 64000
1694832683410 1.0 68000
1694832713064 1.0 72000
1694832741970 1.0 76000
1694832770332 1.0 80000
1694832799762 1.0 84000
1694832829317 1.0 88000
1694832858256 1.0 92000
1694832887875 1.0 96000
1694832916410 1.0 100000
1694832946206 1.0 104000
1694832974330 1.0 108000
1694833003416 1.0 112000
1694833032233 1.0 116000
1694833061858 1.0 120000
1694833091936 1.0 124000
1694833121525 1.0 128000
1694833150467 1.0 132000
1694833180389 1.0 136000
1694833209286 1.0 140000
1694833239084 1.0 144000
1694833267795 1.0 148000
1694833296680 1.0 152000
1694833325727 1.0 156000
1694833355416 1.0 160000
1694833389201 1.0 164000
1694833420234 1.0 168000
1694833449582 1.0 172000
1694833480396 1.0 176000
1694833509491 1.0 180000
1694833538134 1.0 184000
1694833568036 1.0 188000
1694833603286 1.0 192000
1694833632750 1.0 196000
1694833662977 1.0 200000
1694833692446 1.0 204000
1694833718636 1.0 208000
1694833743304 1.0 212000
1694833767898 1.0 216000
1694833792848 1.0 220000
1694833816860 1.0 224000
1694833841636 1.0 228000
1694833865833 1.0 232000
1694833890514 1.0 236000
1694833914700 1.0 240000
1694833939791 1.0 244000
1694833964602 1.0 248000
1694833988754 1.0 252000
1694834013799 1.0 256000
1694834038008 1.0 260000
1694834062003 1.0 264000
1694834086590 1.0 268000
1694834110909 1.0 272000
1694834135552 1.0 276000
1694834159949 1.0 280000
1694834186543 1.0 284000
1694834219251 1.0 288000
1694834252873 1.0 292000
1694834285406 1.0 296000
1694834317906 1.0 300000
1694834347318 1.0 304000
1694834376752 1.0 308000
1694834412080 1.0 312000
1694834450155 1.0 316000
1694834485519 1.0 320000
1694834524470 1.0 324000
1694834560125 1.0 328000
1694834603083 1.0 332000
1694834643871 1.0 336000
1694834688918 1.0 340000
1694834723288 1.0 344000
