1694832172568 0.0 4000
1694832209230 0.0 8000
1694832246242 0.0 12000
1694832282806 0.0 16000
1694832317170 0.0 20000
1694832348708 0.0 24000
1694832378561 0.0 28000
1694832408644 0.0 32000
1694832440345 0.0 36000
1694832471746 0.0 40000
1694832507462 0.0 44000
1694832536405 0.0 48000
1694832564053 0.0 52000
1694832596471 0.0 56000
1694832625704 0.0 60000
1694832654958 0.0 64000
1694832683409 0.0 68000
1694832713062 0.0 72000
1694832741968 0.0 76000
1694832770330 0.0 80000
1694832799761 0.0 84000
1694832829316 0.0 88000
1694832858255 0.0 92000
1694832887873 0.0 96000
1694832916409 0.0 100000
1694832946205 0.0 104000
1694832974329 0.0 108000
1694833003415 0.0 112000
1694833032231 0.0 116000
1694833061856 0.0 120000
1694833091933 0.0 124000
1694833121524 0.0 128000
1694833150466 0.0 132000
1694833180388 0.0 136000
1694833209284 0.0 140000
1694833239083 0.0 144000
1694833267793 0.0 148000
1694833296679 0.0 152000
1694833325725 0.0 156000
1694833355414 0.0 160000
1694833389197 0.0 164000
1694833420233 0.0 168000
1694833449581 0.0 172000
1694833480395 0.0 176000
1694833509490 0.0 180000
1694833538133 0.0 184000
1694833568035 0.0 188000
1694833603284 0.0 192000
1694833632748 0.0 196000
1694833662976 0.0 200000
1694833692445 0.0 204000
1694833718635 0.0 208000
1694833743303 0.0 212000
1694833767897 0.0 216000
1694833792847 0.0 220000
1694833816857 0.0 224000
1694833841635 0.0 228000
1694833865832 0.0 232000
1694833890513 0.0 236000
1694833914699 0.0 240000
1694833939790 0.0 244000
1694833964601 0.0 248000
1694833988753 0.0 252000
1694834013798 0.0 256000
1694834038007 0.0 260000
1694834062002 0.0 264000
1694834086588 0.0 268000
1694834110907 0.0 272000
1694834135551 0.0 276000
1694834159948 0.0 280000
1694834186541 0.0 284000
1694834219250 0.0 288000
1694834252872 0.0 292000
1694834285405 0.0 296000
1694834317905 0.0 300000
1694834347317 0.0 304000
1694834376750 0.0 308000
1694834412077 0.0 312000
1694834450152 0.0 316000
1694834485517 0.0 320000
1694834524469 0.0 324000
1694834560123 0.0 328000
1694834603080 0.0 332000
1694834643870 0.0 336000
1694834688916 0.0 340000
1694834723287 0.0 344000
