1694836625647 0.9 4000
1694836654322 0.9 8000
1694836682479 0.9 12000
1694836712382 0.9 16000
1694836741925 0.9 20000
1694836771551 0.9 24000
1694836802361 0.9 28000
1694836832793 0.9 32000
1694836863553 0.9 36000
1694836893420 0.9 40000
1694836927455 0.9 44000
1694836958708 0.9 48000
1694836991054 0.9 52000
1694837024117 0.9 56000
1694837056372 0.9 60000
1694837087352 0.9 64000
1694837118928 0.9 68000
1694837151073 0.9 72000
1694837182807 0.9 76000
1694837215821 0.9 80000
1694837250788 0.9 84000
1694837283016 0.9 88000
1694837314831 0.9 92000
1694837347255 0.9 96000
1694837379367 0.9 100000
1694837410841 0.9 104000
1694837442961 0.9 108000
1694837474622 0.9 112000
1694837506435 0.9 116000
1694837538824 0.9 120000
1694837573612 0.9 124000
1694837606110 0.9 128000
1694837640100 0.9 132000
1694837673094 0.9 136000
1694837705335 0.9 140000
1694837737599 0.9 144000
1694837769480 0.9 148000
1694837802221 0.9 152000
1694837834268 0.9 156000
1694837867772 0.9 160000
1694837905729 0.9 164000
1694837939252 0.9 168000
1694837971592 0.9 172000
1694838004992 0.9 176000
1694838037140 0.9 180000
1694838068320 0.9 184000
1694838099685 0.9 188000
1694838131090 0.9 192000
1694838162440 0.9 196000
1694838193112 0.9 200000
1694838229074 0.9 204000
1694838260345 0.9 208000
1694838291228 0.9 212000
1694838323154 0.9 216000
1694838354722 0.9 220000
1694838386132 0.9 224000
1694838417276 0.9 228000
1694838448100 0.9 232000
1694838480011 0.9 236000
1694838512060 0.9 240000
1694838547592 0.9 244000
1694838580049 0.9 248000
1694838612043 0.9 252000
1694838644189 0.9 256000
1694838675538 0.9 260000
1694838706881 0.9 264000
1694838738666 0.9 268000
1694838771485 0.9 272000
1694838804348 0.9 276000
1694838837771 0.9 280000
1694838875383 0.9 284000
1694838908398 0.9 288000
1694838941298 0.9 292000
1694838973873 0.9 296000
1694839006920 0.9 300000
1694839038699 0.9 304000
1694839070428 0.9 308000
1694839101822 0.9 312000
1694839134833 0.9 316000
1694839166861 0.9 320000
1694839200865 0.9 324000
1694839233474 0.9 328000
1694839264950 0.9 332000
1694839297315 0.9 336000
1694839328508 0.9 340000
1694839359803 0.9 344000
1694839389883 0.9 348000
1694839420914 0.9 352000
1694839452156 0.9 356000
1694839483167 0.9 360000
1694839516443 0.9 364000
1694839548067 0.9 368000
1694839579524 0.9 372000
1694839611765 0.9 376000
1694839642862 0.9 380000
1694839674516 0.9 384000
1694839706831 0.9 388000
1694839739603 0.9 392000
1694839771685 0.9 396000
1694839804209 0.9 400000
1694839840698 0.9 404000
1694839873511 0.9 408000
1694839906252 0.9 412000
1694839938561 0.9 416000
1694839971247 0.9 420000
1694840003188 0.9 424000
1694840035954 0.9 428000
1694840067362 0.9 432000
1694840099726 0.9 436000
1694840133321 0.9 440000
1694840170758 0.9 444000
1694840205123 0.9 448000
1694840237393 0.9 452000
1694840270896 0.9 456000
1694840302860 0.9 460000
1694840335659 0.9 464000
1694840366397 0.9 468000
1694840399612 0.9 472000
1694840430883 0.9 476000
1694840462937 0.9 480000
1694840498133 0.9 484000
1694840530253 0.9 488000
1694840562074 0.9 492000
1694840594174 0.9 496000
1694840627576 0.9 500000
1694840658748 0.9 504000
1694840690287 0.9 508000
1694840720822 0.9 512000
1694840752442 0.9 516000
1694840783714 0.9 520000
1694840820816 0.9 524000
1694840856107 0.9 528000
1694840885204 0.9 532000
1694840912344 0.9 536000
1694840940267 0.9 540000
1694840966422 0.9 544000
1694840993232 0.9 548000
1694841019427 0.9 552000
1694841046063 0.9 556000
1694841073393 0.9 560000
1694841102089 0.9 564000
1694841128443 0.9 568000
1694841154851 0.9 572000
1694841181829 0.9 576000
