1694836624845 0.0 4000
1694836653903 0.0 8000
1694836682004 0.0 12000
1694836711640 0.0 16000
1694836741499 0.0 20000
1694836770737 0.0 24000
1694836801890 0.0 28000
1694836832077 0.0 32000
1694836863083 0.0 36000
1694836892964 0.0 40000
1694836926976 0.0 44000
1694836958266 0.0 48000
1694836990523 0.0 52000
1694837023581 0.0 56000
1694837055917 0.0 60000
1694837086880 0.0 64000
1694837118393 0.0 68000
1694837150593 0.0 72000
1694837182326 0.0 76000
1694837215323 0.0 80000
1694837249995 0.0 84000
1694837282524 0.0 88000
1694837314285 0.0 92000
1694837346775 0.0 96000
1694837378873 0.0 100000
1694837410354 0.0 104000
1694837442478 0.0 108000
1694837474107 0.0 112000
1694837505944 0.0 116000
1694837538347 0.0 120000
1694837573104 0.0 124000
1694837605630 0.0 128000
1694837639546 0.0 132000
1694837672293 0.0 136000
1694837704846 0.0 140000
1694837737062 0.0 144000
1694837768999 0.0 148000
1694837801712 0.0 152000
1694837833760 0.0 156000
1694837867298 0.0 160000
1694837905213 0.0 164000
1694837938613 0.0 168000
1694837970810 0.0 172000
1694838004559 0.0 176000
1694838036710 0.0 180000
1694838067905 0.0 184000
1694838099258 0.0 188000
1694838130617 0.0 192000
1694838162046 0.0 196000
1694838192709 0.0 200000
1694838228609 0.0 204000
1694838259949 0.0 208000
1694838290758 0.0 212000
1694838322674 0.0 216000
1694838354305 0.0 220000
1694838385720 0.0 224000
1694838416858 0.0 228000
1694838447670 0.0 232000
1694838479607 0.0 236000
1694838511364 0.0 240000
1694838547114 0.0 244000
1694838579622 0.0 248000
1694838611652 0.0 252000
1694838643770 0.0 256000
1694838675124 0.0 260000
1694838706413 0.0 264000
1694838738266 0.0 268000
1694838771067 0.0 272000
1694838803877 0.0 276000
1694838837272 0.0 280000
1694838874879 0.0 284000
1694838907907 0.0 288000
1694838940863 0.0 292000
1694838973430 0.0 296000
1694839006507 0.0 300000
1694839038225 0.0 304000
1694839070014 0.0 308000
1694839101412 0.0 312000
1694839134421 0.0 316000
1694839166465 0.0 320000
1694839200425 0.0 324000
1694839232678 0.0 328000
1694839264530 0.0 332000
1694839296909 0.0 336000
1694839328068 0.0 340000
1694839359421 0.0 344000
1694839389479 0.0 348000
1694839420464 0.0 352000
1694839451730 0.0 356000
1694839482726 0.0 360000
1694839515965 0.0 364000
1694839547665 0.0 368000
1694839579126 0.0 372000
1694839611375 0.0 376000
1694839642444 0.0 380000
1694839674079 0.0 384000
1694839706427 0.0 388000
1694839739176 0.0 392000
1694839770940 0.0 396000
1694839803787 0.0 400000
1694839840232 0.0 404000
1694839873127 0.0 408000
1694839905825 0.0 412000
1694839938086 0.0 416000
1694839970800 0.0 420000
1694840002785 0.0 424000
1694840035496 0.0 428000
1694840066891 0.0 432000
1694840099285 0.0 436000
1694840132500 0.0 440000
1694840170295 0.0 444000
1694840204697 0.0 448000
1694840236983 0.0 452000
1694840270434 0.0 456000
1694840302446 0.0 460000
1694840335232 0.0 464000
1694840365989 0.0 468000
1694840399199 0.0 472000
1694840430177 0.0 476000
1694840462480 0.0 480000
1694840497692 0.0 484000
1694840529796 0.0 488000
1694840561646 0.0 492000
1694840593685 0.0 496000
1694840627153 0.0 500000
1694840658333 0.0 504000
1694840689885 0.0 508000
1694840720409 0.0 512000
1694840752041 0.0 516000
1694840783298 0.0 520000
1694840820349 0.0 524000
1694840855687 0.0 528000
1694840884834 0.0 532000
1694840911644 0.0 536000
1694840939863 0.0 540000
1694840966007 0.0 544000
1694840992860 0.0 548000
1694841019048 0.0 552000
1694841045665 0.0 556000
1694841072998 0.0 560000
1694841101697 0.0 564000
1694841127999 0.0 568000
1694841154490 0.0 572000
1694841181249 0.0 576000
