1694836624799 0.9129999999999999 4000
1694836653858 0.9129999999999999 8000
1694836681958 0.9169999999999999 12000
1694836711587 1.188 16000
1694836741456 1.188 20000
1694836770692 1.188 24000
1694836801842 1.188 28000
1694836832032 1.17 32000
1694836863038 1.0430000000000001 36000
1694836892920 1.0430000000000001 40000
1694836926932 1.279 44000
1694836958222 1.279 48000
1694836990466 1.279 52000
1694837023533 1.2650000000000001 56000
1694837055870 1.589 60000
1694837086837 1.589 64000
1694837118327 1.589 68000
1694837150547 1.589 72000
1694837182280 1.7229999999999999 76000
1694837215277 1.7229999999999999 80000
1694837249944 1.7530000000000001 84000
1694837282477 1.7530000000000001 88000
1694837314234 1.7530000000000001 92000
1694837346728 1.7570000000000001 96000
1694837378827 1.772 100000
1694837410325 1.772 104000
1694837442435 1.798 108000
1694837474056 1.8940000000000001 112000
1694837505899 1.8940000000000001 116000
1694837538304 1.8940000000000001 120000
1694837573057 1.811 124000
1694837605556 1.893 128000
1694837639498 1.893 132000
1694837672242 1.893 136000
1694837704801 1.827 140000
1694837737015 1.927 144000
1694837768952 1.927 148000
1694837801663 1.927 152000
1694837833713 1.919 156000
1694837867251 1.93 160000
1694837905164 1.93 164000
1694837938563 1.9209999999999998 168000
1694837970761 1.934 172000
1694838004513 1.934 176000
1694838036665 1.93 180000
1694838067857 1.9289999999999998 184000
1694838099212 1.9180000000000001 188000
1694838130571 1.951 192000
1694838161998 1.951 196000
1694838192664 1.9289999999999998 200000
1694838228562 1.928 204000
1694838259904 1.9409999999999998 208000
1694838290712 1.9369999999999998 212000
1694838322605 1.94 216000
1694838354256 1.932 220000
1694838385670 1.951 224000
1694838416812 1.951 228000
1694838447621 1.943 232000
1694838479558 1.943 236000
1694838511317 1.9369999999999998 240000
1694838547065 1.949 244000
1694838579574 1.9369999999999998 248000
1694838611605 1.956 252000
1694838643724 1.947 256000
1694838675077 1.9489999999999998 260000
1694838706367 1.9569999999999999 264000
1694838738219 1.9569999999999999 268000
1694838771021 1.948 272000
1694838803824 1.955 276000
1694838837223 1.948 280000
1694838874829 1.942 284000
1694838907857 1.956 288000
1694838940814 1.959 292000
1694838973381 1.951 296000
1694839006461 1.951 300000
1694839038179 1.948 304000
1694839069967 1.954 308000
1694839101366 1.955 312000
1694839134373 1.95 316000
1694839166419 1.9609999999999999 320000
1694839200379 1.9609999999999999 324000
1694839232629 1.9609999999999999 328000
1694839264483 1.9569999999999999 332000
1694839296862 1.9569999999999999 336000
1694839327931 1.959 340000
1694839359371 1.9569999999999999 344000
1694839389435 1.9609999999999999 348000
1694839420416 1.959 352000
1694839451683 1.9609999999999999 356000
1694839482667 1.958 360000
1694839515922 1.9609999999999999 364000
1694839547622 1.9609999999999999 368000
1694839579081 1.959 372000
1694839611329 1.9609999999999999 376000
1694839642417 1.9609999999999999 380000
1694839674035 1.96 384000
1694839706380 1.9609999999999999 388000
1694839738984 1.9609999999999999 392000
1694839770889 1.96 396000
1694839803681 1.96 400000
1694839840183 1.9609999999999999 404000
1694839873079 1.959 408000
1694839905779 1.9609999999999999 412000
1694839938039 1.9609999999999999 416000
1694839970750 1.9609999999999999 420000
1694840002740 1.9609999999999999 424000
1694840035447 1.9609999999999999 428000
1694840066843 1.9609999999999999 432000
1694840099238 1.9609999999999999 436000
1694840132449 1.9609999999999999 440000
1694840170248 1.96 444000
1694840204648 1.9609999999999999 448000
1694840236937 1.9609999999999999 452000
1694840270385 1.9609999999999999 456000
1694840302397 1.9609999999999999 460000
1694840335184 1.9609999999999999 464000
1694840365940 1.9609999999999999 468000
1694840399150 1.9609999999999999 472000
1694840430130 1.9609999999999999 476000
1694840462431 1.9609999999999999 480000
1694840497643 1.9609999999999999 484000
1694840529751 1.9609999999999999 488000
1694840561600 1.9609999999999999 492000
1694840593633 1.9609999999999999 496000
1694840627107 1.9609999999999999 500000
1694840658286 1.9609999999999999 504000
1694840689841 1.9609999999999999 508000
1694840720381 1.9609999999999999 512000
1694840751995 1.9609999999999999 516000
1694840783252 1.9609999999999999 520000
1694840820300 1.9609999999999999 524000
1694840855598 1.9609999999999999 528000
1694840884790 1.9609999999999999 532000
1694840911597 1.9609999999999999 536000
1694840939837 1.9609999999999999 540000
1694840965963 1.9609999999999999 544000
1694840992835 1.9609999999999999 548000
1694841019002 1.9609999999999999 552000
1694841045636 1.9609999999999999 556000
1694841072953 1.9609999999999999 560000
1694841101651 1.9609999999999999 564000
1694841127955 1.9609999999999999 568000
1694841154446 1.9609999999999999 572000
1694841181168 1.9609999999999999 576000
