1694836624805 12.0 4000
1694836653864 22.0 8000
1694836681964 23.0 12000
1694836711593 23.0 16000
1694836741462 22.0 20000
1694836770698 22.0 24000
1694836801848 22.0 28000
1694836832038 21.0 32000
1694836863044 24.0 36000
1694836892925 21.0 40000
1694836926937 20.0 44000
1694836958227 35.0 48000
1694836990476 24.0 52000
1694837023540 30.0 56000
1694837055876 23.0 60000
1694837086843 27.0 64000
1694837118333 31.0 68000
1694837150568 22.0 72000
1694837182286 28.0 76000
1694837215283 31.0 80000
1694837249950 40.0 84000
1694837282483 30.0 88000
1694837314240 30.0 92000
1694837346733 42.0 96000
1694837378833 35.0 100000
1694837410331 36.0 104000
1694837442441 42.0 108000
1694837474080 29.0 112000
1694837505905 40.0 116000
1694837538309 31.0 120000
1694837573079 48.0 124000
1694837605579 34.0 128000
1694837639504 43.0 132000
1694837672248 38.0 136000
1694837704807 46.0 140000
1694837737021 40.0 144000
1694837768958 41.0 148000
1694837801686 45.0 152000
1694837833736 46.0 156000
1694837867258 46.0 160000
1694837905187 59.0 164000
1694837938569 51.0 168000
1694837970769 46.0 172000
1694838004519 60.0 176000
1694838036671 46.0 180000
1694838067863 53.0 184000
1694838099218 58.0 188000
1694838130594 78.0 192000
1694838162004 58.0 196000
1694838192670 64.0 200000
1694838228568 55.0 204000
1694838259909 66.0 208000
1694838290718 77.0 212000
1694838322611 72.0 216000
1694838354262 69.0 220000
1694838385693 65.0 224000
1694838416818 68.0 228000
1694838447644 67.0 232000
1694838479565 72.0 236000
1694838511323 64.0 240000
1694838547071 88.0 244000
1694838579597 92.0 248000
1694838611611 95.0 252000
1694838643730 79.0 256000
1694838675100 88.0 260000
1694838706373 77.0 264000
1694838738225 93.0 268000
1694838771027 96.0 272000
1694838803832 89.0 276000
1694838837229 92.0 280000
1694838874852 76.0 284000
1694838907864 73.0 288000
1694838940820 109.0 292000
1694838973404 96.0 296000
1694839006467 83.0 300000
1694839038185 88.0 304000
1694839069972 102.0 308000
1694839101372 113.0 312000
1694839134379 100.0 316000
1694839166425 92.0 320000
1694839200385 113.0 324000
1694839232635 90.0 328000
1694839264489 107.0 332000
1694839296868 109.0 336000
1694839327937 124.0 340000
1694839359376 110.0 344000
1694839389441 117.0 348000
1694839420422 114.0 352000
1694839451689 133.0 356000
1694839482676 94.0 360000
1694839515928 138.0 364000
1694839547628 116.0 368000
1694839579087 119.0 372000
1694839611335 138.0 376000
1694839642422 136.0 380000
1694839674040 150.0 384000
1694839706385 129.0 388000
1694839739099 123.0 392000
1694839770895 139.0 396000
1694839803754 134.0 400000
1694839840189 133.0 404000
1694839873085 152.0 408000
1694839905785 150.0 412000
1694839938045 127.0 416000
1694839970775 159.0 420000
1694840002746 126.0 424000
1694840035471 146.0 428000
1694840066848 124.0 432000
1694840099244 135.0 436000
1694840132473 160.0 440000
1694840170254 101.0 444000
1694840204671 124.0 448000
1694840236943 145.0 452000
1694840270391 149.0 456000
1694840302403 155.0 460000
1694840335190 172.0 464000
1694840365946 143.0 468000
1694840399156 104.0 472000
1694840430136 129.0 476000
1694840462438 149.0 480000
1694840497649 154.0 484000
1694840529757 144.0 488000
1694840561607 135.0 492000
1694840593639 147.0 496000
1694840627129 161.0 500000
1694840658293 170.0 504000
1694840689846 148.0 508000
1694840720387 163.0 512000
1694840752001 178.0 516000
1694840783258 142.0 520000
1694840820306 132.0 524000
1694840855604 133.0 528000
1694840884796 137.0 532000
1694840911604 180.0 536000
1694840939842 121.0 540000
1694840965985 125.0 544000
1694840992840 184.0 548000
1694841019008 161.0 552000
1694841045642 178.0 556000
1694841072958 141.0 560000
1694841101657 188.0 564000
1694841127961 134.0 568000
1694841154451 153.0 572000
1694841181194 151.0 576000
