1694836624801 -0.8980000000000001 4000
1694836653860 -0.8980000000000001 8000
1694836681960 -0.8980000000000001 12000
1694836711589 -0.8980000000000001 16000
1694836741458 -0.8980000000000001 20000
1694836770694 -0.4880000000000001 24000
1694836801844 -0.765 28000
1694836832033 -0.765 32000
1694836863040 -0.765 36000
1694836892921 -0.765 40000
1694836926933 -0.4870000000000001 44000
1694836958224 -0.43099999999999994 48000
1694836990469 -0.43099999999999994 52000
1694837023535 -0.43800000000000006 56000
1694837055872 -0.48 60000
1694837086839 -0.56 64000
1694837118329 -0.56 68000
1694837150549 -0.56 72000
1694837182282 -0.56 76000
1694837215279 -0.484 80000
1694837249945 -0.484 84000
1694837282479 -0.484 88000
1694837314235 -0.4650000000000001 92000
1694837346729 -0.508 96000
1694837378829 -0.508 100000
1694837410327 -0.508 104000
1694837442437 -0.32500000000000007 108000
1694837474075 -0.3670000000000001 112000
1694837505901 -0.3670000000000001 116000
1694837538305 -0.3670000000000001 120000
1694837573058 -0.3550000000000001 124000
1694837605558 -0.5680000000000001 128000
1694837639500 -0.5680000000000001 132000
1694837672244 -0.5680000000000001 136000
1694837704803 -0.52 140000
1694837737016 -0.31200000000000006 144000
1694837768953 -0.2300000000000001 148000
1694837801665 -0.17700000000000005 152000
1694837833715 -0.3979999999999999 156000
1694837867253 -0.3979999999999999 160000
1694837905166 -0.2469999999999999 164000
1694837938565 -0.2469999999999999 168000
1694837970764 -0.406 172000
1694838004515 -0.406 176000
1694838036667 -0.375 180000
1694838067859 -0.375 184000
1694838099214 -0.3360000000000001 188000
1694838130589 -0.279 192000
1694838162000 -0.2440000000000001 196000
1694838192665 -0.361 200000
1694838228564 -0.361 204000
1694838259905 -0.17600000000000005 208000
1694838290714 -0.19999999999999996 212000
1694838322607 -0.264 216000
1694838354258 -0.264 220000
1694838385672 -0.16600000000000004 224000
1694838416814 -0.15799999999999992 228000
1694838447623 -0.21400000000000008 232000
1694838479560 -0.3789999999999999 236000
1694838511319 -0.271 240000
1694838547066 -0.271 244000
1694838579576 -0.08499999999999996 248000
1694838611607 -0.30500000000000005 252000
1694838643726 -0.11499999999999999 256000
1694838675078 -0.16300000000000003 260000
1694838706369 -0.11399999999999999 264000
1694838738221 -0.20000000000000007 268000
1694838771023 -0.43599999999999994 272000
1694838803827 -0.15600000000000003 276000
1694838837225 -0.11599999999999999 280000
1694838874831 -0.1329999999999999 284000
1694838907859 -0.1329999999999999 288000
1694838940816 -0.18900000000000006 292000
1694838973383 -0.10299999999999998 296000
1694839006462 -0.3370000000000001 300000
1694839038181 -0.16999999999999993 304000
1694839069969 -0.10999999999999999 308000
1694839101368 -0.10099999999999998 312000
1694839134375 -0.129 316000
1694839166421 -0.14300000000000002 320000
1694839200380 -0.16700000000000004 324000
1694839232630 -0.5030000000000001 328000
1694839264485 -0.16400000000000003 332000
1694839296864 -0.11599999999999988 336000
1694839327933 -0.08399999999999996 340000
1694839359372 -0.11099999999999988 344000
1694839389437 -0.21000000000000008 348000
1694839420418 -0.10199999999999987 352000
1694839451685 -0.061000000000000054 356000
1694839482669 -0.07700000000000007 360000
1694839515924 -0.041000000000000036 364000
1694839547624 -0.1259999999999999 368000
1694839579082 -0.09399999999999997 372000
1694839611331 -0.11499999999999988 376000
1694839642419 -0.061000000000000054 380000
1694839674037 -0.11599999999999999 384000
1694839706381 -0.371 388000
1694839739020 -0.06899999999999995 392000
1694839770891 -0.12499999999999989 396000
1694839803696 -0.07099999999999995 400000
1694839840185 -0.396 404000
1694839873081 -0.123 408000
1694839905781 -0.10399999999999998 412000
1694839938041 -0.04799999999999993 416000
1694839970769 -0.05600000000000005 420000
1694840002742 -0.062000000000000055 424000
1694840035449 -0.135 428000
1694840066844 -0.07100000000000006 432000
1694840099240 -0.18900000000000006 436000
1694840132451 -0.06200000000000005 440000
1694840170250 -0.05699999999999994 444000
1694840204650 -0.08399999999999996 448000
1694840236939 -0.061000000000000054 452000
1694840270387 -0.05500000000000005 456000
1694840302399 -0.050000000000000044 460000
1694840335186 -0.10599999999999998 464000
1694840365942 -0.08199999999999996 468000
1694840399152 -0.20899999999999996 472000
1694840430132 -0.274 476000
1694840462433 -0.06400000000000006 480000
1694840497644 -0.05399999999999994 484000
1694840529753 -0.051000000000000045 488000
1694840561602 -0.03700000000000003 492000
1694840593635 -0.07299999999999995 496000
1694840627109 -0.039000000000000035 500000
1694840658288 -0.030000000000000027 504000
1694840689843 -0.15300000000000002 508000
1694840720383 -0.08499999999999996 512000
1694840751997 -0.05600000000000005 516000
1694840783254 -0.594 520000
1694840820301 -0.05400000000000004 524000
1694840855600 -0.09699999999999998 528000
1694840884792 -0.06099999999999994 532000
1694840911599 -0.06899999999999995 536000
1694840939839 -0.06300000000000004 540000
1694840965965 -0.040000000000000036 544000
1694840992836 -0.13 548000
1694841019004 -0.04999999999999993 552000
1694841045638 -0.09099999999999997 556000
1694841072954 -0.039000000000000035 560000
1694841101653 -0.05600000000000005 564000
1694841127957 -0.041000000000000036 568000
1694841154448 -0.08399999999999996 572000
1694841181187 -0.06500000000000004 576000
