1694836624803 204.33333333333334 4000
1694836653863 197.41176470588235 8000
1694836681963 183.9298245614035 12000
1694836711591 185.875 16000
1694836741461 186.03 20000
1694836770697 185.21 24000
1694836801847 180.72 28000
1694836832036 184.9 32000
1694836863043 178.61 36000
1694836892924 176.87 40000
1694836926936 179.75 44000
1694836958226 163.68 48000
1694836990473 155.68 52000
1694837023538 147.15 56000
1694837055874 143.97 60000
1694837086842 154.12 64000
1694837118332 148.13 68000
1694837150567 150.97 72000
1694837182285 152.14 76000
1694837215281 148.07 80000
1694837249948 124.69 84000
1694837282481 120.35 88000
1694837314238 117.77 92000
1694837346732 116.09 96000
1694837378832 110.33 100000
1694837410329 104.54 104000
1694837442439 101.48 108000
1694837474078 112.3 112000
1694837505904 109.74 116000
1694837538308 115.9 120000
1694837573078 102.56 124000
1694837605577 106.1 128000
1694837639503 97.1 132000
1694837672247 101.87 136000
1694837704806 96.96 140000
1694837737019 96.29 144000
1694837768956 92.92 148000
1694837801684 89.36 152000
1694837833734 86.91 156000
1694837867256 85.0 160000
1694837905185 75.32 164000
1694837938568 77.08 168000
1694837970767 84.21 172000
1694838004517 73.0 176000
1694838036670 76.07 180000
1694838067862 79.93 184000
1694838099216 71.88 188000
1694838130592 58.85 192000
1694838162003 62.13 196000
1694838192668 62.97 200000
1694838228567 73.12 204000
1694838259908 63.19 208000
1694838290717 56.12 212000
1694838322609 56.3 216000
1694838354260 53.47 220000
1694838385675 54.13 224000
1694838416817 59.81 228000
1694838447625 60.82 232000
1694838479564 55.45 236000
1694838511322 60.98 240000
1694838547070 47.15 244000
1694838579596 47.03 248000
1694838611610 42.37 252000
1694838643728 48.09 256000
1694838675097 48.09 260000
1694838706372 49.76 264000
1694838738223 44.08 268000
1694838771025 40.87 272000
1694838803830 41.76 276000
1694838837228 45.08 280000
1694838874850 48.77 284000
1694838907862 53.72 288000
1694838940819 36.55045871559633 292000
1694838973402 39.76 296000
1694839006465 47.53 300000
1694839038183 42.09 304000
1694839069971 43.19607843137255 308000
1694839101371 34.716814159292035 312000
1694839134378 40.05 316000
1694839166424 37.65 320000
1694839200383 38.50442477876106 324000
1694839232633 43.96 328000
1694839264487 36.60747663551402 332000
1694839296867 35.20183486238532 336000
1694839327936 34.483870967741936 340000
1694839359375 35.054545454545455 344000
1694839389440 34.00854700854701 348000
1694839420421 31.473684210526315 352000
1694839451688 33.255639097744364 356000
1694839482674 38.46 360000
1694839515926 32.44927536231884 364000
1694839547626 34.11206896551724 368000
1694839579085 33.63865546218487 372000
1694839611334 25.528985507246375 376000
1694839642421 32.875 380000
1694839674039 24.653333333333332 384000
1694839706384 31.131782945736433 388000
1694839739079 34.41463414634146 392000
1694839770894 28.381294964028775 396000
1694839803735 27.08955223880597 400000
1694839840188 32.54887218045113 404000
1694839873084 24.44078947368421 408000
1694839905784 30.686666666666667 412000
1694839938044 28.724409448818896 416000
1694839970774 27.433962264150942 420000
1694840002745 27.46825396825397 424000
1694840035468 29.84931506849315 428000
1694840066847 29.153225806451612 432000
1694840099242 30.266666666666666 436000
1694840132470 27.31875 440000
1694840170253 34.73267326732673 444000
1694840204653 35.08870967741935 448000
1694840236942 23.63448275862069 452000
1694840270389 31.100671140939596 456000
1694840302402 26.45806451612903 460000
1694840335189 23.488372093023255 464000
1694840365945 25.06993006993007 468000
1694840399154 31.634615384615383 472000
1694840430135 35.98449612403101 476000
1694840462436 28.57718120805369 480000
1694840497647 22.850649350649352 484000
1694840529756 25.84722222222222 488000
1694840561605 34.17777777777778 492000
1694840593638 26.755102040816325 496000
1694840627127 23.627329192546583 500000
1694840658291 26.123529411764707 504000
1694840689845 23.277027027027028 508000
1694840720386 26.79754601226994 512000
1694840752000 21.640449438202246 516000
1694840783257 30.154929577464788 520000
1694840820304 29.568181818181817 524000
1694840855603 29.32330827067669 528000
1694840884795 30.875912408759124 532000
1694840911602 22.25 536000
1694840939841 28.760330578512395 540000
1694840965984 30.56 544000
1694840992839 25.206521739130434 548000
1694841019007 22.236024844720497 552000
1694841045641 24.39325842696629 556000
1694841072957 27.25531914893617 560000
1694841101656 21.345744680851062 564000
1694841127960 27.23134328358209 568000
1694841154450 26.45098039215686 572000
1694841181192 25.880794701986755 576000
