1694836624847 12.0 4000
1694836653905 34.0 8000
1694836682005 57.0 12000
1694836711641 80.0 16000
1694836741500 102.0 20000
1694836770739 124.0 24000
1694836801891 146.0 28000
1694836832079 167.0 32000
1694836863084 191.0 36000
1694836892965 212.0 40000
1694836926977 232.0 44000
1694836958267 267.0 48000
1694836990525 291.0 52000
1694837023582 321.0 56000
1694837055919 344.0 60000
1694837086882 371.0 64000
1694837118395 402.0 68000
1694837150595 424.0 72000
1694837182328 452.0 76000
1694837215325 483.0 80000
1694837249997 523.0 84000
1694837282525 553.0 88000
1694837314286 583.0 92000
1694837346777 625.0 96000
1694837378875 660.0 100000
1694837410355 696.0 104000
1694837442480 738.0 108000
1694837474124 767.0 112000
1694837505946 807.0 116000
1694837538348 838.0 120000
1694837573106 886.0 124000
1694837605631 920.0 128000
1694837639548 963.0 132000
1694837672295 1001.0 136000
1694837704848 1047.0 140000
1694837737064 1087.0 144000
1694837769001 1128.0 148000
1694837801714 1173.0 152000
1694837833762 1219.0 156000
1694837867300 1265.0 160000
1694837905215 1324.0 164000
1694837938615 1375.0 168000
1694837970812 1421.0 172000
1694838004561 1481.0 176000
1694838036712 1527.0 180000
1694838067906 1580.0 184000
1694838099260 1638.0 188000
1694838130619 1716.0 192000
1694838162047 1774.0 196000
1694838192710 1838.0 200000
1694838228610 1893.0 204000
1694838259950 1959.0 208000
1694838290759 2036.0 212000
1694838322692 2108.0 216000
1694838354307 2177.0 220000
1694838385721 2242.0 224000
1694838416859 2310.0 228000
1694838447671 2377.0 232000
1694838479609 2449.0 236000
1694838511366 2513.0 240000
1694838547116 2601.0 244000
1694838579623 2693.0 248000
1694838611654 2788.0 252000
1694838643772 2867.0 256000
1694838675126 2955.0 260000
1694838706415 3032.0 264000
1694838738268 3125.0 268000
1694838771069 3221.0 272000
1694838803879 3310.0 276000
1694838837274 3402.0 280000
1694838874881 3478.0 284000
1694838907909 3551.0 288000
1694838940865 3660.0 292000
1694838973432 3756.0 296000
1694839006508 3839.0 300000
1694839038227 3927.0 304000
1694839070016 4029.0 308000
1694839101414 4142.0 312000
1694839134423 4242.0 316000
1694839166467 4334.0 320000
1694839200427 4447.0 324000
1694839232679 4537.0 328000
1694839264532 4644.0 332000
1694839296911 4753.0 336000
1694839328069 4877.0 340000
1694839359423 4987.0 344000
1694839389480 5104.0 348000
1694839420466 5218.0 352000
1694839451731 5351.0 356000
1694839482728 5445.0 360000
1694839515967 5583.0 364000
1694839547667 5699.0 368000
1694839579127 5818.0 372000
1694839611377 5956.0 376000
1694839642462 6092.0 380000
1694839674080 6242.0 384000
1694839706428 6371.0 388000
1694839739178 6494.0 392000
1694839770942 6633.0 396000
1694839803789 6767.0 400000
1694839840233 6900.0 404000
1694839873128 7052.0 408000
1694839905827 7202.0 412000
1694839938088 7329.0 416000
1694839970817 7488.0 420000
1694840002787 7614.0 424000
1694840035497 7760.0 428000
1694840066893 7884.0 432000
1694840099287 8019.0 436000
1694840132502 8179.0 440000
1694840170297 8280.0 444000
1694840204699 8404.0 448000
1694840236984 8549.0 452000
1694840270435 8698.0 456000
1694840302448 8853.0 460000
1694840335234 9025.0 464000
1694840365990 9168.0 468000
1694840399201 9272.0 472000
1694840430179 9401.0 476000
1694840462482 9550.0 480000
1694840497693 9704.0 484000
1694840529798 9848.0 488000
1694840561648 9983.0 492000
1694840593687 10130.0 496000
1694840627155 10291.0 500000
1694840658334 10461.0 504000
1694840689887 10609.0 508000
1694840720410 10772.0 512000
1694840752043 10950.0 516000
1694840783299 11092.0 520000
1694840820351 11224.0 524000
1694840855689 11357.0 528000
1694840884836 11494.0 532000
1694840911646 11674.0 536000
1694840939864 11795.0 540000
1694840966009 11920.0 544000
1694840992861 12104.0 548000
1694841019049 12265.0 552000
1694841045666 12443.0 556000
1694841072999 12584.0 560000
1694841101698 12772.0 564000
1694841128000 12906.0 568000
1694841154492 13059.0 572000
1694841181252 13210.0 576000
