1694836624802 -0.18866666666666668 4000
1694836653861 -0.03923529411764708 8000
1694836681961 0.1320175438596491 12000
1694836711590 0.17191249999999997 16000
1694836741459 0.17062999999999998 20000
1694836770695 0.23692999999999995 24000
1694836801845 0.26117999999999997 28000
1694836832035 0.24475999999999995 32000
1694836863042 0.3071 36000
1694836892923 0.36493999999999993 40000
1694836926935 0.39931999999999995 44000
1694836958225 0.40403 48000
1694836990471 0.4191599999999999 52000
1694837023537 0.3919499999999999 56000
1694837055873 0.38476 60000
1694837086840 0.4183699999999999 64000
1694837118331 0.37944999999999995 68000
1694837150565 0.40256000000000003 72000
1694837182284 0.4323499999999999 76000
1694837215280 0.45674 80000
1694837249947 0.5203899999999999 84000
1694837282480 0.47909000000000007 88000
1694837314237 0.44529999999999986 92000
1694837346731 0.42717999999999995 96000
1694837378831 0.4652799999999999 100000
1694837410328 0.45640000000000003 104000
1694837442438 0.44472 108000
1694837474076 0.46749 112000
1694837505902 0.5155699999999999 116000
1694837538307 0.5147600000000001 120000
1694837573076 0.5211000000000001 124000
1694837605559 0.5706700000000001 128000
1694837639501 0.5734699999999999 132000
1694837672245 0.6171699999999999 136000
1694837704805 0.5196200000000001 140000
1694837737018 0.57774 144000
1694837768955 0.5896899999999999 148000
1694837801666 0.61087 152000
1694837833716 0.59816 156000
1694837867255 0.6140599999999999 160000
1694837905167 0.68249 164000
1694837938566 0.7535900000000001 168000
1694837970766 0.77751 172000
1694838004516 0.63057 176000
1694838036668 0.6719600000000001 180000
1694838067860 0.7299599999999999 184000
1694838099215 0.68991 188000
1694838130591 0.7641399999999998 192000
1694838162001 0.8822200000000002 196000
1694838192667 0.7954300000000001 200000
1694838228565 0.7109500000000001 204000
1694838259907 0.75362 208000
1694838290715 0.79184 212000
1694838322608 0.7946599999999999 216000
1694838354259 0.7503099999999998 220000
1694838385674 0.8587000000000002 224000
1694838416816 0.8202200000000001 228000
1694838447624 0.77811 232000
1694838479562 0.8346600000000001 236000
1694838511321 0.8316499999999999 240000
1694838547068 0.8322399999999999 244000
1694838579577 0.8961200000000001 248000
1694838611608 0.9377200000000001 252000
1694838643727 0.87381 256000
1694838675080 0.8637699999999999 260000
1694838706370 0.9130799999999999 264000
1694838738222 1.00645 268000
1694838771024 0.8924800000000002 272000
1694838803828 0.9236599999999998 276000
1694838837226 0.86675 280000
1694838874833 0.8799400000000002 284000
1694838907861 0.93483 288000
1694838940817 0.9830825688073395 292000
1694838973384 1.05617 296000
1694839006464 0.9859600000000002 300000
1694839038182 1.06878 304000
1694839069970 1.0616960784313725 308000
1694839101369 1.2055663716814158 312000
1694839134377 1.15056 316000
1694839166423 1.2031100000000001 320000
1694839200382 1.1182477876106194 324000
1694839232632 1.02788 328000
1694839264486 1.2236542056074768 332000
1694839296865 1.1889357798165139 336000
1694839327934 1.2402096774193547 340000
1694839359374 1.237190909090909 344000
1694839389438 1.2755726495726498 348000
1694839420419 1.2796578947368422 352000
1694839451687 1.3083533834586463 356000
1694839482671 1.13481 360000
1694839515925 1.3899275362318841 364000
1694839547625 1.3689051724137928 368000
1694839579084 1.3708571428571426 372000
1694839611332 1.3638550724637681 376000
1694839642420 1.3113014705882353 380000
1694839674038 1.3810200000000001 384000
1694839706383 1.29884496124031 388000
1694839739059 1.4558373983739836 392000
1694839770892 1.415726618705036 396000
1694839803715 1.420492537313433 400000
1694839840186 1.314330827067669 404000
1694839873082 1.4673355263157895 408000
1694839905782 1.4564933333333332 412000
1694839938043 1.539527559055118 416000
1694839970772 1.4354779874213837 420000
1694840002744 1.451261904761905 424000
1694840035450 1.5503904109589044 428000
1694840066846 1.4829193548387096 432000
1694840099241 1.556562962962963 436000
1694840132453 1.42071875 440000
1694840170252 1.484316831683168 444000
1694840204652 1.4724758064516128 448000
1694840236940 1.562103448275862 452000
1694840270388 1.4516979865771813 456000
1694840302400 1.548283870967742 460000
1694840335188 1.5874941860465115 464000
1694840365944 1.5412167832167833 468000
1694840399153 1.5158557692307693 472000
1694840430133 1.5161937984496123 476000
1694840462435 1.5504496644295302 480000
1694840497646 1.6052597402597404 484000
1694840529754 1.621048611111111 488000
1694840561604 1.5939703703703703 492000
1694840593637 1.5213197278911565 496000
1694840627110 1.598378881987578 500000
1694840658290 1.6237470588235292 504000
1694840689844 1.6273918918918917 508000
1694840720384 1.6017055214723925 512000
1694840751998 1.6620842696629214 516000
1694840783255 1.5880281690140845 520000
1694840820303 1.5767499999999999 524000
1694840855602 1.6779172932330828 528000
1694840884793 1.656715328467153 532000
1694840911601 1.6512055555555554 536000
1694840939840 1.683099173553719 540000
1694840965983 1.5790799999999998 544000
1694840992838 1.6410108695652175 548000
1694841019005 1.6245217391304347 552000
1694841045639 1.6709269662921347 556000
1694841072955 1.7369078014184398 560000
1694841101654 1.6232446808510637 564000
1694841127958 1.672268656716418 568000
1694841154449 1.6719084967320261 572000
1694841181190 1.7176887417218543 576000
