1694836624861 1.0 4000
1694836653935 2.0 8000
1694836682033 3.0 12000
1694836711651 4.0 16000
1694836741513 5.0 20000
1694836770748 6.0 24000
1694836801901 7.0 28000
1694836832089 8.0 32000
1694836863112 9.0 36000
1694836892975 10.0 40000
1694836926990 11.0 44000
1694836958277 12.0 48000
1694836990539 13.0 52000
1694837023614 14.0 56000
1694837055929 15.0 60000
1694837086896 16.0 64000
1694837118443 17.0 68000
1694837150621 18.0 72000
1694837182338 19.0 76000
1694837215335 20.0 80000
1694837250025 21.0 84000
1694837282536 22.0 88000
1694837314302 23.0 92000
1694837346788 24.0 96000
1694837378886 25.0 100000
1694837410381 26.0 104000
1694837442491 27.0 108000
1694837474135 28.0 112000
1694837505975 29.0 116000
1694837538376 30.0 120000
1694837573132 31.0 124000
1694837605642 32.0 128000
1694837639578 33.0 132000
1694837672311 34.0 136000
1694837704862 35.0 140000
1694837737078 36.0 144000
1694837769012 37.0 148000
1694837801741 38.0 152000
1694837833789 39.0 156000
1694837867313 40.0 160000
1694837905241 41.0 164000
1694837938641 42.0 168000
1694837970839 43.0 172000
1694838004587 44.0 176000
1694838036740 45.0 180000
1694838067916 46.0 184000
1694838099270 47.0 188000
1694838130644 48.0 192000
1694838162059 49.0 196000
1694838192720 50.0 200000
1694838228623 51.0 204000
1694838259961 52.0 208000
1694838290770 53.0 212000
1694838322707 54.0 216000
1694838354318 55.0 220000
1694838385750 56.0 224000
1694838416870 57.0 228000
1694838447698 58.0 232000
1694838479620 59.0 236000
1694838511376 60.0 240000
1694838547127 61.0 244000
1694838579651 62.0 248000
1694838611664 63.0 252000
1694838643798 64.0 256000
1694838675152 65.0 260000
1694838706426 66.0 264000
1694838738279 67.0 268000
1694838771080 68.0 272000
1694838803907 69.0 276000
1694838837303 70.0 280000
1694838874909 71.0 284000
1694838907921 72.0 288000
1694838940876 73.0 292000
1694838973457 74.0 296000
1694839006519 75.0 300000
1694839038253 76.0 304000
1694839070026 77.0 308000
1694839101423 78.0 312000
1694839134435 79.0 316000
1694839166477 80.0 320000
1694839200457 81.0 324000
1694839232708 82.0 328000
1694839264558 83.0 332000
1694839296921 84.0 336000
1694839328080 85.0 340000
1694839359434 86.0 344000
1694839389490 87.0 348000
1694839420477 88.0 352000
1694839451742 89.0 356000
1694839482739 90.0 360000
1694839515977 91.0 364000
1694839547677 92.0 368000
1694839579137 93.0 372000
1694839611387 94.0 376000
1694839642473 95.0 380000
1694839674091 96.0 384000
1694839706439 97.0 388000
1694839739189 98.0 392000
1694839770969 99.0 396000
1694839803815 100.0 400000
1694839840245 101.0 404000
1694839873139 102.0 408000
1694839905837 103.0 412000
1694839938099 104.0 416000
1694839970831 105.0 420000
1694840002797 106.0 424000
1694840035525 107.0 428000
1694840066919 108.0 432000
1694840099299 109.0 436000
1694840132531 110.0 440000
1694840170324 111.0 444000
1694840204726 112.0 448000
1694840236995 113.0 452000
1694840270446 114.0 456000
1694840302475 115.0 460000
1694840335244 116.0 464000
1694840366001 117.0 468000
1694840399227 118.0 472000
1694840430189 119.0 476000
1694840462493 120.0 480000
1694840497705 121.0 484000
1694840529808 122.0 488000
1694840561658 123.0 492000
1694840593704 124.0 496000
1694840627182 125.0 500000
1694840658344 126.0 504000
1694840689897 127.0 508000
1694840720437 128.0 512000
1694840752053 129.0 516000
1694840783311 130.0 520000
1694840820363 131.0 524000
1694840855700 132.0 528000
1694840884846 133.0 532000
1694840911657 134.0 536000
1694840939890 135.0 540000
1694840966034 136.0 544000
1694840992887 137.0 548000
1694841019059 138.0 552000
1694841045692 139.0 556000
1694841073010 140.0 560000
1694841101708 141.0 564000
1694841128010 142.0 568000
1694841154501 143.0 572000
1694841181286 144.0 576000
