1694836624835 4000.0 4000
1694836653893 4000.0 8000
1694836681994 4000.0 12000
1694836711606 4000.0 16000
1694836741490 4000.0 20000
1694836770711 4000.0 24000
1694836801862 4000.0 28000
1694836832051 4000.0 32000
1694836863072 4000.0 36000
1694836892938 4000.0 40000
1694836926966 4000.0 44000
1694836958241 4000.0 48000
1694836990494 4000.0 52000
1694837023570 4000.0 56000
1694837055890 4000.0 60000
1694837086870 4000.0 64000
1694837118347 4000.0 68000
1694837150582 4000.0 72000
1694837182316 4000.0 76000
1694837215297 4000.0 80000
1694837249983 4000.0 84000
1694837282499 4000.0 88000
1694837314272 4000.0 92000
1694837346749 4000.0 96000
1694837378847 4000.0 100000
1694837410344 4000.0 104000
1694837442454 4000.0 108000
1694837474094 4000.0 112000
1694837505935 4000.0 116000
1694837538337 4000.0 120000
1694837573093 4000.0 124000
1694837605599 4000.0 128000
1694837639535 4000.0 132000
1694837672281 4000.0 136000
1694837704836 4000.0 140000
1694837737051 4000.0 144000
1694837768988 4000.0 148000
1694837801702 4000.0 152000
1694837833750 4000.0 156000
1694837867288 4000.0 160000
1694837905202 4000.0 164000
1694837938601 4000.0 168000
1694837970799 4000.0 172000
1694838004549 4000.0 176000
1694838036699 4000.0 180000
1694838067894 4000.0 184000
1694838099248 4000.0 188000
1694838130608 4000.0 192000
1694838162017 4000.0 196000
1694838192700 4000.0 200000
1694838228597 4000.0 204000
1694838259922 4000.0 208000
1694838290748 4000.0 212000
1694838322642 4000.0 216000
1694838354292 4000.0 220000
1694838385710 4000.0 224000
1694838416848 4000.0 228000
1694838447660 4000.0 232000
1694838479596 4000.0 236000
1694838511354 4000.0 240000
1694838547103 4000.0 244000
1694838579612 4000.0 248000
1694838611625 4000.0 252000
1694838643760 4000.0 256000
1694838675114 4000.0 260000
1694838706403 4000.0 264000
1694838738255 4000.0 268000
1694838771057 4000.0 272000
1694838803865 4000.0 276000
1694838837261 4000.0 280000
1694838874867 4000.0 284000
1694838907880 4000.0 288000
1694838940851 4000.0 292000
1694838973419 4000.0 296000
1694839006480 4000.0 300000
1694839038215 4000.0 304000
1694839069986 4000.0 308000
1694839101386 4000.0 312000
1694839134411 4000.0 316000
1694839166455 4000.0 320000
1694839200416 4000.0 324000
1694839232666 4000.0 328000
1694839264520 4000.0 332000
1694839296882 4000.0 336000
1694839328041 4000.0 340000
1694839359390 4000.0 344000
1694839389469 4000.0 348000
1694839420436 4000.0 352000
1694839451720 4000.0 356000
1694839482711 4000.0 360000
1694839515942 4000.0 364000
1694839547641 4000.0 368000
1694839579116 4000.0 372000
1694839611365 4000.0 376000
1694839642435 4000.0 380000
1694839674069 4000.0 384000
1694839706416 4000.0 388000
1694839739165 4000.0 392000
1694839770928 4000.0 396000
1694839803778 4000.0 400000
1694839840221 4000.0 404000
1694839873098 4000.0 408000
1694839905798 4000.0 412000
1694839938076 4000.0 416000
1694839970789 4000.0 420000
1694840002775 4000.0 424000
1694840035486 4000.0 428000
1694840066881 4000.0 432000
1694840099274 4000.0 436000
1694840132488 4000.0 440000
1694840170284 4000.0 444000
1694840204687 4000.0 448000
1694840236973 4000.0 452000
1694840270422 4000.0 456000
1694840302436 4000.0 460000
1694840335205 4000.0 464000
1694840365978 4000.0 468000
1694840399189 4000.0 472000
1694840430150 4000.0 476000
1694840462453 4000.0 480000
1694840497681 4000.0 484000
1694840529787 4000.0 488000
1694840561636 4000.0 492000
1694840593654 4000.0 496000
1694840627143 4000.0 500000
1694840658306 4000.0 504000
1694840689860 4000.0 508000
1694840720400 4000.0 512000
1694840752031 4000.0 516000
1694840783287 4000.0 520000
1694840820338 4000.0 524000
1694840855658 4000.0 528000
1694840884809 4000.0 532000
1694840911634 4000.0 536000
1694840939854 4000.0 540000
1694840965998 4000.0 544000
1694840992852 4000.0 548000
1694841019037 4000.0 552000
1694841045655 4000.0 556000
1694841072988 4000.0 560000
1694841101687 4000.0 564000
1694841127990 4000.0 568000
1694841154465 4000.0 572000
1694841181218 4000.0 576000
