1694836624842 4000.0 4000
1694836653900 4000.0 8000
1694836682001 4000.0 12000
1694836711637 4000.0 16000
1694836741496 4000.0 20000
1694836770734 4000.0 24000
1694836801887 4000.0 28000
1694836832075 4000.0 32000
1694836863079 4000.0 36000
1694836892961 4000.0 40000
1694836926973 4000.0 44000
1694836958262 4000.0 48000
1694836990520 4000.0 52000
1694837023577 4000.0 56000
1694837055913 4000.0 60000
1694837086877 4000.0 64000
1694837118389 4000.0 68000
1694837150590 4000.0 72000
1694837182324 4000.0 76000
1694837215319 4000.0 80000
1694837249991 4000.0 84000
1694837282521 4000.0 88000
1694837314281 4000.0 92000
1694837346772 4000.0 96000
1694837378854 4000.0 100000
1694837410351 4000.0 104000
1694837442475 4000.0 108000
1694837474103 4000.0 112000
1694837505941 4000.0 116000
1694837538344 4000.0 120000
1694837573100 4000.0 124000
1694837605609 4000.0 128000
1694837639543 4000.0 132000
1694837672289 4000.0 136000
1694837704843 4000.0 140000
1694837737059 4000.0 144000
1694837768996 4000.0 148000
1694837801709 4000.0 152000
1694837833757 4000.0 156000
1694837867295 4000.0 160000
1694837905210 4000.0 164000
1694837938610 4000.0 168000
1694837970807 4000.0 172000
1694838004556 4000.0 176000
1694838036707 4000.0 180000
1694838067902 4000.0 184000
1694838099255 4000.0 188000
1694838130614 4000.0 192000
1694838162042 4000.0 196000
1694838192706 4000.0 200000
1694838228605 4000.0 204000
1694838259944 4000.0 208000
1694838290755 4000.0 212000
1694838322669 4000.0 216000
1694838354302 4000.0 220000
1694838385717 4000.0 224000
1694838416855 4000.0 228000
1694838447667 4000.0 232000
1694838479604 4000.0 236000
1694838511361 4000.0 240000
1694838547111 4000.0 244000
1694838579619 4000.0 248000
1694838611648 4000.0 252000
1694838643767 4000.0 256000
1694838675122 4000.0 260000
1694838706410 4000.0 264000
1694838738263 4000.0 268000
1694838771064 4000.0 272000
1694838803874 4000.0 276000
1694838837269 4000.0 280000
1694838874875 4000.0 284000
1694838907903 4000.0 288000
1694838940860 4000.0 292000
1694838973426 4000.0 296000
1694839006504 4000.0 300000
1694839038222 4000.0 304000
1694839070011 4000.0 308000
1694839101409 4000.0 312000
1694839134418 4000.0 316000
1694839166462 4000.0 320000
1694839200422 4000.0 324000
1694839232675 4000.0 328000
1694839264527 4000.0 332000
1694839296889 4000.0 336000
1694839328065 4000.0 340000
1694839359417 4000.0 344000
1694839389476 4000.0 348000
1694839420459 4000.0 352000
1694839451727 4000.0 356000
1694839482722 4000.0 360000
1694839515962 4000.0 364000
1694839547662 4000.0 368000
1694839579123 4000.0 372000
1694839611372 4000.0 376000
1694839642442 4000.0 380000
1694839674076 4000.0 384000
1694839706424 4000.0 388000
1694839739173 4000.0 392000
1694839770937 4000.0 396000
1694839803784 4000.0 400000
1694839840229 4000.0 404000
1694839873124 4000.0 408000
1694839905822 4000.0 412000
1694839938083 4000.0 416000
1694839970797 4000.0 420000
1694840002782 4000.0 424000
1694840035493 4000.0 428000
1694840066888 4000.0 432000
1694840099282 4000.0 436000
1694840132497 4000.0 440000
1694840170292 4000.0 444000
1694840204694 4000.0 448000
1694840236980 4000.0 452000
1694840270430 4000.0 456000
1694840302443 4000.0 460000
1694840335229 4000.0 464000
1694840365986 4000.0 468000
1694840399195 4000.0 472000
1694840430157 4000.0 476000
1694840462477 4000.0 480000
1694840497688 4000.0 484000
1694840529794 4000.0 488000
1694840561643 4000.0 492000
1694840593679 4000.0 496000
1694840627150 4000.0 500000
1694840658330 4000.0 504000
1694840689881 4000.0 508000
1694840720406 4000.0 512000
1694840752038 4000.0 516000
1694840783295 4000.0 520000
1694840820346 4000.0 524000
1694840855683 4000.0 528000
1694840884831 4000.0 532000
1694840911642 4000.0 536000
1694840939860 4000.0 540000
1694840966004 4000.0 544000
1694840992858 4000.0 548000
1694841019044 4000.0 552000
1694841045662 4000.0 556000
1694841072995 4000.0 560000
1694841101694 4000.0 564000
1694841127996 4000.0 568000
1694841154487 4000.0 572000
1694841181244 4000.0 576000
