1694836624806 0.0 4000
1694836653881 0.0 8000
1694836681981 0.0 12000
1694836711594 0.0 16000
1694836741463 0.0 20000
1694836770699 0.0 24000
1694836801849 0.0 28000
1694836832039 0.0 32000
1694836863060 0.0 36000
1694836892927 0.0 40000
1694836926939 0.0 44000
1694836958229 0.0 48000
1694836990478 0.0 52000
1694837023542 0.0 56000
1694837055877 0.0 60000
1694837086844 0.0 64000
1694837118334 0.0 68000
1694837150570 0.0 72000
1694837182288 0.0 76000
1694837215284 0.0 80000
1694837249968 0.0 84000
1694837282484 0.0 88000
1694837314241 0.0 92000
1694837346735 0.0 96000
1694837378835 0.0 100000
1694837410332 0.0 104000
1694837442442 0.0 108000
1694837474081 0.0 112000
1694837505906 0.0 116000
1694837538325 0.0 120000
1694837573081 0.0 124000
1694837605582 0.0 128000
1694837639505 0.0 132000
1694837672250 0.0 136000
1694837704809 0.0 140000
1694837737022 0.0 144000
1694837768959 0.0 148000
1694837801688 0.0 152000
1694837833737 0.0 156000
1694837867259 0.0 160000
1694837905189 0.0 164000
1694837938586 0.0 168000
1694837970786 0.0 172000
1694838004537 0.0 176000
1694838036687 0.0 180000
1694838067864 0.0 184000
1694838099219 0.0 188000
1694838130595 0.0 192000
1694838162006 0.0 196000
1694838192671 0.0 200000
1694838228570 0.0 204000
1694838259911 0.0 208000
1694838290719 0.0 212000
1694838322612 0.0 216000
1694838354264 0.0 220000
1694838385696 0.0 224000
1694838416820 0.0 228000
1694838447647 0.0 232000
1694838479567 0.0 236000
1694838511325 0.0 240000
1694838547073 0.0 244000
1694838579599 0.0 248000
1694838611613 0.0 252000
1694838643746 0.0 256000
1694838675102 0.0 260000
1694838706374 0.0 264000
1694838738226 0.0 268000
1694838771029 0.0 272000
1694838803849 0.0 276000
1694838837231 0.0 280000
1694838874853 0.0 284000
1694838907866 0.0 288000
1694838940822 0.0 292000
1694838973406 0.0 296000
1694839006468 0.0 300000
1694839038203 0.0 304000
1694839069974 0.0 308000
1694839101373 0.0 312000
1694839134381 0.0 316000
1694839166427 0.0 320000
1694839200386 0.0 324000
1694839232636 0.0 328000
1694839264506 0.0 332000
1694839296870 0.0 336000
1694839327938 0.0 340000
1694839359378 0.0 344000
1694839389458 0.0 348000
1694839420424 0.0 352000
1694839451691 0.0 356000
1694839482678 0.0 360000
1694839515929 0.0 364000
1694839547629 0.0 368000
1694839579088 0.0 372000
1694839611337 0.0 376000
1694839642424 0.0 380000
1694839674042 0.0 384000
1694839706387 0.0 388000
1694839739119 0.0 392000
1694839770897 0.0 396000
1694839803765 0.0 400000
1694839840191 0.0 404000
1694839873087 0.0 408000
1694839905787 0.0 412000
1694839938047 0.0 416000
1694839970776 0.0 420000
1694840002748 0.0 424000
1694840035473 0.0 428000
1694840066850 0.0 432000
1694840099245 0.0 436000
1694840132475 0.0 440000
1694840170270 0.0 444000
1694840204673 0.0 448000
1694840236944 0.0 452000
1694840270392 0.0 456000
1694840302404 0.0 460000
1694840335192 0.0 464000
1694840365948 0.0 468000
1694840399174 0.0 472000
1694840430138 0.0 476000
1694840462439 0.0 480000
1694840497650 0.0 484000
1694840529758 0.0 488000
1694840561608 0.0 492000
1694840593641 0.0 496000
1694840627130 0.0 500000
1694840658294 0.0 504000
1694840689848 0.0 508000
1694840720388 0.0 512000
1694840752002 0.0 516000
1694840783260 0.0 520000
1694840820307 0.0 524000
1694840855606 0.0 528000
1694840884797 0.0 532000
1694840911605 0.0 536000
1694840939843 0.0 540000
1694840965986 0.0 544000
1694840992842 0.0 548000
1694841019009 0.0 552000
1694841045643 0.0 556000
1694841072959 0.0 560000
1694841101658 0.0 564000
1694841127962 0.0 568000
1694841154453 0.0 572000
1694841181196 0.0 576000
