1694836624833 4000.0 4000
1694836653892 8000.0 8000
1694836681992 12000.0 12000
1694836711604 16000.0 16000
1694836741488 20000.0 20000
1694836770710 24000.0 24000
1694836801861 28000.0 28000
1694836832049 32000.0 32000
1694836863071 36000.0 36000
1694836892937 40000.0 40000
1694836926965 44000.0 44000
1694836958239 48000.0 48000
1694836990492 52000.0 52000
1694837023568 56000.0 56000
1694837055888 60000.0 60000
1694837086869 64000.0 64000
1694837118345 68000.0 68000
1694837150581 72000.0 72000
1694837182298 76000.0 76000
1694837215296 80000.0 80000
1694837249981 84000.0 84000
1694837282496 88000.0 88000
1694837314270 92000.0 92000
1694837346746 96000.0 96000
1694837378845 100000.0 100000
1694837410342 104000.0 104000
1694837442452 108000.0 108000
1694837474093 112000.0 112000
1694837505933 116000.0 116000
1694837538336 120000.0 120000
1694837573092 124000.0 124000
1694837605597 128000.0 128000
1694837639533 132000.0 132000
1694837672279 136000.0 136000
1694837704834 140000.0 140000
1694837737049 144000.0 144000
1694837768987 148000.0 148000
1694837801700 152000.0 152000
1694837833748 156000.0 156000
1694837867286 160000.0 160000
1694837905200 164000.0 164000
1694837938599 168000.0 168000
1694837970798 172000.0 172000
1694838004548 176000.0 176000
1694838036698 180000.0 180000
1694838067892 184000.0 184000
1694838099246 188000.0 188000
1694838130606 192000.0 192000
1694838162016 196000.0 196000
1694838192698 200000.0 200000
1694838228596 204000.0 204000
1694838259921 208000.0 208000
1694838290746 212000.0 212000
1694838322623 216000.0 216000
1694838354275 220000.0 220000
1694838385708 224000.0 224000
1694838416846 228000.0 228000
1694838447658 232000.0 232000
1694838479594 236000.0 236000
1694838511352 240000.0 240000
1694838547101 244000.0 244000
1694838579610 248000.0 248000
1694838611624 252000.0 252000
1694838643758 256000.0 256000
1694838675113 260000.0 260000
1694838706401 264000.0 264000
1694838738254 268000.0 268000
1694838771055 272000.0 272000
1694838803863 276000.0 276000
1694838837259 280000.0 280000
1694838874865 284000.0 284000
1694838907879 288000.0 288000
1694838940833 292000.0 292000
1694838973418 296000.0 296000
1694839006478 300000.0 300000
1694839038214 304000.0 304000
1694839069984 308000.0 308000
1694839101384 312000.0 312000
1694839134409 316000.0 316000
1694839166437 320000.0 320000
1694839200414 324000.0 324000
1694839232664 328000.0 328000
1694839264519 332000.0 332000
1694839296880 336000.0 336000
1694839328021 340000.0 340000
1694839359388 344000.0 344000
1694839389468 348000.0 348000
1694839420434 352000.0 352000
1694839451718 356000.0 356000
1694839482710 360000.0 360000
1694839515940 364000.0 364000
1694839547639 368000.0 368000
1694839579114 372000.0 372000
1694839611363 376000.0 376000
1694839642434 380000.0 380000
1694839674067 384000.0 384000
1694839706413 388000.0 388000
1694839739164 392000.0 392000
1694839770926 396000.0 396000
1694839803776 400000.0 400000
1694839840219 404000.0 404000
1694839873096 408000.0 408000
1694839905797 412000.0 412000
1694839938074 416000.0 416000
1694839970787 420000.0 420000
1694840002773 424000.0 424000
1694840035485 428000.0 428000
1694840066879 432000.0 432000
1694840099273 436000.0 436000
1694840132487 440000.0 440000
1694840170282 444000.0 444000
1694840204685 448000.0 448000
1694840236971 452000.0 452000
1694840270404 456000.0 456000
1694840302435 460000.0 460000
1694840335203 464000.0 464000
1694840365976 468000.0 468000
1694840399187 472000.0 472000
1694840430148 476000.0 476000
1694840462451 480000.0 480000
1694840497679 484000.0 484000
1694840529785 488000.0 488000
1694840561634 492000.0 492000
1694840593652 496000.0 496000
1694840627141 500000.0 500000
1694840658304 504000.0 504000
1694840689858 508000.0 508000
1694840720398 512000.0 512000
1694840752029 516000.0 516000
1694840783286 520000.0 520000
1694840820337 524000.0 524000
1694840855656 528000.0 528000
1694840884807 532000.0 532000
1694840911632 536000.0 536000
1694840939853 540000.0 540000
1694840965996 544000.0 544000
1694840992850 548000.0 548000
1694841019035 552000.0 552000
1694841045654 556000.0 556000
1694841072986 560000.0 560000
1694841101686 564000.0 564000
1694841127988 568000.0 568000
1694841154464 572000.0 572000
1694841181215 576000.0 576000
