1694836624836 4000.0 4000
1694836653895 4000.0 8000
1694836681995 4000.0 12000
1694836711627 4000.0 16000
1694836741491 4000.0 20000
1694836770712 4000.0 24000
1694836801864 4000.0 28000
1694836832069 4000.0 32000
1694836863073 4000.0 36000
1694836892939 4000.0 40000
1694836926968 4000.0 44000
1694836958242 4000.0 48000
1694836990512 4000.0 52000
1694837023571 4000.0 56000
1694837055891 4000.0 60000
1694837086872 4000.0 64000
1694837118380 4000.0 68000
1694837150584 4000.0 72000
1694837182318 4000.0 76000
1694837215299 4000.0 80000
1694837249985 4000.0 84000
1694837282501 4000.0 88000
1694837314274 4000.0 92000
1694837346751 4000.0 96000
1694837378848 4000.0 100000
1694837410345 4000.0 104000
1694837442455 4000.0 108000
1694837474096 4000.0 112000
1694837505936 4000.0 116000
1694837538338 4000.0 120000
1694837573095 4000.0 124000
1694837605601 4000.0 128000
1694837639536 4000.0 132000
1694837672282 4000.0 136000
1694837704837 4000.0 140000
1694837737053 4000.0 144000
1694837768990 4000.0 148000
1694837801703 4000.0 152000
1694837833752 4000.0 156000
1694837867290 4000.0 160000
1694837905203 4000.0 164000
1694837938603 4000.0 168000
1694837970801 4000.0 172000
1694838004550 4000.0 176000
1694838036701 4000.0 180000
1694838067896 4000.0 184000
1694838099249 4000.0 188000
1694838130609 4000.0 192000
1694838162018 4000.0 196000
1694838192701 4000.0 200000
1694838228599 4000.0 204000
1694838259924 4000.0 208000
1694838290750 4000.0 212000
1694838322662 4000.0 216000
1694838354296 4000.0 220000
1694838385711 4000.0 224000
1694838416849 4000.0 228000
1694838447661 4000.0 232000
1694838479598 4000.0 236000
1694838511355 4000.0 240000
1694838547105 4000.0 244000
1694838579613 4000.0 248000
1694838611627 4000.0 252000
1694838643761 4000.0 256000
1694838675116 4000.0 260000
1694838706404 4000.0 264000
1694838738257 4000.0 268000
1694838771059 4000.0 272000
1694838803867 4000.0 276000
1694838837263 4000.0 280000
1694838874869 4000.0 284000
1694838907883 4000.0 288000
1694838940853 4000.0 292000
1694838973421 4000.0 296000
1694839006481 4000.0 300000
1694839038217 4000.0 304000
1694839070003 4000.0 308000
1694839101404 4000.0 312000
1694839134412 4000.0 316000
1694839166456 4000.0 320000
1694839200417 4000.0 324000
1694839232668 4000.0 328000
1694839264522 4000.0 332000
1694839296883 4000.0 336000
1694839328057 4000.0 340000
1694839359410 4000.0 344000
1694839389471 4000.0 348000
1694839420437 4000.0 352000
1694839451721 4000.0 356000
1694839482713 4000.0 360000
1694839515943 4000.0 364000
1694839547642 4000.0 368000
1694839579117 4000.0 372000
1694839611367 4000.0 376000
1694839642436 4000.0 380000
1694839674070 4000.0 384000
1694839706418 4000.0 388000
1694839739167 4000.0 392000
1694839770930 4000.0 396000
1694839803779 4000.0 400000
1694839840222 4000.0 404000
1694839873116 4000.0 408000
1694839905816 4000.0 412000
1694839938077 4000.0 416000
1694839970790 4000.0 420000
1694840002777 4000.0 424000
1694840035487 4000.0 428000
1694840066883 4000.0 432000
1694840099276 4000.0 436000
1694840132490 4000.0 440000
1694840170286 4000.0 444000
1694840204688 4000.0 448000
1694840236974 4000.0 452000
1694840270424 4000.0 456000
1694840302438 4000.0 460000
1694840335223 4000.0 464000
1694840365980 4000.0 468000
1694840399190 4000.0 472000
1694840430151 4000.0 476000
1694840462456 4000.0 480000
1694840497682 4000.0 484000
1694840529788 4000.0 488000
1694840561637 4000.0 492000
1694840593656 4000.0 496000
1694840627144 4000.0 500000
1694840658307 4000.0 504000
1694840689861 4000.0 508000
1694840720401 4000.0 512000
1694840752033 4000.0 516000
1694840783289 4000.0 520000
1694840820340 4000.0 524000
1694840855660 4000.0 528000
1694840884810 4000.0 532000
1694840911635 4000.0 536000
1694840939856 4000.0 540000
1694840965999 4000.0 544000
1694840992853 4000.0 548000
1694841019039 4000.0 552000
1694841045657 4000.0 556000
1694841072990 4000.0 560000
1694841101689 4000.0 564000
1694841127991 4000.0 568000
1694841154466 4000.0 572000
1694841181236 4000.0 576000
