1694836624832 4000.0 4000
1694836653890 8000.0 8000
1694836681991 12000.0 12000
1694836711603 16000.0 16000
1694836741487 20000.0 20000
1694836770708 24000.0 24000
1694836801859 28000.0 28000
1694836832048 32000.0 32000
1694836863069 36000.0 36000
1694836892935 40000.0 40000
1694836926963 44000.0 44000
1694836958238 48000.0 48000
1694836990490 52000.0 52000
1694837023566 56000.0 56000
1694837055886 60000.0 60000
1694837086867 64000.0 64000
1694837118344 68000.0 68000
1694837150579 72000.0 72000
1694837182297 76000.0 76000
1694837215294 80000.0 80000
1694837249979 84000.0 84000
1694837282494 88000.0 88000
1694837314252 92000.0 92000
1694837346744 96000.0 96000
1694837378844 100000.0 100000
1694837410341 104000.0 104000
1694837442451 108000.0 108000
1694837474091 112000.0 112000
1694837505932 116000.0 116000
1694837538334 120000.0 120000
1694837573090 124000.0 124000
1694837605595 128000.0 128000
1694837639531 132000.0 132000
1694837672260 136000.0 136000
1694837704833 140000.0 140000
1694837737048 144000.0 144000
1694837768985 148000.0 148000
1694837801699 152000.0 152000
1694837833747 156000.0 156000
1694837867284 160000.0 160000
1694837905199 164000.0 164000
1694837938597 168000.0 168000
1694837970796 172000.0 172000
1694838004546 176000.0 176000
1694838036696 180000.0 180000
1694838067890 184000.0 184000
1694838099245 188000.0 188000
1694838130604 192000.0 192000
1694838162014 196000.0 196000
1694838192697 200000.0 200000
1694838228594 204000.0 204000
1694838259919 208000.0 208000
1694838290745 212000.0 212000
1694838322621 216000.0 216000
1694838354273 220000.0 220000
1694838385707 224000.0 224000
1694838416845 228000.0 228000
1694838447657 232000.0 232000
1694838479576 236000.0 236000
1694838511351 240000.0 240000
1694838547100 244000.0 244000
1694838579608 248000.0 248000
1694838611622 252000.0 252000
1694838643757 256000.0 256000
1694838675111 260000.0 260000
1694838706399 264000.0 264000
1694838738252 268000.0 268000
1694838771053 272000.0 272000
1694838803862 276000.0 276000
1694838837257 280000.0 280000
1694838874864 284000.0 284000
1694838907877 288000.0 288000
1694838940832 292000.0 292000
1694838973417 296000.0 296000
1694839006477 300000.0 300000
1694839038212 304000.0 304000
1694839069983 308000.0 308000
1694839101383 312000.0 312000
1694839134408 316000.0 316000
1694839166436 320000.0 320000
1694839200412 324000.0 324000
1694839232663 328000.0 328000
1694839264517 332000.0 332000
1694839296879 336000.0 336000
1694839328000 340000.0 340000
1694839359386 344000.0 344000
1694839389467 348000.0 348000
1694839420433 352000.0 352000
1694839451717 356000.0 356000
1694839482691 360000.0 360000
1694839515939 364000.0 364000
1694839547638 368000.0 368000
1694839579113 372000.0 372000
1694839611361 376000.0 376000
1694839642432 380000.0 380000
1694839674066 384000.0 384000
1694839706396 388000.0 388000
1694839739146 392000.0 392000
1694839770924 396000.0 396000
1694839803775 400000.0 400000
1694839840217 404000.0 404000
1694839873095 408000.0 408000
1694839905796 412000.0 412000
1694839938073 416000.0 416000
1694839970785 420000.0 420000
1694840002772 424000.0 424000
1694840035483 428000.0 428000
1694840066878 432000.0 432000
1694840099271 436000.0 436000
1694840132485 440000.0 440000
1694840170281 444000.0 444000
1694840204684 448000.0 448000
1694840236953 452000.0 452000
1694840270402 456000.0 456000
1694840302433 460000.0 460000
1694840335202 464000.0 464000
1694840365973 468000.0 468000
1694840399186 472000.0 472000
1694840430147 476000.0 476000
1694840462448 480000.0 480000
1694840497677 484000.0 484000
1694840529784 488000.0 488000
1694840561633 492000.0 492000
1694840593651 496000.0 496000
1694840627140 500000.0 500000
1694840658303 504000.0 504000
1694840689857 508000.0 508000
1694840720397 512000.0 512000
1694840752012 516000.0 516000
1694840783284 520000.0 520000
1694840820335 524000.0 524000
1694840855653 528000.0 528000
1694840884806 532000.0 532000
1694840911614 536000.0 536000
1694840939852 540000.0 540000
1694840965995 544000.0 544000
1694840992849 548000.0 548000
1694841019033 552000.0 552000
1694841045653 556000.0 556000
1694841072984 560000.0 560000
1694841101685 564000.0 564000
1694841127987 568000.0 568000
1694841154462 572000.0 572000
1694841181212 576000.0 576000
