1694836624809 0.0 4000
1694836653884 0.0 8000
1694836681985 0.0 12000
1694836711597 0.0 16000
1694836741466 0.0 20000
1694836770702 0.0 24000
1694836801852 0.0 28000
1694836832042 0.0 32000
1694836863063 0.0 36000
1694836892929 0.0 40000
1694836926942 0.0 44000
1694836958232 0.0 48000
1694836990482 0.0 52000
1694837023545 0.0 56000
1694837055880 0.0 60000
1694837086847 0.0 64000
1694837118338 0.0 68000
1694837150573 0.0 72000
1694837182291 0.0 76000
1694837215288 0.0 80000
1694837249973 0.0 84000
1694837282487 0.0 88000
1694837314245 0.0 92000
1694837346738 0.0 96000
1694837378838 0.0 100000
1694837410335 0.0 104000
1694837442445 0.0 108000
1694837474085 0.0 112000
1694837505926 0.0 116000
1694837538329 0.0 120000
1694837573084 0.0 124000
1694837605587 0.0 128000
1694837639509 0.0 132000
1694837672254 0.0 136000
1694837704812 0.0 140000
1694837737026 0.0 144000
1694837768963 0.0 148000
1694837801692 0.0 152000
1694837833741 0.0 156000
1694837867262 0.0 160000
1694837905192 0.0 164000
1694837938590 0.0 168000
1694837970790 0.0 172000
1694838004540 0.0 176000
1694838036690 0.0 180000
1694838067867 0.0 184000
1694838099238 0.0 188000
1694838130598 0.0 192000
1694838162009 0.0 196000
1694838192690 0.0 200000
1694838228573 0.0 204000
1694838259914 0.0 208000
1694838290722 0.0 212000
1694838322615 0.0 216000
1694838354267 0.0 220000
1694838385700 0.0 224000
1694838416823 0.0 228000
1694838447651 0.0 232000
1694838479570 0.0 236000
1694838511344 0.0 240000
1694838547076 0.0 244000
1694838579602 0.0 248000
1694838611616 0.0 252000
1694838643750 0.0 256000
1694838675105 0.0 260000
1694838706377 0.0 264000
1694838738229 0.0 268000
1694838771032 0.0 272000
1694838803854 0.0 276000
1694838837250 0.0 280000
1694838874857 0.0 284000
1694838907870 0.0 288000
1694838940825 0.0 292000
1694838973410 0.0 296000
1694839006471 0.0 300000
1694839038206 0.0 304000
1694839069977 0.0 308000
1694839101376 0.0 312000
1694839134384 0.0 316000
1694839166430 0.0 320000
1694839200405 0.0 324000
1694839232656 0.0 328000
1694839264511 0.0 332000
1694839296873 0.0 336000
1694839327957 0.0 340000
1694839359380 0.0 344000
1694839389462 0.0 348000
1694839420427 0.0 352000
1694839451711 0.0 356000
1694839482683 0.0 360000
1694839515933 0.0 364000
1694839547632 0.0 368000
1694839579091 0.0 372000
1694839611340 0.0 376000
1694839642427 0.0 380000
1694839674045 0.0 384000
1694839706390 0.0 388000
1694839739140 0.0 392000
1694839770916 0.0 396000
1694839803769 0.0 400000
1694839840194 0.0 404000
1694839873090 0.0 408000
1694839905790 0.0 412000
1694839938067 0.0 416000
1694839970780 0.0 420000
1694840002751 0.0 424000
1694840035477 0.0 428000
1694840066869 0.0 432000
1694840099248 0.0 436000
1694840132478 0.0 440000
1694840170274 0.0 444000
1694840204677 0.0 448000
1694840236947 0.0 452000
1694840270395 0.0 456000
1694840302425 0.0 460000
1694840335195 0.0 464000
1694840365951 0.0 468000
1694840399178 0.0 472000
1694840430140 0.0 476000
1694840462442 0.0 480000
1694840497654 0.0 484000
1694840529778 0.0 488000
1694840561626 0.0 492000
1694840593645 0.0 496000
1694840627133 0.0 500000
1694840658297 0.0 504000
1694840689851 0.0 508000
1694840720391 0.0 512000
1694840752006 0.0 516000
1694840783263 0.0 520000
1694840820310 0.0 524000
1694840855608 0.0 528000
1694840884800 0.0 532000
1694840911608 0.0 536000
1694840939846 0.0 540000
1694840965990 0.0 544000
1694840992844 0.0 548000
1694841019012 0.0 552000
1694841045647 0.0 556000
1694841072962 0.0 560000
1694841101661 0.0 564000
1694841127965 0.0 568000
1694841154456 0.0 572000
1694841181201 0.0 576000
