1694836624839 146.91440335187852 4000
1694836653897 150.31018805141937 8000
1694836681998 146.52761235251083 12000
1694836711634 139.0278445064721 16000
1694836741494 139.18965484985742 20000
1694836770716 140.69496750132333 24000
1694836801867 133.62724204561567 28000
1694836832072 136.3864814536568 32000
1694836863076 133.91541021181533 36000
1694836892942 137.92558367268205 40000
1694836926970 120.89051924580102 44000
1694836958245 131.6341518727069 48000
1694836990516 127.7258326491102 52000
1694837023574 124.82358395969818 56000
1694837055894 127.54995026893215 60000
1694837086874 132.87007361360313 64000
1694837118384 130.7769997827401 68000
1694837150587 128.06448266343946 72000
1694837182321 129.76600953511488 76000
1694837215301 124.7538834323555 80000
1694837249988 118.69647549089774 84000
1694837282504 127.88994139313262 88000
1694837314277 129.71601666006316 92000
1694837346754 126.99639594364034 96000
1694837378851 128.2972227476849 100000
1694837410348 130.82288665041875 104000
1694837442458 128.26638820545463 108000
1694837474100 130.30548612198032 112000
1694837505939 129.55335532615504 116000
1694837538341 127.04571869542772 120000
1694837573097 118.39315160219714 124000
1694837605604 126.78940360753946 128000
1694837639539 121.28497700350198 132000
1694837672286 126.04996836807867 136000
1694837704840 127.78730811042738 140000
1694837737055 128.0737788295311 144000
1694837768993 129.2406190309457 148000
1694837801706 125.88381935189433 152000
1694837833754 128.62788922181628 156000
1694837867292 122.8432373017939 160000
1694837905206 108.42385297674414 164000
1694837938606 123.41823366645406 168000
1694837970804 128.59541013118118 172000
1694838004553 122.94420743223743 176000
1694838036704 127.92937882892954 180000
1694838067899 131.88704130793283 184000
1694838099252 131.14867279283152 188000
1694838130611 131.1241269625038 192000
1694838162021 131.15863130065088 196000
1694838192703 134.02223887366722 200000
1694838228602 114.32022280034305 204000
1694838259926 131.47278245173075 208000
1694838290752 133.5433479812031 212000
1694838322666 129.19498560495921 216000
1694838354299 130.40037287948422 220000
1694838385714 131.01588937469037 224000
1694838416852 132.177869240923 228000
1694838447664 133.59604042901606 232000
1694838479601 128.9307364597611 236000
1694838511358 129.58515211326045 240000
1694838547108 115.86336310127776 244000
1694838579616 126.69650645508011 248000
1694838611629 128.56797003804834 252000
1694838643764 127.9187088862863 256000
1694838675118 131.21484273305433 260000
1694838706407 131.35235518309392 264000
1694838738260 129.3500965672351 268000
1694838771061 125.3443329308226 272000
1694838803870 125.60580512505365 276000
1694838837266 123.19342983099197 280000
1694838874872 109.47943586730624 284000
1694838907886 124.82686048387006 288000
1694838940856 125.1594845292015 292000
1694838973423 126.3995869317393 296000
1694839006484 124.41592215272058 300000
1694839038220 129.70042810562893 304000
1694839070007 129.71427460732846 308000
1694839101406 131.080542764748 312000
1694839134415 124.56421184630125 316000
1694839166459 128.3866399630179 320000
1694839200420 121.24037722449236 324000
1694839232671 127.59874326781171 328000
1694839264524 130.73467288166174 332000
1694839296886 127.16225827894887 336000
1694839328061 132.49507996828436 340000
1694839359413 131.4708177527688 344000
1694839389473 136.84130645330626 348000
1694839420440 132.89554490788962 352000
1694839451724 131.9505141528691 356000
1694839482717 132.99724842644213 360000
1694839515946 123.95099500145622 364000
1694839547645 130.1723019315468 368000
1694839579120 130.82497077101172 372000
1694839611369 127.57736590859575 376000
1694839642439 132.38890136191918 380000
1694839674073 130.18751113479982 384000
1694839706421 127.43775402528578 388000
1694839739170 126.1829689060121 392000
1694839770934 129.73600898633583 396000
1694839803781 126.75962948252757 400000
1694839840225 112.9301780350919 404000
1694839873120 125.28970490864435 408000
1694839905819 125.79290799557532 412000
1694839938080 127.67865058866353 416000
1694839970794 126.12896070247476 420000
1694840002779 128.89740312914796 424000
1694840035490 125.75837839698413 428000
1694840066885 131.49197303449972 432000
1694840099279 127.31727819152388 436000
1694840132493 124.01689949294838 440000
1694840170288 109.8108194761711 444000
1694840204691 119.71317785438758 448000
1694840236977 127.60601720073804 452000
1694840270426 123.06998929597566 456000
1694840302440 128.93901823220511 460000
1694840335226 125.60495315411823 464000
1694840365983 134.2853627029204 468000
1694840399193 123.84627884296894 472000
1694840430154 133.17266985595376 476000
1694840462459 128.82143221343722 480000
1694840497685 117.15007458942856 484000
1694840529791 128.39054540431053 488000
1694840561640 129.5642406867161 492000
1694840593659 128.70337624492754 496000
1694840627147 123.27088306194202 500000
1694840658310 132.32097979580794 504000
1694840689864 130.68319605153482 508000
1694840720403 134.99374765803708 512000
1694840752035 130.30528573475678 516000
1694840783292 131.84173738344177 520000
1694840820343 111.02853987709047 524000
1694840855665 116.55957200559834 528000
1694840884812 141.62780344647248 532000
1694840911639 154.34730747730444 536000
1694840939858 147.84187870920096 540000
1694840966001 158.29561119580995 544000
1694840992855 154.05605491130981 548000
1694841019041 157.84609660858334 552000
1694841045659 155.3601688880437 556000
1694841072992 151.26562127422366 560000
1694841101691 144.17157084595337 564000
1694841127993 157.24010752959262 568000
1694841154469 156.49995495915218 572000
1694841181240 154.97812099581117 576000
