1694836624808 10.0 4000
1694836653882 10.0 8000
1694836681983 10.0 12000
1694836711595 10.0 16000
1694836741465 10.0 20000
1694836770701 10.0 24000
1694836801851 10.0 28000
1694836832041 10.0 32000
1694836863061 10.0 36000
1694836892928 10.0 40000
1694836926940 10.0 44000
1694836958230 10.0 48000
1694836990481 10.0 52000
1694837023544 10.0 56000
1694837055879 10.0 60000
1694837086846 10.0 64000
1694837118336 10.0 68000
1694837150572 10.0 72000
1694837182289 10.0 76000
1694837215286 10.0 80000
1694837249971 10.0 84000
1694837282486 10.0 88000
1694837314243 10.0 92000
1694837346736 10.0 96000
1694837378836 10.0 100000
1694837410334 10.0 104000
1694837442444 10.0 108000
1694837474083 10.0 112000
1694837505924 10.0 116000
1694837538327 10.0 120000
1694837573082 10.0 124000
1694837605585 10.0 128000
1694837639507 10.0 132000
1694837672252 10.0 136000
1694837704810 10.0 140000
1694837737024 10.0 144000
1694837768961 10.0 148000
1694837801691 10.0 152000
1694837833739 10.0 156000
1694837867261 10.0 160000
1694837905190 10.0 164000
1694837938588 10.0 168000
1694837970788 10.0 172000
1694838004538 10.0 176000
1694838036689 10.0 180000
1694838067866 10.0 184000
1694838099221 10.0 188000
1694838130596 10.0 192000
1694838162007 10.0 196000
1694838192672 10.0 200000
1694838228571 10.0 204000
1694838259912 10.0 208000
1694838290721 10.0 212000
1694838322614 10.0 216000
1694838354265 10.0 220000
1694838385698 10.0 224000
1694838416821 10.0 228000
1694838447649 10.0 232000
1694838479568 10.0 236000
1694838511327 10.0 240000
1694838547074 10.0 244000
1694838579600 10.0 248000
1694838611614 10.0 252000
1694838643748 10.0 256000
1694838675104 10.0 260000
1694838706376 10.0 264000
1694838738228 10.0 268000
1694838771030 10.0 272000
1694838803852 10.0 276000
1694838837233 10.0 280000
1694838874855 10.0 284000
1694838907868 10.0 288000
1694838940823 10.0 292000
1694838973408 10.0 296000
1694839006470 10.0 300000
1694839038205 10.0 304000
1694839069975 10.0 308000
1694839101374 10.0 312000
1694839134382 10.0 316000
1694839166428 10.0 320000
1694839200388 10.0 324000
1694839232638 10.0 328000
1694839264509 10.0 332000
1694839296871 10.0 336000
1694839327940 10.0 340000
1694839359379 10.0 344000
1694839389460 10.0 348000
1694839420426 10.0 352000
1694839451709 10.0 356000
1694839482681 10.0 360000
1694839515931 10.0 364000
1694839547631 10.0 368000
1694839579089 10.0 372000
1694839611338 10.0 376000
1694839642425 10.0 380000
1694839674043 10.0 384000
1694839706389 10.0 388000
1694839739138 10.0 392000
1694839770914 10.0 396000
1694839803767 10.0 400000
1694839840193 10.0 404000
1694839873088 10.0 408000
1694839905788 10.0 412000
1694839938048 10.0 416000
1694839970778 10.0 420000
1694840002749 10.0 424000
1694840035475 10.0 428000
1694840066851 10.0 432000
1694840099247 10.0 436000
1694840132476 10.0 440000
1694840170272 10.0 444000
1694840204675 10.0 448000
1694840236946 10.0 452000
1694840270393 10.0 456000
1694840302423 10.0 460000
1694840335194 10.0 464000
1694840365949 10.0 468000
1694840399176 10.0 472000
1694840430139 10.0 476000
1694840462441 10.0 480000
1694840497652 10.0 484000
1694840529776 10.0 488000
1694840561610 10.0 492000
1694840593643 10.0 496000
1694840627132 10.0 500000
1694840658295 10.0 504000
1694840689849 10.0 508000
1694840720390 10.0 512000
1694840752004 10.0 516000
1694840783261 10.0 520000
1694840820309 10.0 524000
1694840855607 10.0 528000
1694840884799 10.0 532000
1694840911607 10.0 536000
1694840939845 10.0 540000
1694840965988 10.0 544000
1694840992843 10.0 548000
1694841019011 10.0 552000
1694841045645 10.0 556000
1694841072961 10.0 560000
1694841101659 10.0 564000
1694841127964 10.0 568000
1694841154454 10.0 572000
1694841181198 10.0 576000
