1694836624810 0.0 4000
1694836653886 0.0 8000
1694836681986 0.0 12000
1694836711598 0.0 16000
1694836741467 0.0 20000
1694836770704 0.0 24000
1694836801854 0.0 28000
1694836832043 0.0 32000
1694836863065 0.0 36000
1694836892931 0.0 40000
1694836926943 0.0 44000
1694836958233 0.0 48000
1694836990484 0.0 52000
1694837023547 0.0 56000
1694837055882 0.0 60000
1694837086848 0.0 64000
1694837118339 0.0 68000
1694837150575 0.0 72000
1694837182292 0.0 76000
1694837215289 0.0 80000
1694837249975 0.0 84000
1694837282489 0.0 88000
1694837314246 0.0 92000
1694837346739 0.0 96000
1694837378839 0.0 100000
1694837410337 0.0 104000
1694837442447 0.0 108000
1694837474086 0.0 112000
1694837505928 0.0 116000
1694837538330 0.0 120000
1694837573086 0.0 124000
1694837605589 0.0 128000
1694837639511 0.0 132000
1694837672255 0.0 136000
1694837704813 0.0 140000
1694837737027 0.0 144000
1694837768964 0.0 148000
1694837801694 0.0 152000
1694837833743 0.0 156000
1694837867264 0.0 160000
1694837905193 0.0 164000
1694837938591 0.0 168000
1694837970791 0.0 172000
1694838004541 0.0 176000
1694838036692 0.0 180000
1694838067868 0.0 184000
1694838099240 0.0 188000
1694838130599 0.0 192000
1694838162010 0.0 196000
1694838192692 0.0 200000
1694838228575 0.0 204000
1694838259915 0.0 208000
1694838290723 0.0 212000
1694838322617 0.0 216000
1694838354268 0.0 220000
1694838385702 0.0 224000
1694838416824 0.0 228000
1694838447652 0.0 232000
1694838479571 0.0 236000
1694838511346 0.0 240000
1694838547077 0.0 244000
1694838579603 0.0 248000
1694838611617 0.0 252000
1694838643752 0.0 256000
1694838675107 0.0 260000
1694838706379 0.0 264000
1694838738231 0.0 268000
1694838771033 0.0 272000
1694838803856 0.0 276000
1694838837252 0.0 280000
1694838874859 0.0 284000
1694838907871 0.0 288000
1694838940827 0.0 292000
1694838973412 0.0 296000
1694839006472 0.0 300000
1694839038208 0.0 304000
1694839069978 0.0 308000
1694839101378 0.0 312000
1694839134386 0.0 316000
1694839166431 0.0 320000
1694839200407 0.0 324000
1694839232658 0.0 328000
1694839264512 0.0 332000
1694839296874 0.0 336000
1694839327959 0.0 340000
1694839359382 0.0 344000
1694839389463 0.0 348000
1694839420428 0.0 352000
1694839451712 0.0 356000
1694839482685 0.0 360000
1694839515934 0.0 364000
1694839547634 0.0 368000
1694839579092 0.0 372000
1694839611341 0.0 376000
1694839642428 0.0 380000
1694839674046 0.0 384000
1694839706392 0.0 388000
1694839739142 0.0 392000
1694839770918 0.0 396000
1694839803770 0.0 400000
1694839840196 0.0 404000
1694839873091 0.0 408000
1694839905791 0.0 412000
1694839938068 0.0 416000
1694839970781 0.0 420000
1694840002752 0.0 424000
1694840035478 0.0 428000
1694840066871 0.0 432000
1694840099250 0.0 436000
1694840132480 0.0 440000
1694840170275 0.0 444000
1694840204679 0.0 448000
1694840236949 0.0 452000
1694840270397 0.0 456000
1694840302427 0.0 460000
1694840335197 0.0 464000
1694840365952 0.0 468000
1694840399180 0.0 472000
1694840430142 0.0 476000
1694840462443 0.0 480000
1694840497655 0.0 484000
1694840529779 0.0 488000
1694840561628 0.0 492000
1694840593646 0.0 496000
1694840627135 0.0 500000
1694840658299 0.0 504000
1694840689853 0.0 508000
1694840720392 0.0 512000
1694840752007 0.0 516000
1694840783264 0.0 520000
1694840820312 0.0 524000
1694840855614 0.0 528000
1694840884801 0.0 532000
1694840911609 0.0 536000
1694840939848 0.0 540000
1694840965991 0.0 544000
1694840992845 0.0 548000
1694841019013 0.0 552000
1694841045649 0.0 556000
1694841072963 0.0 560000
1694841101663 0.0 564000
1694841127967 0.0 568000
1694841154457 0.0 572000
1694841181204 0.0 576000
