1694836624856 34353.0 4000
1694836653931 34353.0 8000
1694836682014 34353.0 12000
1694836711648 34353.0 16000
1694836741508 34353.0 20000
1694836770746 34353.0 24000
1694836801898 34353.0 28000
1694836832086 34353.0 32000
1694836863093 34353.0 36000
1694836892972 34353.0 40000
1694836926985 34353.0 44000
1694836958274 34353.0 48000
1694836990534 34353.0 52000
1694837023594 34353.0 56000
1694837055927 34353.0 60000
1694837086891 34353.0 64000
1694837118436 34353.0 68000
1694837150617 34353.0 72000
1694837182335 34353.0 76000
1694837215332 34353.0 80000
1694837250022 34353.0 84000
1694837282533 34353.0 88000
1694837314297 34353.0 92000
1694837346785 34353.0 96000
1694837378883 34353.0 100000
1694837410378 34353.0 104000
1694837442488 34353.0 108000
1694837474132 34353.0 112000
1694837505955 34353.0 116000
1694837538357 34353.0 120000
1694837573128 34353.0 124000
1694837605639 34353.0 128000
1694837639557 34353.0 132000
1694837672305 34353.0 136000
1694837704856 34353.0 140000
1694837737072 34353.0 144000
1694837769008 34353.0 148000
1694837801738 34353.0 152000
1694837833786 34353.0 156000
1694837867308 34353.0 160000
1694837905237 34353.0 164000
1694837938638 34353.0 168000
1694837970836 34353.0 172000
1694838004568 34353.0 176000
1694838036719 34353.0 180000
1694838067914 34353.0 184000
1694838099267 34353.0 188000
1694838130640 34353.0 192000
1694838162055 34353.0 196000
1694838192717 34353.0 200000
1694838228620 34353.0 204000
1694838259958 34353.0 208000
1694838290767 34353.0 212000
1694838322703 34353.0 216000
1694838354314 34353.0 220000
1694838385746 34353.0 224000
1694838416867 34353.0 228000
1694838447695 34353.0 232000
1694838479616 34353.0 236000
1694838511373 34353.0 240000
1694838547124 34353.0 244000
1694838579648 34353.0 248000
1694838611661 34353.0 252000
1694838643779 34353.0 256000
1694838675149 34353.0 260000
1694838706422 34353.0 264000
1694838738276 34353.0 268000
1694838771077 34353.0 272000
1694838803904 34353.0 276000
1694838837300 34353.0 280000
1694838874905 34353.0 284000
1694838907918 34353.0 288000
1694838940873 34353.0 292000
1694838973453 34353.0 296000
1694839006516 34353.0 300000
1694839038234 34353.0 304000
1694839070023 34353.0 308000
1694839101421 34353.0 312000
1694839134431 34353.0 316000
1694839166474 34353.0 320000
1694839200438 34353.0 324000
1694839232688 34353.0 328000
1694839264539 34353.0 332000
1694839296918 34353.0 336000
1694839328077 34353.0 340000
1694839359431 34353.0 344000
1694839389487 34353.0 348000
1694839420475 34353.0 352000
1694839451739 34353.0 356000
1694839482736 34353.0 360000
1694839515974 34353.0 364000
1694839547674 34353.0 368000
1694839579134 34353.0 372000
1694839611384 34353.0 376000
1694839642470 34353.0 380000
1694839674088 34353.0 384000
1694839706436 34353.0 388000
1694839739186 34353.0 392000
1694839770966 34353.0 396000
1694839803796 34353.0 400000
1694839840242 34353.0 404000
1694839873136 34353.0 408000
1694839905834 34353.0 412000
1694839938096 34353.0 416000
1694839970828 34353.0 420000
1694840002794 34353.0 424000
1694840035521 34353.0 428000
1694840066900 34353.0 432000
1694840099295 34353.0 436000
1694840132528 34353.0 440000
1694840170320 34353.0 444000
1694840204722 34353.0 448000
1694840236992 34353.0 452000
1694840270443 34353.0 456000
1694840302455 34353.0 460000
1694840335241 34353.0 464000
1694840365998 34353.0 468000
1694840399224 34353.0 472000
1694840430187 34353.0 476000
1694840462490 34353.0 480000
1694840497701 34353.0 484000
1694840529805 34353.0 488000
1694840561655 34353.0 492000
1694840593698 34353.0 496000
1694840627179 34353.0 500000
1694840658341 34353.0 504000
1694840689894 34353.0 508000
1694840720434 34353.0 512000
1694840752050 34353.0 516000
1694840783308 34353.0 520000
1694840820359 34353.0 524000
1694840855697 34353.0 528000
1694840884843 34353.0 532000
1694840911654 34353.0 536000
1694840939888 34353.0 540000
1694840966015 34353.0 544000
1694840992884 34353.0 548000
1694841019056 34353.0 552000
1694841045689 34353.0 556000
1694841073007 34353.0 560000
1694841101705 34353.0 564000
1694841128007 34353.0 568000
1694841154498 34353.0 572000
1694841181265 34353.0 576000
