1694836624853 27.236225605010986 4000
1694836653913 53.861167430877686 8000
1694836682012 81.17133975028992 12000
1694836711647 109.9556896686554 16000
1694836741506 138.70841670036316 20000
1694836770744 167.15299081802368 24000
1694836801897 197.10217380523682 28000
1694836832084 226.4444510936737 32000
1694836863091 256.32936906814575 36000
1694836892971 285.3458242416382 40000
1694836926983 318.4482362270355 44000
1694836958273 348.85022926330566 48000
1694836990532 380.18411135673523 52000
1694837023592 412.2466161251068 56000
1694837055925 443.6238012313843 60000
1694837086888 473.744291305542 64000
1694837118432 504.3503084182739 68000
1694837150616 535.60209441185 72000
1694837182333 566.4426803588867 76000
1694837215331 598.5234482288361 80000
1694837250020 632.2396264076233 84000
1694837282531 663.5321204662323 88000
1694837314294 694.3847393989563 92000
1694837346784 725.8993854522705 96000
1694837378882 757.0929572582245 100000
1694837410376 787.6846492290497 104000
1694837442486 818.8862934112549 108000
1694837474130 849.5989763736725 112000
1694837505953 880.5017921924591 116000
1694837538355 912.0017273426056 120000
1694837573126 945.8042953014374 124000
1694837605638 977.3682842254639 128000
1694837639555 1010.3658044338226 132000
1694837672303 1042.1147465705872 136000
1694837704854 1073.4315564632416 140000
1694837737070 1104.6794335842133 144000
1694837769006 1135.6452054977417 148000
1694837801737 1167.4367105960846 152000
1694837833784 1198.5500514507294 156000
1694837867306 1231.1286535263062 160000
1694837905235 1268.0392136573792 164000
1694837938636 1300.465161561966 168000
1694837970818 1331.5870547294617 172000
1694838004567 1364.1375455856323 176000
1694838036718 1395.4202256202698 180000
1694838067912 1425.7645366191864 184000
1694838099266 1456.2789497375488 188000
1694838130639 1486.802171945572 192000
1694838162054 1517.314445734024 196000
1694838192716 1547.1750557422638 200000
1694838228618 1582.18234872818 204000
1694838259956 1612.6229939460754 208000
1694838290766 1642.5910847187042 212000
1694838322701 1673.5689315795898 216000
1694838354313 1704.2584013938904 220000
1694838385743 1734.8051402568817 224000
1694838416865 1765.0833814144135 228000
1694838447693 1795.0411105155945 232000
1694838479615 1826.081261396408 236000
1694838511372 1856.9650435447693 240000
1694838547123 1891.5058724880219 244000
1694838579646 1923.0939002037048 248000
1694838611659 1954.2224509716034 252000
1694838643777 1985.5071141719818 256000
1694838675147 2016.006735086441 260000
1694838706421 2046.476303100586 264000
1694838738274 2077.415372133255 268000
1694838771075 2109.3441982269287 272000
1694838803902 2141.207318544388 276000
1694838837281 2173.693630695343 280000
1694838874904 2210.249764919281 284000
1694838907916 2242.3099689483643 288000
1694838940871 2274.288996696472 292000
1694838973452 2305.9512317180634 296000
1694839006515 2338.1175734996796 300000
1694839038233 2368.9744234085083 304000
1694839070022 2399.830988407135 308000
1694839101419 2430.3642015457153 312000
1694839134429 2462.4921255111694 316000
1694839166473 2493.664150238037 320000
1694839200436 2526.6746242046356 324000
1694839232686 2558.039849281311 328000
1694839264538 2588.652003288269 332000
1694839296916 2620.125527381897 336000
1694839328076 2650.3331801891327 340000
1694839359429 2680.7744982242584 344000
1694839389485 2710.021278142929 348000
1694839420473 2740.137146472931 352000
1694839451737 2770.470606327057 356000
1694839482734 2800.5616223812103 360000
1694839515973 2832.852871656418 364000
1694839547672 2863.5998117923737 368000
1694839579133 2894.193196773529 372000
1694839611383 2925.566319704056 376000
1694839642468 2955.797116756439 380000
1694839674086 2986.5409276485443 384000
1694839706434 3017.94677567482 388000
1694839739184 3049.6649956703186 392000
1694839770964 3080.516644716263 396000
1694839803795 3112.0902814865112 400000
1694839840240 3147.5333375930786 404000
1694839873134 3179.4785199165344 408000
1694839905833 3211.2973639965057 412000
1694839938094 3242.646959066391 416000
1694839970826 3274.382146835327 420000
1694840002793 3305.4331300258636 424000
1694840035518 3337.2593553066254 428000
1694840066899 3367.697651386261 432000
1694840099294 3399.1372253894806 436000
1694840132526 3431.4153673648834 440000
1694840170303 3467.859387397766 444000
1694840204721 3501.290149450302 448000
1694840236990 3532.6555845737457 452000
1694840270441 3565.177669763565 456000
1694840302454 3596.220149755478 460000
1694840335239 3628.0879855155945 464000
1694840365996 3657.8945393562317 468000
1694840399206 3690.2094395160675 472000
1694840430185 3720.266655445099 476000
1694840462488 3751.3366165161133 480000
1694840497700 3785.502437353134 484000
1694840529804 3816.6767342090607 488000
1694840561654 3847.568768262863 492000
1694840593696 3878.668123483658 496000
1694840627177 3911.137795448303 500000
1694840658340 3941.388444185257 504000
1694840689893 3972.0153539180756 508000
1694840720432 4001.6647329330444 512000
1694840752049 4032.3846888542175 516000
1694840783306 4062.742292881012 520000
1694840820358 4098.789578676224 524000
1694840855695 4133.124001502991 528000
1694840884841 4161.384141206741 532000
1694840911653 4187.3208820819855 536000
1694840939886 4214.393002986908 540000
1694840966014 4239.680876970291 544000
1694840992883 4265.667158842087 548000
1694841019054 4291.028157949448 552000
1694841045688 4316.7947289943695 556000
1694841073006 4343.256365060806 560000
1694841101704 4371.0209608078 564000
1694841128006 4396.477947950363 568000
1694841154497 4422.056076049805 572000
1694841181261 4447.88510799408 576000
