1694836624859 27.236225605010986 4000
1694836653933 53.861167430877686 8000
1694836682031 81.17133975028992 12000
1694836711649 109.9556896686554 16000
1694836741510 138.70841670036316 20000
1694836770747 167.15299081802368 24000
1694836801900 197.10217380523682 28000
1694836832087 226.4444510936737 32000
1694836863110 256.32936906814575 36000
1694836892974 285.3458242416382 40000
1694836926987 318.4482362270355 44000
1694836958276 348.85022926330566 48000
1694836990537 380.18411135673523 52000
1694837023612 412.2466161251068 56000
1694837055928 443.6238012313843 60000
1694837086893 473.744291305542 64000
1694837118439 504.3503084182739 68000
1694837150619 535.60209441185 72000
1694837182336 566.4426803588867 76000
1694837215334 598.5234482288361 80000
1694837250024 632.2396264076233 84000
1694837282535 663.5321204662323 88000
1694837314299 694.3847393989563 92000
1694837346787 725.8993854522705 96000
1694837378885 757.0929572582245 100000
1694837410379 787.6846492290497 104000
1694837442489 818.8862934112549 108000
1694837474133 849.5989763736725 112000
1694837505957 880.5017921924591 116000
1694837538358 912.0017273426056 120000
1694837573130 945.8042953014374 124000
1694837605641 977.3682842254639 128000
1694837639560 1010.3658044338226 132000
1694837672308 1042.1147465705872 136000
1694837704859 1073.4315564632416 140000
1694837737075 1104.6794335842133 144000
1694837769010 1135.6452054977417 148000
1694837801740 1167.4367105960846 152000
1694837833787 1198.5500514507294 156000
1694837867311 1231.1286535263062 160000
1694837905239 1268.0392136573792 164000
1694837938640 1300.465161561966 168000
1694837970838 1331.5870547294617 172000
1694838004569 1364.1375455856323 176000
1694838036737 1395.4202256202698 180000
1694838067915 1425.7645366191864 184000
1694838099268 1456.2789497375488 188000
1694838130642 1486.802171945572 192000
1694838162057 1517.314445734024 196000
1694838192719 1547.1750557422638 200000
1694838228621 1582.18234872818 204000
1694838259959 1612.6229939460754 208000
1694838290768 1642.5910847187042 212000
1694838322705 1673.5689315795898 216000
1694838354316 1704.2584013938904 220000
1694838385748 1734.8051402568817 224000
1694838416869 1765.0833814144135 228000
1694838447697 1795.0411105155945 232000
1694838479618 1826.081261396408 236000
1694838511375 1856.9650435447693 240000
1694838547126 1891.5058724880219 244000
1694838579649 1923.0939002037048 248000
1694838611663 1954.2224509716034 252000
1694838643797 1985.5071141719818 256000
1694838675151 2016.006735086441 260000
1694838706424 2046.476303100586 264000
1694838738278 2077.415372133255 268000
1694838771078 2109.3441982269287 272000
1694838803906 2141.207318544388 276000
1694838837302 2173.693630695343 280000
1694838874907 2210.249764919281 284000
1694838907920 2242.3099689483643 288000
1694838940874 2274.288996696472 292000
1694838973455 2305.9512317180634 296000
1694839006518 2338.1175734996796 300000
1694839038236 2368.9744234085083 304000
1694839070024 2399.830988407135 308000
1694839101422 2430.3642015457153 312000
1694839134433 2462.4921255111694 316000
1694839166475 2493.664150238037 320000
1694839200455 2526.6746242046356 324000
1694839232706 2558.039849281311 328000
1694839264556 2588.652003288269 332000
1694839296919 2620.125527381897 336000
1694839328079 2650.3331801891327 340000
1694839359432 2680.7744982242584 344000
1694839389488 2710.021278142929 348000
1694839420476 2740.137146472931 352000
1694839451740 2770.470606327057 356000
1694839482737 2800.5616223812103 360000
1694839515976 2832.852871656418 364000
1694839547675 2863.5998117923737 368000
1694839579136 2894.193196773529 372000
1694839611386 2925.566319704056 376000
1694839642471 2955.797116756439 380000
1694839674090 2986.5409276485443 384000
1694839706437 3017.94677567482 388000
1694839739188 3049.6649956703186 392000
1694839770968 3080.516644716263 396000
1694839803797 3112.0902814865112 400000
1694839840244 3147.5333375930786 404000
1694839873137 3179.4785199165344 408000
1694839905836 3211.2973639965057 412000
1694839938097 3242.646959066391 416000
1694839970829 3274.382146835327 420000
1694840002796 3305.4331300258636 424000
1694840035523 3337.2593553066254 428000
1694840066901 3367.697651386261 432000
1694840099297 3399.1372253894806 436000
1694840132530 3431.4153673648834 440000
1694840170322 3467.859387397766 444000
1694840204724 3501.290149450302 448000
1694840236993 3532.6555845737457 452000
1694840270444 3565.177669763565 456000
1694840302473 3596.220149755478 460000
1694840335242 3628.0879855155945 464000
1694840366000 3657.8945393562317 468000
1694840399225 3690.2094395160675 472000
1694840430188 3720.266655445099 476000
1694840462491 3751.3366165161133 480000
1694840497703 3785.502437353134 484000
1694840529807 3816.6767342090607 488000
1694840561657 3847.568768262863 492000
1694840593701 3878.668123483658 496000
1694840627181 3911.137795448303 500000
1694840658343 3941.388444185257 504000
1694840689896 3972.0153539180756 508000
1694840720435 4001.6647329330444 512000
1694840752051 4032.3846888542175 516000
1694840783310 4062.742292881012 520000
1694840820361 4098.789578676224 524000
1694840855698 4133.124001502991 528000
1694840884844 4161.384141206741 532000
1694840911656 4187.3208820819855 536000
1694840939889 4214.393002986908 540000
1694840966032 4239.680876970291 544000
1694840992886 4265.667158842087 548000
1694841019057 4291.028157949448 552000
1694841045691 4316.7947289943695 556000
1694841073009 4343.256365060806 560000
1694841101707 4371.0209608078 564000
1694841128008 4396.477947950363 568000
1694841154500 4422.056076049805 572000
1694841181267 4447.88510799408 576000
