1694836624841 4000.0 4000
1694836653898 8000.0 8000
1694836681999 12000.0 12000
1694836711636 16000.0 16000
1694836741495 20000.0 20000
1694836770717 24000.0 24000
1694836801885 28000.0 28000
1694836832073 32000.0 32000
1694836863078 36000.0 36000
1694836892959 40000.0 40000
1694836926972 44000.0 44000
1694836958261 48000.0 48000
1694836990518 52000.0 52000
1694837023576 56000.0 56000
1694837055896 60000.0 60000
1694837086876 64000.0 64000
1694837118387 68000.0 68000
1694837150588 72000.0 72000
1694837182322 76000.0 76000
1694837215317 80000.0 80000
1694837249989 84000.0 84000
1694837282519 88000.0 88000
1694837314279 92000.0 92000
1694837346771 96000.0 96000
1694837378853 100000.0 100000
1694837410349 104000.0 104000
1694837442473 108000.0 108000
1694837474102 112000.0 112000
1694837505940 116000.0 116000
1694837538342 120000.0 120000
1694837573099 124000.0 124000
1694837605606 128000.0 128000
1694837639541 132000.0 132000
1694837672287 136000.0 136000
1694837704842 140000.0 140000
1694837737057 144000.0 144000
1694837768995 148000.0 148000
1694837801707 152000.0 152000
1694837833756 156000.0 156000
1694837867294 160000.0 160000
1694837905208 164000.0 164000
1694837938608 168000.0 168000
1694837970805 172000.0 172000
1694838004555 176000.0 176000
1694838036706 180000.0 180000
1694838067900 184000.0 184000
1694838099254 188000.0 188000
1694838130613 192000.0 192000
1694838162039 196000.0 196000
1694838192705 200000.0 200000
1694838228604 204000.0 204000
1694838259941 208000.0 208000
1694838290753 212000.0 212000
1694838322668 216000.0 216000
1694838354301 220000.0 220000
1694838385715 224000.0 224000
1694838416853 228000.0 228000
1694838447666 232000.0 232000
1694838479603 236000.0 236000
1694838511360 240000.0 240000
1694838547109 244000.0 244000
1694838579617 248000.0 248000
1694838611646 252000.0 252000
1694838643765 256000.0 256000
1694838675120 260000.0 260000
1694838706409 264000.0 264000
1694838738261 268000.0 268000
1694838771063 272000.0 272000
1694838803871 276000.0 276000
1694838837268 280000.0 280000
1694838874873 284000.0 284000
1694838907901 288000.0 288000
1694838940858 292000.0 292000
1694838973425 296000.0 296000
1694839006502 300000.0 300000
1694839038221 304000.0 304000
1694839070009 308000.0 308000
1694839101408 312000.0 312000
1694839134417 316000.0 316000
1694839166461 320000.0 320000
1694839200421 324000.0 324000
1694839232673 328000.0 328000
1694839264526 332000.0 332000
1694839296888 336000.0 336000
1694839328063 340000.0 340000
1694839359415 344000.0 344000
1694839389475 348000.0 348000
1694839420442 352000.0 352000
1694839451725 356000.0 356000
1694839482720 360000.0 360000
1694839515960 364000.0 364000
1694839547661 368000.0 368000
1694839579122 372000.0 372000
1694839611371 376000.0 376000
1694839642440 380000.0 380000
1694839674074 384000.0 384000
1694839706422 388000.0 388000
1694839739172 392000.0 392000
1694839770935 396000.0 396000
1694839803783 400000.0 400000
1694839840227 404000.0 404000
1694839873122 408000.0 408000
1694839905821 412000.0 412000
1694839938082 416000.0 416000
1694839970795 420000.0 420000
1694840002781 424000.0 424000
1694840035491 428000.0 428000
1694840066887 432000.0 432000
1694840099281 436000.0 436000
1694840132495 440000.0 440000
1694840170290 444000.0 444000
1694840204692 448000.0 448000
1694840236978 452000.0 452000
1694840270428 456000.0 456000
1694840302442 460000.0 460000
1694840335227 464000.0 464000
1694840365985 468000.0 468000
1694840399194 472000.0 472000
1694840430156 476000.0 476000
1694840462475 480000.0 480000
1694840497687 484000.0 484000
1694840529792 488000.0 488000
1694840561642 492000.0 492000
1694840593677 496000.0 496000
1694840627149 500000.0 500000
1694840658328 504000.0 504000
1694840689878 508000.0 508000
1694840720405 512000.0 512000
1694840752037 516000.0 516000
1694840783293 520000.0 520000
1694840820344 524000.0 524000
1694840855681 528000.0 528000
1694840884814 532000.0 532000
1694840911640 536000.0 536000
1694840939859 540000.0 540000
1694840966003 544000.0 544000
1694840992856 548000.0 548000
1694841019043 552000.0 552000
1694841045661 556000.0 556000
1694841072993 560000.0 560000
1694841101693 564000.0 564000
1694841127995 568000.0 568000
1694841154486 572000.0 572000
1694841181242 576000.0 576000
