1694836624850 1694836624.0 4000
1694836653910 1694836652.0 8000
1694836682009 1694836681.0 12000
1694836711644 1694836711.0 16000
1694836741503 1694836741.0 20000
1694836770742 1694836770.0 24000
1694836801894 1694836801.0 28000
1694836832081 1694836831.0 32000
1694836863088 1694836862.0 36000
1694836892968 1694836892.0 40000
1694836926981 1694836926.0 44000
1694836958270 1694836957.0 48000
1694836990528 1694836990.0 52000
1694837023587 1694837023.0 56000
1694837055922 1694837055.0 60000
1694837086884 1694837086.0 64000
1694837118429 1694837118.0 68000
1694837150598 1694837150.0 72000
1694837182331 1694837181.0 76000
1694837215328 1694837214.0 80000
1694837250001 1694837249.0 84000
1694837282529 1694837282.0 88000
1694837314290 1694837313.0 92000
1694837346781 1694837346.0 96000
1694837378878 1694837378.0 100000
1694837410374 1694837410.0 104000
1694837442483 1694837442.0 108000
1694837474127 1694837473.0 112000
1694837505949 1694837505.0 116000
1694837538351 1694837537.0 120000
1694837573109 1694837572.0 124000
1694837605635 1694837605.0 128000
1694837639551 1694837639.0 132000
1694837672299 1694837671.0 136000
1694837704850 1694837704.0 140000
1694837737067 1694837736.0 144000
1694837769003 1694837768.0 148000
1694837801734 1694837801.0 152000
1694837833766 1694837833.0 156000
1694837867303 1694837866.0 160000
1694837905218 1694837904.0 164000
1694837938619 1694837938.0 168000
1694837970815 1694837970.0 172000
1694838004564 1694838004.0 176000
1694838036715 1694838036.0 180000
1694838067909 1694838067.0 184000
1694838099263 1694838098.0 188000
1694838130622 1694838130.0 192000
1694838162051 1694838161.0 196000
1694838192713 1694838192.0 200000
1694838228614 1694838228.0 204000
1694838259954 1694838259.0 208000
1694838290763 1694838290.0 212000
1694838322697 1694838322.0 216000
1694838354310 1694838353.0 220000
1694838385724 1694838385.0 224000
1694838416862 1694838416.0 228000
1694838447674 1694838447.0 232000
1694838479612 1694838479.0 236000
1694838511369 1694838510.0 240000
1694838547119 1694838546.0 244000
1694838579627 1694838579.0 248000
1694838611657 1694838611.0 252000
1694838643775 1694838643.0 256000
1694838675129 1694838674.0 260000
1694838706417 1694838706.0 264000
1694838738271 1694838737.0 268000
1694838771072 1694838770.0 272000
1694838803899 1694838803.0 276000
1694838837278 1694838836.0 280000
1694838874900 1694838874.0 284000
1694838907913 1694838907.0 288000
1694838940868 1694838940.0 292000
1694838973435 1694838973.0 296000
1694839006511 1694839006.0 300000
1694839038230 1694839037.0 304000
1694839070019 1694839069.0 308000
1694839101417 1694839101.0 312000
1694839134426 1694839134.0 316000
1694839166470 1694839166.0 320000
1694839200432 1694839199.0 324000
1694839232683 1694839232.0 328000
1694839264535 1694839264.0 332000
1694839296914 1694839296.0 336000
1694839328073 1694839327.0 340000
1694839359426 1694839359.0 344000
1694839389483 1694839389.0 348000
1694839420470 1694839420.0 352000
1694839451734 1694839451.0 356000
1694839482731 1694839482.0 360000
1694839515970 1694839515.0 364000
1694839547670 1694839547.0 368000
1694839579130 1694839578.0 372000
1694839611380 1694839610.0 376000
1694839642466 1694839642.0 380000
1694839674083 1694839673.0 384000
1694839706431 1694839706.0 388000
1694839739181 1694839738.0 392000
1694839770945 1694839770.0 396000
1694839803792 1694839803.0 400000
1694839840237 1694839839.0 404000
1694839873132 1694839872.0 408000
1694839905830 1694839905.0 412000
1694839938091 1694839937.0 416000
1694839970823 1694839970.0 420000
1694840002790 1694840002.0 424000
1694840035500 1694840035.0 428000
1694840066896 1694840066.0 432000
1694840099290 1694840098.0 436000
1694840132522 1694840132.0 440000
1694840170300 1694840169.0 444000
1694840204702 1694840204.0 448000
1694840236987 1694840236.0 452000
1694840270438 1694840269.0 456000
1694840302451 1694840301.0 460000
1694840335237 1694840334.0 464000
1694840365993 1694840365.0 468000
1694840399204 1694840398.0 472000
1694840430182 1694840429.0 476000
1694840462485 1694840462.0 480000
1694840497696 1694840497.0 484000
1694840529801 1694840529.0 488000
1694840561651 1694840561.0 492000
1694840593692 1694840593.0 496000
1694840627158 1694840626.0 500000
1694840658337 1694840657.0 504000
1694840689890 1694840689.0 508000
1694840720429 1694840719.0 512000
1694840752046 1694840751.0 516000
1694840783303 1694840782.0 520000
1694840820354 1694840819.0 524000
1694840855692 1694840855.0 528000
1694840884839 1694840884.0 532000
1694840911649 1694840911.0 536000
1694840939884 1694840939.0 540000
1694840966011 1694840965.0 544000
1694840992864 1694840992.0 548000
1694841019052 1694841018.0 552000
1694841045685 1694841045.0 556000
1694841073003 1694841072.0 560000
1694841101701 1694841101.0 564000
1694841128003 1694841127.0 568000
1694841154494 1694841154.0 572000
1694841181256 1694841180.0 576000
