1694836624852 27.236225605010986 4000
1694836653912 26.6249418258667 8000
1694836682010 27.31017231941223 12000
1694836711645 28.78434991836548 16000
1694836741504 28.752727031707764 20000
1694836770743 28.444574117660522 24000
1694836801896 29.949182987213135 28000
1694836832083 29.34227728843689 32000
1694836863089 29.884917974472046 36000
1694836892969 29.01645517349243 40000
1694836926982 33.10241198539734 44000
1694836958272 30.40199303627014 48000
1694836990530 31.333882093429565 52000
1694837023589 32.06250476837158 56000
1694837055924 31.377185106277466 60000
1694837086886 30.120490074157715 64000
1694837118430 30.606017112731934 68000
1694837150600 31.25178599357605 72000
1694837182332 30.840585947036743 76000
1694837215329 32.08076786994934 80000
1694837250018 33.71617817878723 84000
1694837282530 31.29249405860901 88000
1694837314291 30.852618932724 92000
1694837346782 31.51464605331421 96000
1694837378880 31.19357180595398 100000
1694837410375 30.591691970825195 104000
1694837442485 31.2016441822052 108000
1694837474129 30.712682962417603 112000
1694837505951 30.90281581878662 116000
1694837538353 31.499935150146484 120000
1694837573110 33.80256795883179 124000
1694837605636 31.56398892402649 128000
1694837639553 32.997520208358765 132000
1694837672301 31.748942136764526 136000
1694837704852 31.31680989265442 140000
1694837737068 31.24787712097168 144000
1694837769005 30.965771913528442 148000
1694837801735 31.791505098342896 152000
1694837833767 31.113340854644775 156000
1694837867305 32.57860207557678 160000
1694837905219 36.910560131073 164000
1694837938620 32.42594790458679 168000
1694837970816 31.121893167495728 172000
1694838004565 32.550490856170654 176000
1694838036716 31.28268003463745 180000
1694838067911 30.344310998916626 184000
1694838099264 30.514413118362427 188000
1694838130623 30.52322220802307 192000
1694838162052 30.51227378845215 196000
1694838192715 29.860610008239746 200000
1694838228616 35.00729298591614 204000
1694838259955 30.440645217895508 208000
1694838290764 29.968090772628784 212000
1694838322699 30.97784686088562 216000
1694838354311 30.689469814300537 220000
1694838385725 30.546738862991333 224000
1694838416864 30.27824115753174 228000
1694838447676 29.95772910118103 232000
1694838479613 31.0401508808136 236000
1694838511370 30.883782148361206 240000
1694838547121 34.54082894325256 244000
1694838579628 31.588027715682983 248000
1694838611658 31.12855076789856 252000
1694838643776 31.284663200378418 256000
1694838675130 30.49962091445923 260000
1694838706419 30.469568014144897 264000
1694838738273 30.939069032669067 268000
1694838771074 31.928826093673706 272000
1694838803901 31.863120317459106 276000
1694838837279 32.4863121509552 280000
1694838874902 36.55613422393799 284000
1694838907915 32.06020402908325 288000
1694838940869 31.97902774810791 292000
1694838973436 31.662235021591187 296000
1694839006513 32.16634178161621 300000
1694839038231 30.856849908828735 304000
1694839070020 30.85656499862671 308000
1694839101418 30.533213138580322 312000
1694839134427 32.1279239654541 316000
1694839166471 31.172024726867676 320000
1694839200434 33.01047396659851 324000
1694839232685 31.365225076675415 328000
1694839264536 30.612154006958008 332000
1694839296915 31.47352409362793 336000
1694839328074 30.207652807235718 340000
1694839359428 30.441318035125732 344000
1694839389484 29.246779918670654 348000
1694839420471 30.11586833000183 352000
1694839451736 30.333459854125977 356000
1694839482732 30.091016054153442 360000
1694839515972 32.29124927520752 364000
1694839547671 30.74694013595581 368000
1694839579131 30.593384981155396 372000
1694839611381 31.373122930526733 376000
1694839642467 30.230797052383423 380000
1694839674085 30.743810892105103 384000
1694839706433 31.405848026275635 388000
1694839739183 31.718219995498657 392000
1694839770946 30.851649045944214 396000
1694839803793 31.573636770248413 400000
1694839840238 35.44305610656738 404000
1694839873133 31.94518232345581 408000
1694839905831 31.818844079971313 412000
1694839938093 31.349595069885254 416000
1694839970825 31.735187768936157 420000
1694840002791 31.0509831905365 424000
1694840035501 31.82622528076172 428000
1694840066897 30.43829607963562 432000
1694840099292 31.439574003219604 436000
1694840132524 32.27814197540283 440000
1694840170302 36.44402003288269 444000
1694840204703 33.43076205253601 448000
1694840236989 31.365435123443604 452000
1694840270440 32.522085189819336 456000
1694840302452 31.042479991912842 460000
1694840335238 31.867835760116577 464000
1694840365995 29.806553840637207 468000
1694840399205 32.314900159835815 472000
1694840430183 30.057215929031372 476000
1694840462487 31.069961071014404 480000
1694840497698 34.165820837020874 484000
1694840529802 31.174296855926514 488000
1694840561652 30.89203405380249 492000
1694840593694 31.099355220794678 496000
1694840627159 32.469671964645386 500000
1694840658338 30.250648736953735 504000
1694840689891 30.626909732818604 508000
1694840720431 29.649379014968872 512000
1694840752047 30.719955921173096 516000
1694840783305 30.357604026794434 520000
1694840820356 36.04728579521179 524000
1694840855693 34.33442282676697 528000
1694840884840 28.26013970375061 532000
1694840911651 25.93674087524414 536000
1694840939885 27.072120904922485 540000
1694840966012 25.28787398338318 544000
1694840992865 25.986281871795654 548000
1694841019053 25.36099910736084 552000
1694841045687 25.766571044921875 556000
1694841073004 26.461636066436768 560000
1694841101702 27.76459574699402 564000
1694841128004 25.456987142562866 568000
1694841154496 25.57812809944153 572000
1694841181259 25.829031944274902 576000
