1694836624848 1.0 4000
1694836653907 2.0 8000
1694836682007 3.0 12000
1694836711643 4.0 16000
1694836741502 5.0 20000
1694836770740 6.0 24000
1694836801893 7.0 28000
1694836832080 8.0 32000
1694836863086 9.0 36000
1694836892967 10.0 40000
1694836926979 11.0 44000
1694836958269 12.0 48000
1694836990527 13.0 52000
1694837023584 14.0 56000
1694837055921 15.0 60000
1694837086883 16.0 64000
1694837118398 17.0 68000
1694837150597 18.0 72000
1694837182329 19.0 76000
1694837215326 20.0 80000
1694837249999 21.0 84000
1694837282527 22.0 88000
1694837314288 23.0 92000
1694837346779 24.0 96000
1694837378877 25.0 100000
1694837410372 26.0 104000
1694837442482 27.0 108000
1694837474125 28.0 112000
1694837505947 29.0 116000
1694837538350 30.0 120000
1694837573107 31.0 124000
1694837605633 32.0 128000
1694837639549 33.0 132000
1694837672297 34.0 136000
1694837704849 35.0 140000
1694837737065 36.0 144000
1694837769002 37.0 148000
1694837801715 38.0 152000
1694837833764 39.0 156000
1694837867302 40.0 160000
1694837905216 41.0 164000
1694837938617 42.0 168000
1694837970813 43.0 172000
1694838004562 44.0 176000
1694838036713 45.0 180000
1694838067908 46.0 184000
1694838099261 47.0 188000
1694838130620 48.0 192000
1694838162049 49.0 196000
1694838192712 50.0 200000
1694838228612 51.0 204000
1694838259952 52.0 208000
1694838290761 53.0 212000
1694838322694 54.0 216000
1694838354308 55.0 220000
1694838385722 56.0 224000
1694838416861 57.0 228000
1694838447673 58.0 232000
1694838479610 59.0 236000
1694838511367 60.0 240000
1694838547118 61.0 244000
1694838579625 62.0 248000
1694838611655 63.0 252000
1694838643773 64.0 256000
1694838675127 65.0 260000
1694838706416 66.0 264000
1694838738269 67.0 268000
1694838771070 68.0 272000
1694838803881 69.0 276000
1694838837275 70.0 280000
1694838874882 71.0 284000
1694838907911 72.0 288000
1694838940866 73.0 292000
1694838973433 74.0 296000
1694839006510 75.0 300000
1694839038228 76.0 304000
1694839070018 77.0 308000
1694839101415 78.0 312000
1694839134424 79.0 316000
1694839166468 80.0 320000
1694839200430 81.0 324000
1694839232681 82.0 328000
1694839264533 83.0 332000
1694839296912 84.0 336000
1694839328071 85.0 340000
1694839359425 86.0 344000
1694839389482 87.0 348000
1694839420468 88.0 352000
1694839451733 89.0 356000
1694839482729 90.0 360000
1694839515969 91.0 364000
1694839547668 92.0 368000
1694839579128 93.0 372000
1694839611378 94.0 376000
1694839642464 95.0 380000
1694839674082 96.0 384000
1694839706430 97.0 388000
1694839739180 98.0 392000
1694839770943 99.0 396000
1694839803790 100.0 400000
1694839840235 101.0 404000
1694839873130 102.0 408000
1694839905828 103.0 412000
1694839938089 104.0 416000
1694839970820 105.0 420000
1694840002788 106.0 424000
1694840035499 107.0 428000
1694840066895 108.0 432000
1694840099289 109.0 436000
1694840132520 110.0 440000
1694840170298 111.0 444000
1694840204700 112.0 448000
1694840236986 113.0 452000
1694840270437 114.0 456000
1694840302450 115.0 460000
1694840335235 116.0 464000
1694840365992 117.0 468000
1694840399202 118.0 472000
1694840430180 119.0 476000
1694840462484 120.0 480000
1694840497695 121.0 484000
1694840529799 122.0 488000
1694840561649 123.0 492000
1694840593690 124.0 496000
1694840627156 125.0 500000
1694840658335 126.0 504000
1694840689888 127.0 508000
1694840720412 128.0 512000
1694840752044 129.0 516000
1694840783301 130.0 520000
1694840820353 131.0 524000
1694840855691 132.0 528000
1694840884837 133.0 532000
1694840911648 134.0 536000
1694840939882 135.0 540000
1694840966010 136.0 544000
1694840992863 137.0 548000
1694841019050 138.0 552000
1694841045684 139.0 556000
1694841073001 140.0 560000
1694841101700 141.0 564000
1694841128002 142.0 568000
1694841154493 143.0 572000
1694841181254 144.0 576000
