1694832173021 7.032012786566256 4000
1694832209863 7.387285904263626 8000
1694832246534 7.804777756891064 12000
1694832283139 7.944521039453312 16000
1694832317450 8.055253609482477 20000
1694832348970 8.277098209824342 24000
1694832378806 8.328460263699734 28000
1694832408911 8.248869663055277 32000
1694832440646 8.150639160652798 36000
1694832472050 8.048090452167422 40000
1694832507682 7.980900492725072 44000
1694832536627 7.964997855927569 48000
1694832564292 7.935510053304196 52000
1694832596693 7.911074204374705 56000
1694832625926 7.881111699862862 60000
1694832655168 7.807960130976482 64000
1694832683653 7.742180156545032 68000
1694832713273 7.681950761986859 72000
1694832742179 7.633502795435727 76000
1694832770560 7.584197414582816 80000
1694832800018 7.535488492149698 84000
1694832829539 7.499823250470538 88000
1694832858488 7.457010065123545 92000
1694832888108 7.425063861458609 96000
1694832916635 7.3956309895132515 100000
1694832946410 7.3667581508772 104000
1694832974536 7.334303574249694 108000
1694833003626 7.305594326918669 112000
1694833032469 7.276343112083067 116000
1694833062079 7.244100825080689 120000
1694833092150 7.225389213460669 124000
1694833121735 7.203326993780693 128000
1694833150693 7.184836779293298 132000
1694833180598 7.17276054969312 136000
1694833209497 7.162004137289866 140000
1694833239302 7.1474561364501366 144000
1694833268001 7.139906690961534 148000
1694833296896 7.127312610276419 152000
1694833325938 7.1148708273032195 156000
1694833355631 7.096116055458383 160000
1694833389472 7.087018882416139 164000
1694833420451 7.081971397789236 168000
1694833449827 7.077543105979129 172000
1694833480625 7.077681361159709 176000
1694833509715 7.081861973926448 180000
1694833538363 7.077962493616128 184000
1694833568429 7.0719171547371475 188000
1694833603550 7.075396750212288 192000
1694833633013 7.078063692695828 196000
1694833663196 7.080644285484566 200000
1694833692670 7.08454271141052 204000
1694833718831 7.08132185704458 208000
1694833743518 7.0684981394710285 212000
1694833768123 7.049047749296728 216000
1694833793066 7.027305078242791 220000
1694833817077 7.013860574039445 224000
1694833841838 6.993180425326793 228000
1694833866041 6.976567261008438 232000
1694833890874 6.956234811888031 236000
1694833914900 6.936933313919917 240000
1694833940024 6.92399414370245 244000
1694833964793 6.907654203281579 248000
1694833988967 6.897487487873068 252000
1694834013994 6.882129770757762 256000
1694834038215 6.865293047408752 260000
1694834062196 6.842871241587728 264000
1694834086797 6.82238710297523 268000
1694834111105 6.811082349923172 272000
1694834135752 6.798832660298944 276000
1694834160162 6.788010271821718 280000
1694834186767 6.776866220350618 284000
1694834219490 6.7711862770672475 288000
1694834253370 6.771708906906954 292000
1694834285634 6.77616601432066 296000
1694834318125 6.788332666209703 300000
1694834347553 6.799372093644775 304000
1694834376967 6.805756332043776 308000
1694834412529 6.812199165774302 312000
1694834450690 6.824559136903076 316000
1694834485769 6.843043936872501 320000
1694834524766 6.863301910745259 324000
1694834560439 6.887850352749765 328000
1694834603424 6.909233398100655 332000
1694834644137 6.932681590815251 336000
1694834689326 6.96392231251331 340000
1694834723501 6.999019260222802 344000
