1694832173023 0.49882984942798736 4000
1694832209865 0.46457141424229664 8000
1694832246537 0.4708445835153023 12000
1694832283141 0.4672874042452609 16000
1694832317451 0.46658430772479154 20000
1694832348971 0.46491435309672213 24000
1694832378807 0.45955497206106977 28000
1694832408913 0.44893322970364224 32000
1694832440648 0.4417073551255926 36000
1694832472051 0.437926481571737 40000
1694832507683 0.4333454912191058 44000
1694832536628 0.43107331609078003 48000
1694832564293 0.4298391889171782 52000
1694832596695 0.4289260396171856 56000
1694832625928 0.42587816653859534 60000
1694832655171 0.41985012195901583 64000
1694832683654 0.41552909345883793 68000
1694832713274 0.4126949948384093 72000
1694832742180 0.40762856697666705 76000
1694832770562 0.40816610099780476 80000
1694832800019 0.4053881322161674 84000
1694832829540 0.40302781558809314 88000
1694832858489 0.39981726830608577 92000
1694832888109 0.39816669559199164 96000
1694832916637 0.39507522671606415 100000
1694832946412 0.3931824156688794 104000
1694832974538 0.39138553090972517 108000
1694833003628 0.38922347899127585 112000
1694833032470 0.38696684660949954 116000
1694833062080 0.3846829689157425 120000
1694833092152 0.38324727886153603 124000
1694833121736 0.38211382720190457 128000
1694833150695 0.38120312670585205 132000
1694833180599 0.3804572449906537 136000
1694833209498 0.3799200210695784 140000
1694833239303 0.37868634978707966 144000
1694833268002 0.3783894191075055 148000
1694833296897 0.3778863944199354 152000
1694833325939 0.3766321122129073 156000
1694833355633 0.3750795396460686 160000
1694833389474 0.3748307834670713 164000
1694833420452 0.3741943647977741 168000
1694833449829 0.3735980742954771 172000
1694833480626 0.37403235201053175 176000
1694833509717 0.37428322004291564 180000
1694833538364 0.3736331351867627 184000
1694833568431 0.3735041531729161 188000
1694833603553 0.3740458530662152 192000
1694833633015 0.37351905133355456 196000
1694833663197 0.3735226903573786 200000
1694833692671 0.3735701902171121 204000
1694833718833 0.3738129396214016 208000
1694833743519 0.372789048886778 212000
1694833768124 0.3719789934656028 216000
1694833793067 0.3707607851739904 220000
1694833817078 0.3698361003860651 224000
1694833841839 0.36872297912814334 228000
1694833866042 0.36752566409959075 232000
1694833890875 0.36691290026473894 236000
1694833914901 0.3661644837500693 240000
1694833940025 0.36544938028906926 244000
1694833964794 0.3647597501865832 248000
1694833988968 0.3638965241844626 252000
1694834013995 0.3630189801302076 256000
1694834038216 0.3621182321229483 260000
1694834062197 0.3608621633100576 264000
1694834086798 0.359785096365485 268000
1694834111106 0.35880875802018786 272000
1694834135753 0.3583770546456424 276000
1694834160163 0.3578434254414957 280000
1694834186769 0.3571969415222579 284000
1694834219491 0.35716656994602075 288000
1694834253372 0.3570814378387982 292000
1694834285635 0.35754138473984376 296000
1694834318127 0.35813092139179387 300000
1694834347554 0.35829697624401485 304000
1694834376969 0.3585582816053892 308000
1694834412531 0.3584673005473548 312000
1694834450692 0.3589894266026063 316000
1694834485771 0.3600438792105543 320000
1694834524768 0.36097216472644894 324000
1694834560442 0.36223743254566015 328000
1694834603426 0.3633288630099477 332000
1694834644140 0.3644359442697722 336000
1694834689328 0.36550958188369687 340000
1694834723503 0.367189697456842 344000
