1694832173027 0.0 4000
1694832209869 0.0 8000
1694832246541 0.0 12000
1694832283145 0.0 16000
1694832317454 0.0 20000
1694832348973 0.0 24000
1694832378809 0.0 28000
1694832408917 0.0 32000
1694832440651 0.0 36000
1694832472054 0.0 40000
1694832507685 0.0 44000
1694832536630 0.0 48000
1694832564296 0.0 52000
1694832596697 0.0 56000
1694832625930 0.0 60000
1694832655175 0.0 64000
1694832683656 0.0 68000
1694832713277 0.0 72000
1694832742182 0.0 76000
1694832770564 0.0 80000
1694832800021 0.0 84000
1694832829542 0.0 88000
1694832858491 0.0 92000
1694832888112 0.0 96000
1694832916641 0.0 100000
1694832946414 0.0 104000
1694832974540 0.0 108000
1694833003630 0.0 112000
1694833032473 0.0 116000
1694833062083 0.0 120000
1694833092156 0.0 124000
1694833121739 0.0 128000
1694833150697 0.0 132000
1694833180602 0.0 136000
1694833209501 0.0 140000
1694833239306 0.0 144000
1694833268005 0.0 148000
1694833296900 0.0 152000
1694833325943 0.0 156000
1694833355635 0.0 160000
1694833389477 0.0 164000
1694833420454 0.0 168000
1694833449831 0.0 172000
1694833480629 0.0 176000
1694833509719 0.0 180000
1694833538367 0.0 184000
1694833568435 0.0 188000
1694833603558 0.0 192000
1694833633019 0.0 196000
1694833663202 0.0 200000
1694833692674 0.0 204000
1694833718836 0.0 208000
1694833743521 0.0 212000
1694833768127 0.0 216000
1694833793069 0.0 220000
1694833817080 0.0 224000
1694833841841 0.0 228000
1694833866044 0.0 232000
1694833890880 0.0 236000
1694833914903 0.0 240000
1694833940028 0.0 244000
1694833964797 0.0 248000
1694833988970 0.0 252000
1694834013998 0.0 256000
1694834038218 0.0 260000
1694834062199 0.0 264000
1694834086800 0.0 268000
1694834111108 0.0 272000
1694834135755 0.0 276000
1694834160165 0.0 280000
1694834186773 0.0 284000
1694834219494 0.0 288000
1694834253375 0.0 292000
1694834285637 0.0 296000
1694834318129 0.0 300000
1694834347557 0.0 304000
1694834376973 0.0 308000
1694834412537 0.0 312000
1694834450697 0.0 316000
1694834485773 0.0 320000
1694834524771 0.0 324000
1694834560448 0.0 328000
1694834603433 0.0 332000
1694834644145 0.0 336000
1694834689333 0.0 340000
1694834723506 0.0 344000
