1694836624943 4000.0 4000
1694836653973 8000.0 8000
1694836682072 12000.0 12000
1694836711711 16000.0 16000
1694836741553 20000.0 20000
1694836770808 24000.0 24000
1694836801943 28000.0 28000
1694836832169 32000.0 32000
1694836863150 36000.0 36000
1694836893015 40000.0 40000
1694836927034 44000.0 44000
1694836958316 48000.0 48000
1694836990609 52000.0 52000
1694837023657 56000.0 56000
1694837055972 60000.0 60000
1694837086953 64000.0 64000
1694837118486 68000.0 68000
1694837150660 72000.0 72000
1694837182383 76000.0 76000
1694837215382 80000.0 80000
1694837250086 84000.0 84000
1694837282582 88000.0 88000
1694837314394 92000.0 92000
1694837346835 96000.0 96000
1694837378929 100000.0 100000
1694837410419 104000.0 104000
1694837442533 108000.0 108000
1694837474174 112000.0 112000
1694837506016 116000.0 116000
1694837538416 120000.0 120000
1694837573172 124000.0 124000
1694837605682 128000.0 128000
1694837639621 132000.0 132000
1694837672389 136000.0 136000
1694837704918 140000.0 140000
1694837737137 144000.0 144000
1694837769055 148000.0 148000
1694837801782 152000.0 152000
1694837833827 156000.0 156000
1694837867355 160000.0 160000
1694837905284 164000.0 164000
1694837938679 168000.0 168000
1694837970897 172000.0 172000
1694838004623 176000.0 176000
1694838036775 180000.0 180000
1694838067949 184000.0 184000
1694838099321 188000.0 188000
1694838130678 192000.0 192000
1694838162091 196000.0 196000
1694838192757 200000.0 200000
1694838228677 204000.0 204000
1694838259995 208000.0 208000
1694838290800 212000.0 212000
1694838322748 216000.0 216000
1694838354353 220000.0 220000
1694838385784 224000.0 224000
1694838416908 228000.0 228000
1694838447732 232000.0 232000
1694838479659 236000.0 236000
1694838511446 240000.0 240000
1694838547181 244000.0 244000
1694838579685 248000.0 248000
1694838611698 252000.0 252000
1694838643831 256000.0 256000
1694838675186 260000.0 260000
1694838706463 264000.0 264000
1694838738316 268000.0 268000
1694838771116 272000.0 272000
1694838803945 276000.0 276000
1694838837343 280000.0 280000
1694838874946 284000.0 284000
1694838907959 288000.0 288000
1694838940910 292000.0 292000
1694838973490 296000.0 296000
1694839006551 300000.0 300000
1694839038286 304000.0 304000
1694839070060 308000.0 308000
1694839101456 312000.0 312000
1694839134472 316000.0 316000
1694839166510 320000.0 320000
1694839200495 324000.0 324000
1694839232771 328000.0 328000
1694839264591 332000.0 332000
1694839296954 336000.0 336000
1694839328118 340000.0 340000
1694839359466 344000.0 344000
1694839389539 348000.0 348000
1694839420511 352000.0 352000
1694839451793 356000.0 356000
1694839482776 360000.0 360000
1694839516011 364000.0 364000
1694839547708 368000.0 368000
1694839579175 372000.0 372000
1694839611420 376000.0 376000
1694839642505 380000.0 380000
1694839674132 384000.0 384000
1694839706478 388000.0 388000
1694839739233 392000.0 392000
1694839771025 396000.0 396000
1694839803848 400000.0 400000
1694839840289 404000.0 404000
1694839873172 408000.0 408000
1694839905873 412000.0 412000
1694839938150 416000.0 416000
1694839970864 420000.0 420000
1694840002834 424000.0 424000
1694840035559 428000.0 428000
1694840066953 432000.0 432000
1694840099336 436000.0 436000
1694840132589 440000.0 440000
1694840170360 444000.0 444000
1694840204761 448000.0 448000
1694840237029 452000.0 452000
1694840270485 456000.0 456000
1694840302509 460000.0 460000
1694840335283 464000.0 464000
1694840366038 468000.0 468000
1694840399261 472000.0 472000
1694840430244 476000.0 476000
1694840462531 480000.0 480000
1694840497748 484000.0 484000
1694840529859 488000.0 488000
1694840561709 492000.0 492000
1694840593752 496000.0 496000
1694840627216 500000.0 500000
1694840658377 504000.0 504000
1694840689930 508000.0 508000
1694840720468 512000.0 512000
1694840752085 516000.0 516000
1694840783352 520000.0 520000
1694840820417 524000.0 524000
1694840855737 528000.0 528000
1694840884875 532000.0 532000
1694840911711 536000.0 536000
1694840939921 540000.0 540000
1694840966065 544000.0 544000
1694840992918 548000.0 548000
1694841019091 552000.0 552000
1694841045723 556000.0 556000
1694841073047 560000.0 560000
1694841101743 564000.0 564000
1694841128044 568000.0 568000
1694841154531 572000.0 572000
1694841181341 576000.0 576000
