1694836624945 4000.0 4000
1694836653975 8000.0 8000
1694836682073 12000.0 12000
1694836711713 16000.0 16000
1694836741555 20000.0 20000
1694836770811 24000.0 24000
1694836801946 28000.0 28000
1694836832170 32000.0 32000
1694836863152 36000.0 36000
1694836893017 40000.0 40000
1694836927036 44000.0 44000
1694836958317 48000.0 48000
1694836990610 52000.0 52000
1694837023658 56000.0 56000
1694837055975 60000.0 60000
1694837086954 64000.0 64000
1694837118488 68000.0 68000
1694837150661 72000.0 72000
1694837182384 76000.0 76000
1694837215385 80000.0 80000
1694837250088 84000.0 84000
1694837282584 88000.0 88000
1694837314396 92000.0 92000
1694837346838 96000.0 96000
1694837378932 100000.0 100000
1694837410421 104000.0 104000
1694837442536 108000.0 108000
1694837474176 112000.0 112000
1694837506017 116000.0 116000
1694837538417 120000.0 120000
1694837573173 124000.0 124000
1694837605684 128000.0 128000
1694837639622 132000.0 132000
1694837672391 136000.0 136000
1694837704919 140000.0 140000
1694837737138 144000.0 144000
1694837769057 148000.0 148000
1694837801783 152000.0 152000
1694837833829 156000.0 156000
1694837867357 160000.0 160000
1694837905286 164000.0 164000
1694837938681 168000.0 168000
1694837970899 172000.0 172000
1694838004624 176000.0 176000
1694838036776 180000.0 180000
1694838067951 184000.0 184000
1694838099323 188000.0 188000
1694838130679 192000.0 192000
1694838162092 196000.0 196000
1694838192759 200000.0 200000
1694838228678 204000.0 204000
1694838259998 208000.0 208000
1694838290801 212000.0 212000
1694838322750 216000.0 216000
1694838354355 220000.0 220000
1694838385785 224000.0 224000
1694838416910 228000.0 228000
1694838447733 232000.0 232000
1694838479661 236000.0 236000
1694838511448 240000.0 240000
1694838547183 244000.0 244000
1694838579686 248000.0 248000
1694838611699 252000.0 252000
1694838643833 256000.0 256000
1694838675187 260000.0 260000
1694838706464 264000.0 264000
1694838738318 268000.0 268000
1694838771117 272000.0 272000
1694838803946 276000.0 276000
1694838837345 280000.0 280000
1694838874947 284000.0 284000
1694838907961 288000.0 288000
1694838940912 292000.0 292000
1694838973491 296000.0 296000
1694839006553 300000.0 300000
1694839038288 304000.0 304000
1694839070063 308000.0 308000
1694839101458 312000.0 312000
1694839134473 316000.0 316000
1694839166513 320000.0 320000
1694839200496 324000.0 324000
1694839232773 328000.0 328000
1694839264592 332000.0 332000
1694839296955 336000.0 336000
1694839328120 340000.0 340000
1694839359467 344000.0 344000
1694839389540 348000.0 348000
1694839420512 352000.0 352000
1694839451794 356000.0 356000
1694839482778 360000.0 360000
1694839516013 364000.0 364000
1694839547709 368000.0 368000
1694839579176 372000.0 372000
1694839611422 376000.0 376000
1694839642506 380000.0 380000
1694839674133 384000.0 384000
1694839706480 388000.0 388000
1694839739235 392000.0 392000
1694839771027 396000.0 396000
1694839803849 400000.0 400000
1694839840291 404000.0 404000
1694839873174 408000.0 408000
1694839905875 412000.0 412000
1694839938151 416000.0 416000
1694839970865 420000.0 420000
1694840002836 424000.0 424000
1694840035560 428000.0 428000
1694840066954 432000.0 432000
1694840099338 436000.0 436000
1694840132591 440000.0 440000
1694840170361 444000.0 444000
1694840204762 448000.0 448000
1694840237032 452000.0 452000
1694840270487 456000.0 456000
1694840302510 460000.0 460000
1694840335285 464000.0 464000
1694840366040 468000.0 468000
1694840399263 472000.0 472000
1694840430246 476000.0 476000
1694840462533 480000.0 480000
1694840497750 484000.0 484000
1694840529860 488000.0 488000
1694840561710 492000.0 492000
1694840593754 496000.0 496000
1694840627217 500000.0 500000
1694840658378 504000.0 504000
1694840689932 508000.0 508000
1694840720469 512000.0 512000
1694840752086 516000.0 516000
1694840783354 520000.0 520000
1694840820418 524000.0 524000
1694840855739 528000.0 528000
1694840884877 532000.0 532000
1694840911713 536000.0 536000
1694840939922 540000.0 540000
1694840966066 544000.0 544000
1694840992920 548000.0 548000
1694841019094 552000.0 552000
1694841045724 556000.0 556000
1694841073048 560000.0 560000
1694841101745 564000.0 564000
1694841128047 568000.0 568000
1694841154533 572000.0 572000
1694841181344 576000.0 576000
