1694836625432 8.0 4000
1694836654200 8.0 8000
1694836682346 8.0 12000
1694836712149 8.0 16000
1694836741807 8.0 20000
1694836771346 8.0 24000
1694836802226 8.0 28000
1694836832583 8.0 32000
1694836863415 8.0 36000
1694836893292 8.0 40000
1694836927310 8.0 44000
1694836958561 8.0 48000
1694836990907 8.0 52000
1694837023978 8.0 56000
1694837056246 8.0 60000
1694837087213 8.0 64000
1694837118784 8.0 68000
1694837150936 8.0 72000
1694837182659 8.0 76000
1694837215689 8.0 80000
1694837250550 8.0 84000
1694837282876 8.0 88000
1694837314677 8.0 92000
1694837347125 8.0 96000
1694837379229 8.0 100000
1694837410707 8.0 104000
1694837442822 8.0 108000
1694837474483 8.0 112000
1694837506304 8.0 116000
1694837538684 8.0 120000
1694837573467 8.0 124000
1694837605968 8.0 128000
1694837639943 8.0 132000
1694837672858 8.0 136000
1694837705204 8.0 140000
1694837737444 8.0 144000
1694837769346 8.0 148000
1694837802076 8.0 152000
1694837834128 8.0 156000
1694837867633 8.0 160000
1694837905578 8.0 164000
1694837938989 8.0 168000
1694837971390 8.0 172000
1694838004879 8.0 176000
1694838037027 8.0 180000
1694838068203 8.0 184000
1694838099568 8.0 188000
1694838130967 8.0 192000
1694838162328 8.0 196000
1694838192988 8.0 200000
1694838228946 8.0 204000
1694838260230 8.0 208000
1694838291094 8.0 212000
1694838323023 8.0 216000
1694838354609 8.0 220000
1694838386011 8.0 224000
1694838417160 8.0 228000
1694838447979 8.0 232000
1694838479894 8.0 236000
1694838511852 8.0 240000
1694838547455 8.0 244000
1694838579937 8.0 248000
1694838611924 8.0 252000
1694838644068 8.0 256000
1694838675415 8.0 260000
1694838706733 8.0 264000
1694838738540 8.0 268000
1694838771362 8.0 272000
1694838804222 8.0 276000
1694838837651 8.0 280000
1694838875251 8.0 284000
1694838908270 8.0 288000
1694838941168 8.0 292000
1694838973742 8.0 296000
1694839006802 8.0 300000
1694839038553 8.0 304000
1694839070309 8.0 308000
1694839101706 8.0 312000
1694839134713 8.0 316000
1694839166744 8.0 320000
1694839200741 8.0 324000
1694839233275 8.0 328000
1694839264837 8.0 332000
1694839297198 8.0 336000
1694839328397 8.0 340000
1694839359684 8.0 344000
1694839389775 8.0 348000
1694839420770 8.0 352000
1694839452047 8.0 356000
1694839483035 8.0 360000
1694839516264 8.0 364000
1694839547949 8.0 368000
1694839579406 8.0 372000
1694839611652 8.0 376000
1694839642745 8.0 380000
1694839674373 8.0 384000
1694839706711 8.0 388000
1694839739488 8.0 392000
1694839771470 8.0 396000
1694839804099 8.0 400000
1694839840564 8.0 404000
1694839873391 8.0 408000
1694839906129 8.0 412000
1694839938425 8.0 416000
1694839971120 8.0 420000
1694840003070 8.0 424000
1694840035816 8.0 428000
1694840067200 8.0 432000
1694840099580 8.0 436000
1694840133034 8.0 440000
1694840170634 8.0 444000
1694840205005 8.0 448000
1694840237274 8.0 452000
1694840270759 8.0 456000
1694840302746 8.0 460000
1694840335536 8.0 464000
1694840366273 8.0 468000
1694840399499 8.0 472000
1694840430653 8.0 476000
1694840462807 8.0 480000
1694840498015 8.0 484000
1694840530124 8.0 488000
1694840561947 8.0 492000
1694840594040 8.0 496000
1694840627454 8.0 500000
1694840658624 8.0 504000
1694840690170 8.0 508000
1694840720714 8.0 512000
1694840752317 8.0 516000
1694840783590 8.0 520000
1694840820687 8.0 524000
1694840855981 8.0 528000
1694840885101 8.0 532000
1694840912151 8.0 536000
1694840940158 8.0 540000
1694840966304 8.0 544000
1694840993129 8.0 548000
1694841019324 8.0 552000
1694841045953 8.0 556000
1694841073292 8.0 560000
1694841101975 8.0 564000
1694841128331 8.0 568000
1694841154753 8.0 572000
1694841181695 8.0 576000
