1694836625430 8.0 4000
1694836654199 8.0 8000
1694836682345 8.0 12000
1694836712147 8.0 16000
1694836741805 8.0 20000
1694836771345 8.0 24000
1694836802225 8.0 28000
1694836832582 8.0 32000
1694836863413 8.0 36000
1694836893290 8.0 40000
1694836927308 8.0 44000
1694836958560 8.0 48000
1694836990906 8.0 52000
1694837023976 8.0 56000
1694837056244 8.0 60000
1694837087212 8.0 64000
1694837118783 8.0 68000
1694837150935 8.0 72000
1694837182658 8.0 76000
1694837215687 8.0 80000
1694837250547 8.0 84000
1694837282874 8.0 88000
1694837314673 8.0 92000
1694837347124 8.0 96000
1694837379228 8.0 100000
1694837410706 8.0 104000
1694837442821 8.0 108000
1694837474481 8.0 112000
1694837506302 8.0 116000
1694837538681 8.0 120000
1694837573466 8.0 124000
1694837605967 8.0 128000
1694837639941 8.0 132000
1694837672855 8.0 136000
1694837705202 8.0 140000
1694837737443 8.0 144000
1694837769344 8.0 148000
1694837802075 8.0 152000
1694837834126 8.0 156000
1694837867631 8.0 160000
1694837905577 8.0 164000
1694837938948 8.0 168000
1694837971388 8.0 172000
1694838004878 8.0 176000
1694838037026 8.0 180000
1694838068201 8.0 184000
1694838099567 8.0 188000
1694838130965 8.0 192000
1694838162327 8.0 196000
1694838192987 8.0 200000
1694838228944 8.0 204000
1694838260228 8.0 208000
1694838291091 8.0 212000
1694838323021 8.0 216000
1694838354607 8.0 220000
1694838386010 8.0 224000
1694838417158 8.0 228000
1694838447977 8.0 232000
1694838479893 8.0 236000
1694838511850 8.0 240000
1694838547453 8.0 244000
1694838579936 8.0 248000
1694838611921 8.0 252000
1694838644066 8.0 256000
1694838675413 8.0 260000
1694838706731 8.0 264000
1694838738539 8.0 268000
1694838771360 8.0 272000
1694838804220 8.0 276000
1694838837649 8.0 280000
1694838875249 8.0 284000
1694838908269 8.0 288000
1694838941166 8.0 292000
1694838973740 8.0 296000
1694839006801 8.0 300000
1694839038551 8.0 304000
1694839070308 8.0 308000
1694839101704 8.0 312000
1694839134712 8.0 316000
1694839166742 8.0 320000
1694839200740 8.0 324000
1694839233273 8.0 328000
1694839264835 8.0 332000
1694839297196 8.0 336000
1694839328396 8.0 340000
1694839359682 8.0 344000
1694839389774 8.0 348000
1694839420767 8.0 352000
1694839452046 8.0 356000
1694839483033 8.0 360000
1694839516263 8.0 364000
1694839547948 8.0 368000
1694839579405 8.0 372000
1694839611651 8.0 376000
1694839642742 8.0 380000
1694839674372 8.0 384000
1694839706710 8.0 388000
1694839739486 8.0 392000
1694839771468 8.0 396000
1694839804097 8.0 400000
1694839840563 8.0 404000
1694839873389 8.0 408000
1694839906127 8.0 412000
1694839938423 8.0 416000
1694839971118 8.0 420000
1694840003068 8.0 424000
1694840035815 8.0 428000
1694840067198 8.0 432000
1694840099578 8.0 436000
1694840133033 8.0 440000
1694840170632 8.0 444000
1694840205004 8.0 448000
1694840237273 8.0 452000
1694840270757 8.0 456000
1694840302744 8.0 460000
1694840335534 8.0 464000
1694840366272 8.0 468000
1694840399497 8.0 472000
1694840430652 8.0 476000
1694840462805 8.0 480000
1694840498014 8.0 484000
1694840530123 8.0 488000
1694840561945 8.0 492000
1694840594038 8.0 496000
1694840627452 8.0 500000
1694840658623 8.0 504000
1694840690169 8.0 508000
1694840720713 8.0 512000
1694840752316 8.0 516000
1694840783588 8.0 520000
1694840820686 8.0 524000
1694840855980 8.0 528000
1694840885100 8.0 532000
1694840912150 8.0 536000
1694840940157 8.0 540000
1694840966303 8.0 544000
1694840993128 8.0 548000
1694841019323 8.0 552000
1694841045951 8.0 556000
1694841073291 8.0 560000
1694841101973 8.0 564000
1694841128330 8.0 568000
1694841154752 8.0 572000
1694841181693 8.0 576000
