1694832172667 4000.0 4000
1694832209421 8000.0 8000
1694832246303 12000.0 12000
1694832282881 16000.0 16000
1694832317230 20000.0 20000
1694832348772 24000.0 24000
1694832378614 28000.0 28000
1694832408701 32000.0 32000
1694832440405 36000.0 36000
1694832471808 40000.0 40000
1694832507513 44000.0 44000
1694832536452 48000.0 48000
1694832564108 52000.0 52000
1694832596519 56000.0 56000
1694832625752 60000.0 60000
1694832655002 64000.0 64000
1694832683461 68000.0 68000
1694832713112 72000.0 72000
1694832742016 76000.0 76000
1694832770376 80000.0 80000
1694832799814 84000.0 84000
1694832829361 88000.0 88000
1694832858305 92000.0 92000
1694832887925 96000.0 96000
1694832916461 100000.0 100000
1694832946244 104000.0 104000
1694832974375 108000.0 108000
1694833003465 112000.0 112000
1694833032283 116000.0 116000
1694833061903 120000.0 120000
1694833091988 124000.0 124000
1694833121570 128000.0 128000
1694833150518 132000.0 132000
1694833180432 136000.0 136000
1694833209334 140000.0 140000
1694833239140 144000.0 144000
1694833267841 148000.0 148000
1694833296734 152000.0 152000
1694833325775 156000.0 156000
1694833355456 160000.0 160000
1694833389255 164000.0 164000
1694833420280 168000.0 168000
1694833449635 172000.0 172000
1694833480444 176000.0 176000
1694833509540 180000.0 180000
1694833538187 184000.0 184000
1694833568123 188000.0 188000
1694833603337 192000.0 192000
1694833632794 196000.0 196000
1694833663016 200000.0 200000
1694833692496 204000.0 204000
1694833718673 208000.0 208000
1694833743343 212000.0 212000
1694833767947 216000.0 216000
1694833792896 220000.0 220000
1694833816913 224000.0 224000
1694833841675 228000.0 228000
1694833865882 232000.0 232000
1694833890577 236000.0 236000
1694833914744 240000.0 240000
1694833939846 244000.0 244000
1694833964643 248000.0 248000
1694833988800 252000.0 252000
1694834013834 256000.0 256000
1694834038064 260000.0 260000
1694834062053 264000.0 264000
1694834086636 268000.0 268000
1694834110958 272000.0 272000
1694834135587 276000.0 276000
1694834159996 280000.0 280000
1694834186593 284000.0 284000
1694834219304 288000.0 288000
1694834252972 292000.0 292000
1694834285456 296000.0 296000
1694834317948 300000.0 300000
1694834347362 304000.0 304000
1694834376792 308000.0 308000
1694834412157 312000.0 312000
1694834450272 316000.0 316000
1694834485574 320000.0 320000
1694834524525 324000.0 324000
1694834560190 328000.0 328000
1694834603153 332000.0 332000
1694834643930 336000.0 336000
1694834688996 340000.0 340000
1694834723330 344000.0 344000
