1694832172668 4000.0 4000
1694832209424 8000.0 8000
1694832246305 12000.0 12000
1694832282884 16000.0 16000
1694832317233 20000.0 20000
1694832348773 24000.0 24000
1694832378616 28000.0 28000
1694832408703 32000.0 32000
1694832440407 36000.0 36000
1694832471810 40000.0 40000
1694832507514 44000.0 44000
1694832536454 48000.0 48000
1694832564109 52000.0 52000
1694832596520 56000.0 56000
1694832625754 60000.0 60000
1694832655003 64000.0 64000
1694832683462 68000.0 68000
1694832713113 72000.0 72000
1694832742017 76000.0 76000
1694832770377 80000.0 80000
1694832799815 84000.0 84000
1694832829362 88000.0 88000
1694832858307 92000.0 92000
1694832887928 96000.0 96000
1694832916462 100000.0 100000
1694832946245 104000.0 104000
1694832974376 108000.0 108000
1694833003466 112000.0 112000
1694833032284 116000.0 116000
1694833061904 120000.0 120000
1694833091991 124000.0 124000
1694833121571 128000.0 128000
1694833150519 132000.0 132000
1694833180433 136000.0 136000
1694833209336 140000.0 140000
1694833239141 144000.0 144000
1694833267842 148000.0 148000
1694833296736 152000.0 152000
1694833325776 156000.0 156000
1694833355457 160000.0 160000
1694833389257 164000.0 164000
1694833420281 168000.0 168000
1694833449636 172000.0 172000
1694833480446 176000.0 176000
1694833509541 180000.0 180000
1694833538188 184000.0 184000
1694833568126 188000.0 188000
1694833603339 192000.0 192000
1694833632795 196000.0 196000
1694833663017 200000.0 200000
1694833692497 204000.0 204000
1694833718674 208000.0 208000
1694833743344 212000.0 212000
1694833767948 216000.0 216000
1694833792897 220000.0 220000
1694833816915 224000.0 224000
1694833841676 228000.0 228000
1694833865884 232000.0 232000
1694833890578 236000.0 236000
1694833914745 240000.0 240000
1694833939848 244000.0 244000
1694833964645 248000.0 248000
1694833988802 252000.0 252000
1694834013835 256000.0 256000
1694834038066 260000.0 260000
1694834062054 264000.0 264000
1694834086637 268000.0 268000
1694834110959 272000.0 272000
1694834135588 276000.0 276000
1694834159997 280000.0 280000
1694834186594 284000.0 284000
1694834219305 288000.0 288000
1694834252974 292000.0 292000
1694834285457 296000.0 296000
1694834317951 300000.0 300000
1694834347364 304000.0 304000
1694834376793 308000.0 308000
1694834412159 312000.0 312000
1694834450274 316000.0 316000
1694834485575 320000.0 320000
1694834524527 324000.0 324000
1694834560191 328000.0 328000
1694834603155 332000.0 332000
1694834643931 336000.0 336000
1694834688998 340000.0 340000
1694834723332 344000.0 344000
