1694836625548 1.0 4000
1694836654267 1.0 8000
1694836682422 1.0 12000
1694836712282 1.0 16000
1694836741873 1.0 20000
1694836771456 1.0 24000
1694836802297 1.0 28000
1694836832700 1.0 32000
1694836863498 1.0 36000
1694836893361 1.0 40000
1694836927397 1.0 44000
1694836958648 1.0 48000
1694836990990 1.0 52000
1694837024056 1.0 56000
1694837056317 1.0 60000
1694837087293 1.0 64000
1694837118861 1.0 68000
1694837151013 1.0 72000
1694837182743 1.0 76000
1694837215764 1.0 80000
1694837250686 1.0 84000
1694837282956 1.0 88000
1694837314764 1.0 92000
1694837347199 1.0 96000
1694837379309 1.0 100000
1694837410782 1.0 104000
1694837442906 1.0 108000
1694837474562 1.0 112000
1694837506380 1.0 116000
1694837538763 1.0 120000
1694837573548 1.0 124000
1694837606046 1.0 128000
1694837640032 1.0 132000
1694837672992 1.0 136000
1694837705278 1.0 140000
1694837737534 1.0 144000
1694837769423 1.0 148000
1694837802156 1.0 152000
1694837834205 1.0 156000
1694837867707 1.0 160000
1694837905662 1.0 164000
1694837939183 1.0 168000
1694837971500 1.0 172000
1694838004942 1.0 176000
1694838037091 1.0 180000
1694838068272 1.0 184000
1694838099633 1.0 188000
1694838131037 1.0 192000
1694838162393 1.0 196000
1694838193061 1.0 200000
1694838229023 1.0 204000
1694838260296 1.0 208000
1694838291161 1.0 212000
1694838323094 1.0 216000
1694838354675 1.0 220000
1694838386083 1.0 224000
1694838417225 1.0 228000
1694838448046 1.0 232000
1694838479963 1.0 236000
1694838511960 1.0 240000
1694838547535 1.0 244000
1694838580000 1.0 248000
1694838611993 1.0 252000
1694838644139 1.0 256000
1694838675487 1.0 260000
1694838706835 1.0 264000
1694838738610 1.0 268000
1694838771435 1.0 272000
1694838804295 1.0 276000
1694838837719 1.0 280000
1694838875326 1.0 284000
1694838908345 1.0 288000
1694838941240 1.0 292000
1694838973811 1.0 296000
1694839006869 1.0 300000
1694839038640 1.0 304000
1694839070376 1.0 308000
1694839101772 1.0 312000
1694839134785 1.0 316000
1694839166812 1.0 320000
1694839200808 1.0 324000
1694839233386 1.0 328000
1694839264904 1.0 332000
1694839297266 1.0 336000
1694839328460 1.0 340000
1694839359752 1.0 344000
1694839389836 1.0 348000
1694839420853 1.0 352000
1694839452111 1.0 356000
1694839483107 1.0 360000
1694839516379 1.0 364000
1694839548018 1.0 368000
1694839579474 1.0 372000
1694839611720 1.0 376000
1694839642813 1.0 380000
1694839674449 1.0 384000
1694839706781 1.0 388000
1694839739554 1.0 392000
1694839771588 1.0 396000
1694839804160 1.0 400000
1694839840643 1.0 404000
1694839873461 1.0 408000
1694839906200 1.0 412000
1694839938508 1.0 416000
1694839971199 1.0 420000
1694840003141 1.0 424000
1694840035886 1.0 428000
1694840067268 1.0 432000
1694840099677 1.0 436000
1694840133198 1.0 440000
1694840170706 1.0 444000
1694840205075 1.0 448000
1694840237345 1.0 452000
1694840270838 1.0 456000
1694840302814 1.0 460000
1694840335609 1.0 464000
1694840366343 1.0 468000
1694840399565 1.0 472000
1694840430781 1.0 476000
1694840462876 1.0 480000
1694840498081 1.0 484000
1694840530198 1.0 488000
1694840562021 1.0 492000
1694840594117 1.0 496000
1694840627527 1.0 500000
1694840658698 1.0 504000
1694840690236 1.0 508000
1694840720775 1.0 512000
1694840752388 1.0 516000
1694840783666 1.0 520000
1694840820763 1.0 524000
1694840856043 1.0 528000
1694840885159 1.0 532000
1694840912256 1.0 536000
1694840940220 1.0 540000
1694840966368 1.0 544000
1694840993188 1.0 548000
1694841019377 1.0 552000
1694841046015 1.0 556000
1694841073351 1.0 560000
1694841102038 1.0 564000
1694841128393 1.0 568000
1694841154807 1.0 572000
1694841181774 1.0 576000
