1694836625412 1.0 4000
1694836654198 1.0 8000
1694836682343 1.0 12000
1694836712146 1.0 16000
1694836741803 1.0 20000
1694836771343 1.0 24000
1694836802224 1.0 28000
1694836832580 1.0 32000
1694836863412 1.0 36000
1694836893287 1.0 40000
1694836927307 1.0 44000
1694836958559 1.0 48000
1694836990905 1.0 52000
1694837023974 1.0 56000
1694837056242 1.0 60000
1694837087210 1.0 64000
1694837118781 1.0 68000
1694837150934 1.0 72000
1694837182657 1.0 76000
1694837215686 1.0 80000
1694837250545 1.0 84000
1694837282872 1.0 88000
1694837314671 1.0 92000
1694837347123 1.0 96000
1694837379226 1.0 100000
1694837410704 1.0 104000
1694837442819 1.0 108000
1694837474479 1.0 112000
1694837506299 1.0 116000
1694837538679 1.0 120000
1694837573464 1.0 124000
1694837605966 1.0 128000
1694837639939 1.0 132000
1694837672853 1.0 136000
1694837705200 1.0 140000
1694837737441 1.0 144000
1694837769342 1.0 148000
1694837802073 1.0 152000
1694837834125 1.0 156000
1694837867630 1.0 160000
1694837905575 1.0 164000
1694837938946 1.0 168000
1694837971386 1.0 172000
1694838004876 1.0 176000
1694838037024 1.0 180000
1694838068200 1.0 184000
1694838099565 1.0 188000
1694838130963 1.0 192000
1694838162325 1.0 196000
1694838192986 1.0 200000
1694838228942 1.0 204000
1694838260227 1.0 208000
1694838291090 1.0 212000
1694838323019 1.0 216000
1694838354606 1.0 220000
1694838386009 1.0 224000
1694838417156 1.0 228000
1694838447975 1.0 232000
1694838479892 1.0 236000
1694838511847 1.0 240000
1694838547452 1.0 244000
1694838579934 1.0 248000
1694838611919 1.0 252000
1694838644064 1.0 256000
1694838675412 1.0 260000
1694838706729 1.0 264000
1694838738537 1.0 268000
1694838771358 1.0 272000
1694838804218 1.0 276000
1694838837648 1.0 280000
1694838875248 1.0 284000
1694838908268 1.0 288000
1694838941164 1.0 292000
1694838973739 1.0 296000
1694839006800 1.0 300000
1694839038550 1.0 304000
1694839070306 1.0 308000
1694839101703 1.0 312000
1694839134710 1.0 316000
1694839166741 1.0 320000
1694839200739 1.0 324000
1694839233271 1.0 328000
1694839264832 1.0 332000
1694839297195 1.0 336000
1694839328395 1.0 340000
1694839359680 1.0 344000
1694839389772 1.0 348000
1694839420765 1.0 352000
1694839452045 1.0 356000
1694839483031 1.0 360000
1694839516261 1.0 364000
1694839547947 1.0 368000
1694839579404 1.0 372000
1694839611650 1.0 376000
1694839642740 1.0 380000
1694839674370 1.0 384000
1694839706709 1.0 388000
1694839739484 1.0 392000
1694839771466 1.0 396000
1694839804095 1.0 400000
1694839840562 1.0 404000
1694839873387 1.0 408000
1694839906125 1.0 412000
1694839938421 1.0 416000
1694839971117 1.0 420000
1694840003067 1.0 424000
1694840035813 1.0 428000
1694840067195 1.0 432000
1694840099576 1.0 436000
1694840133031 1.0 440000
1694840170631 1.0 444000
1694840205002 1.0 448000
1694840237272 1.0 452000
1694840270756 1.0 456000
1694840302742 1.0 460000
1694840335531 1.0 464000
1694840366271 1.0 468000
1694840399495 1.0 472000
1694840430650 1.0 476000
1694840462803 1.0 480000
1694840498013 1.0 484000
1694840530121 1.0 488000
1694840561944 1.0 492000
1694840594036 1.0 496000
1694840627449 1.0 500000
1694840658622 1.0 504000
1694840690168 1.0 508000
1694840720711 1.0 512000
1694840752315 1.0 516000
1694840783586 1.0 520000
1694840820685 1.0 524000
1694840855979 1.0 528000
1694840885099 1.0 532000
1694840912148 1.0 536000
1694840940156 1.0 540000
1694840966302 1.0 544000
1694840993127 1.0 548000
1694841019322 1.0 552000
1694841045949 1.0 556000
1694841073290 1.0 560000
1694841101972 1.0 564000
1694841128329 1.0 568000
1694841154751 1.0 572000
1694841181691 1.0 576000
