1694836625407 2.0 4000
1694836654196 2.0 8000
1694836682340 2.0 12000
1694836712143 2.0 16000
1694836741801 2.0 20000
1694836771341 2.0 24000
1694836802221 2.0 28000
1694836832578 2.0 32000
1694836863410 2.0 36000
1694836893283 2.0 40000
1694836927305 2.0 44000
1694836958556 2.0 48000
1694836990902 2.0 52000
1694837023969 2.0 56000
1694837056237 2.0 60000
1694837087208 2.0 64000
1694837118776 2.0 68000
1694837150931 2.0 72000
1694837182654 2.0 76000
1694837215683 2.0 80000
1694837250539 2.0 84000
1694837282868 2.0 88000
1694837314667 2.0 92000
1694837347120 2.0 96000
1694837379224 2.0 100000
1694837410699 2.0 104000
1694837442817 2.0 108000
1694837474477 2.0 112000
1694837506295 2.0 116000
1694837538677 2.0 120000
1694837573462 2.0 124000
1694837605963 2.0 128000
1694837639933 2.0 132000
1694837672848 2.0 136000
1694837705197 2.0 140000
1694837737439 2.0 144000
1694837769337 2.0 148000
1694837802071 2.0 152000
1694837834122 2.0 156000
1694837867627 2.0 160000
1694837905572 2.0 164000
1694837938942 2.0 168000
1694837971366 2.0 172000
1694838004873 2.0 176000
1694838037021 2.0 180000
1694838068198 2.0 184000
1694838099562 2.0 188000
1694838130959 2.0 192000
1694838162322 2.0 196000
1694838192984 2.0 200000
1694838228938 2.0 204000
1694838260224 2.0 208000
1694838291088 2.0 212000
1694838323014 2.0 216000
1694838354603 2.0 220000
1694838386006 2.0 224000
1694838417152 2.0 228000
1694838447970 2.0 232000
1694838479889 2.0 236000
1694838511827 2.0 240000
1694838547449 2.0 244000
1694838579931 2.0 248000
1694838611916 2.0 252000
1694838644060 2.0 256000
1694838675409 2.0 260000
1694838706725 2.0 264000
1694838738534 2.0 268000
1694838771355 2.0 272000
1694838804216 2.0 276000
1694838837646 2.0 280000
1694838875245 2.0 284000
1694838908265 2.0 288000
1694838941158 2.0 292000
1694838973736 2.0 296000
1694839006797 2.0 300000
1694839038548 2.0 304000
1694839070304 2.0 308000
1694839101701 2.0 312000
1694839134707 2.0 316000
1694839166738 2.0 320000
1694839200734 2.0 324000
1694839233268 2.0 328000
1694839264827 2.0 332000
1694839297192 2.0 336000
1694839328392 2.0 340000
1694839359677 2.0 344000
1694839389770 2.0 348000
1694839420761 2.0 352000
1694839452041 2.0 356000
1694839483028 2.0 360000
1694839516258 2.0 364000
1694839547944 2.0 368000
1694839579401 2.0 372000
1694839611647 2.0 376000
1694839642735 2.0 380000
1694839674366 2.0 384000
1694839706707 2.0 388000
1694839739481 2.0 392000
1694839771447 2.0 396000
1694839804090 2.0 400000
1694839840559 2.0 404000
1694839873384 2.0 408000
1694839906122 2.0 412000
1694839938418 2.0 416000
1694839971115 2.0 420000
1694840003065 2.0 424000
1694840035811 2.0 428000
1694840067190 2.0 432000
1694840099573 2.0 436000
1694840133028 2.0 440000
1694840170628 2.0 444000
1694840204996 2.0 448000
1694840237269 2.0 452000
1694840270752 2.0 456000
1694840302740 2.0 460000
1694840335529 2.0 464000
1694840366268 2.0 468000
1694840399492 2.0 472000
1694840430646 2.0 476000
1694840462799 2.0 480000
1694840498009 2.0 484000
1694840530119 2.0 488000
1694840561942 2.0 492000
1694840594032 2.0 496000
1694840627446 2.0 500000
1694840658619 2.0 504000
1694840690165 2.0 508000
1694840720707 2.0 512000
1694840752311 2.0 516000
1694840783583 2.0 520000
1694840820682 2.0 524000
1694840855976 2.0 528000
1694840885096 2.0 532000
1694840912145 2.0 536000
1694840940153 2.0 540000
1694840966299 2.0 544000
1694840993124 2.0 548000
1694841019320 2.0 552000
1694841045946 2.0 556000
1694841073288 2.0 560000
1694841101970 2.0 564000
1694841128327 2.0 568000
1694841154749 2.0 572000
1694841181687 2.0 576000
