1694836625404 2.0 4000
1694836654195 2.0 8000
1694836682338 2.0 12000
1694836712141 2.0 16000
1694836741799 2.0 20000
1694836771339 2.0 24000
1694836802219 2.0 28000
1694836832576 2.0 32000
1694836863409 2.0 36000
1694836893280 2.0 40000
1694836927304 2.0 44000
1694836958555 2.0 48000
1694836990901 2.0 52000
1694837023967 2.0 56000
1694837056234 2.0 60000
1694837087207 2.0 64000
1694837118774 2.0 68000
1694837150930 2.0 72000
1694837182652 2.0 76000
1694837215681 2.0 80000
1694837250538 2.0 84000
1694837282867 2.0 88000
1694837314666 2.0 92000
1694837347119 2.0 96000
1694837379223 2.0 100000
1694837410697 2.0 104000
1694837442816 2.0 108000
1694837474475 2.0 112000
1694837506292 2.0 116000
1694837538676 2.0 120000
1694837573460 2.0 124000
1694837605961 2.0 128000
1694837639931 2.0 132000
1694837672847 2.0 136000
1694837705195 2.0 140000
1694837737438 2.0 144000
1694837769334 2.0 148000
1694837802070 2.0 152000
1694837834121 2.0 156000
1694837867626 2.0 160000
1694837905571 2.0 164000
1694837938940 2.0 168000
1694837971364 2.0 172000
1694838004872 2.0 176000
1694838037020 2.0 180000
1694838068196 2.0 184000
1694838099559 2.0 188000
1694838130957 2.0 192000
1694838162320 2.0 196000
1694838192983 2.0 200000
1694838228937 2.0 204000
1694838260222 2.0 208000
1694838291087 2.0 212000
1694838323012 2.0 216000
1694838354600 2.0 220000
1694838386005 2.0 224000
1694838417150 2.0 228000
1694838447968 2.0 232000
1694838479888 2.0 236000
1694838511825 2.0 240000
1694838547448 2.0 244000
1694838579930 2.0 248000
1694838611914 2.0 252000
1694838644058 2.0 256000
1694838675407 2.0 260000
1694838706723 2.0 264000
1694838738533 2.0 268000
1694838771354 2.0 272000
1694838804214 2.0 276000
1694838837644 2.0 280000
1694838875244 2.0 284000
1694838908264 2.0 288000
1694838941156 2.0 292000
1694838973734 2.0 296000
1694839006796 2.0 300000
1694839038546 2.0 304000
1694839070303 2.0 308000
1694839101700 2.0 312000
1694839134705 2.0 316000
1694839166736 2.0 320000
1694839200732 2.0 324000
1694839233267 2.0 328000
1694839264825 2.0 332000
1694839297191 2.0 336000
1694839328391 2.0 340000
1694839359676 2.0 344000
1694839389768 2.0 348000
1694839420758 2.0 352000
1694839452039 2.0 356000
1694839483026 2.0 360000
1694839516257 2.0 364000
1694839547942 2.0 368000
1694839579400 2.0 372000
1694839611645 2.0 376000
1694839642733 2.0 380000
1694839674365 2.0 384000
1694839706705 2.0 388000
1694839739479 2.0 392000
1694839771444 2.0 396000
1694839804088 2.0 400000
1694839840557 2.0 404000
1694839873383 2.0 408000
1694839906121 2.0 412000
1694839938416 2.0 416000
1694839971114 2.0 420000
1694840003064 2.0 424000
1694840035810 2.0 428000
1694840067189 2.0 432000
1694840099572 2.0 436000
1694840133026 2.0 440000
1694840170627 2.0 444000
1694840204994 2.0 448000
1694840237268 2.0 452000
1694840270750 2.0 456000
1694840302739 2.0 460000
1694840335527 2.0 464000
1694840366267 2.0 468000
1694840399491 2.0 472000
1694840430644 2.0 476000
1694840462797 2.0 480000
1694840498008 2.0 484000
1694840530117 2.0 488000
1694840561941 2.0 492000
1694840594030 2.0 496000
1694840627445 2.0 500000
1694840658618 2.0 504000
1694840690164 2.0 508000
1694840720705 2.0 512000
1694840752309 2.0 516000
1694840783582 2.0 520000
1694840820681 2.0 524000
1694840855975 2.0 528000
1694840885095 2.0 532000
1694840912144 2.0 536000
1694840940152 2.0 540000
1694840966298 2.0 544000
1694840993123 2.0 548000
1694841019319 2.0 552000
1694841045944 2.0 556000
1694841073287 2.0 560000
1694841101969 2.0 564000
1694841128326 2.0 568000
1694841154748 2.0 572000
1694841181685 2.0 576000
