1694832173182 479.5 4000
1694832210023 479.5 8000
1694832246624 479.5 12000
1694832283250 479.5 16000
1694832317544 479.5 20000
1694832349050 479.5 24000
1694832378898 479.5 28000
1694832409000 479.5 32000
1694832440743 479.5 36000
1694832472148 479.5 40000
1694832507751 479.5 44000
1694832536695 479.5 48000
1694832564369 479.5 52000
1694832596761 479.5 56000
1694832625995 479.5 60000
1694832655237 479.5 64000
1694832683719 479.5 68000
1694832713339 479.5 72000
1694832742246 479.5 76000
1694832770636 479.5 80000
1694832800107 479.5 84000
1694832829608 479.5 88000
1694832858557 479.5 92000
1694832888179 479.5 96000
1694832916714 479.5 100000
1694832946482 479.5 104000
1694832974610 479.5 108000
1694833003699 479.5 112000
1694833032556 479.5 116000
1694833062162 479.5 120000
1694833092230 479.5 124000
1694833121811 479.5 128000
1694833150769 479.5 132000
1694833180675 479.5 136000
1694833209581 479.5 140000
1694833239381 479.5 144000
1694833268097 479.5 148000
1694833296970 479.5 152000
1694833326029 479.5 156000
1694833355707 479.5 160000
1694833389570 479.5 164000
1694833420518 479.5 168000
1694833449895 479.5 172000
1694833480702 479.5 176000
1694833509782 479.5 180000
1694833538428 479.5 184000
1694833568543 479.5 188000
1694833603638 479.5 192000
1694833633097 479.5 196000
1694833663276 479.5 200000
1694833692737 479.5 204000
1694833718898 479.5 208000
1694833743587 479.5 212000
1694833768192 479.5 216000
1694833793132 479.5 220000
1694833817143 479.5 224000
1694833841902 479.5 228000
1694833866108 479.5 232000
1694833891021 479.5 236000
1694833914968 479.5 240000
1694833940093 479.5 244000
1694833964854 479.5 248000
1694833989035 479.5 252000
1694834014056 479.5 256000
1694834038280 479.5 260000
1694834062273 479.5 264000
1694834086864 479.5 268000
1694834111174 479.5 272000
1694834135833 479.5 276000
1694834160226 479.5 280000
1694834186844 479.5 284000
1694834219560 479.5 288000
1694834253529 479.5 292000
1694834285704 479.5 296000
1694834318199 479.5 300000
1694834347621 479.5 304000
1694834377048 479.5 308000
1694834412723 479.5 312000
1694834450874 479.5 316000
1694834485855 479.5 320000
1694834524870 479.5 324000
1694834560563 479.5 328000
1694834603554 479.5 332000
1694834644233 479.5 336000
1694834689460 479.5 340000
1694834723569 479.5 344000
