1694832173179 480.5 4000
1694832210021 1440.5 8000
1694832246622 2400.5 12000
1694832283248 3360.5 16000
1694832317543 4320.5 20000
1694832349049 5280.5 24000
1694832378896 6240.5 28000
1694832408999 7200.5 32000
1694832440741 8160.5 36000
1694832472146 9120.5 40000
1694832507750 10080.5 44000
1694832536694 11040.5 48000
1694832564367 12000.5 52000
1694832596759 12960.5 56000
1694832625993 13920.5 60000
1694832655236 14880.5 64000
1694832683718 15840.5 68000
1694832713338 16800.5 72000
1694832742244 17760.5 76000
1694832770635 18720.5 80000
1694832800105 19680.5 84000
1694832829607 20640.5 88000
1694832858556 21600.5 92000
1694832888178 22560.5 96000
1694832916712 23520.5 100000
1694832946480 24480.5 104000
1694832974609 25440.5 108000
1694833003698 26400.5 112000
1694833032554 27360.5 116000
1694833062161 28320.5 120000
1694833092228 29280.5 124000
1694833121809 30240.5 128000
1694833150768 31200.5 132000
1694833180673 32160.5 136000
1694833209580 33120.5 140000
1694833239380 34080.5 144000
1694833268095 35040.5 148000
1694833296969 36000.5 152000
1694833326028 36960.5 156000
1694833355706 37920.5 160000
1694833389567 38880.5 164000
1694833420517 39840.5 168000
1694833449894 40800.5 172000
1694833480700 41760.5 176000
1694833509781 42720.5 180000
1694833538426 43680.5 184000
1694833568542 44640.5 188000
1694833603637 45600.5 192000
1694833633095 46560.5 196000
1694833663275 47520.5 200000
1694833692736 48480.5 204000
1694833718897 49440.5 208000
1694833743586 50400.5 212000
1694833768191 51360.5 216000
1694833793130 52320.5 220000
1694833817142 53280.5 224000
1694833841902 54240.5 228000
1694833866107 55200.5 232000
1694833891019 56160.5 236000
1694833914966 57120.5 240000
1694833940092 58080.5 244000
1694833964853 59040.5 248000
1694833989033 60000.5 252000
1694834014055 60960.5 256000
1694834038279 61920.5 260000
1694834062272 62880.5 264000
1694834086863 63840.5 268000
1694834111172 64800.5 272000
1694834135832 65760.5 276000
1694834160224 66720.5 280000
1694834186842 67680.5 284000
1694834219559 68640.5 288000
1694834253527 69600.5 292000
1694834285702 70560.5 296000
1694834318197 71520.5 300000
1694834347620 72480.5 304000
1694834377047 73440.5 308000
1694834412721 74400.5 312000
1694834450872 75360.5 316000
1694834485852 76320.5 320000
1694834524868 77280.5 324000
1694834560562 78240.5 328000
1694834603551 79200.5 332000
1694834644231 80160.5 336000
1694834689457 81120.5 340000
1694834723567 82080.5 344000
