1694836625555 0.0 4000
1694836654271 0.0 8000
1694836682426 0.0 12000
1694836712289 0.0 16000
1694836741876 0.0 20000
1694836771463 0.0 24000
1694836802303 0.0 28000
1694836832722 0.0 32000
1694836863501 0.0 36000
1694836893366 0.0 40000
1694836927401 0.0 44000
1694836958652 0.0 48000
1694836990996 0.0 52000
1694837024060 0.0 56000
1694837056321 0.0 60000
1694837087299 0.0 64000
1694837118864 0.0 68000
1694837151017 0.0 72000
1694837182749 0.0 76000
1694837215768 0.0 80000
1694837250691 0.0 84000
1694837282960 0.0 88000
1694837314768 0.0 92000
1694837347206 0.0 96000
1694837379313 0.0 100000
1694837410786 0.0 104000
1694837442910 0.0 108000
1694837474568 0.0 112000
1694837506386 0.0 116000
1694837538767 0.0 120000
1694837573554 0.0 124000
1694837606052 0.0 128000
1694837640039 0.0 132000
1694837672996 0.0 136000
1694837705282 0.0 140000
1694837737538 0.0 144000
1694837769427 0.0 148000
1694837802163 0.0 152000
1694837834212 0.0 156000
1694837867714 0.0 160000
1694837905669 0.0 164000
1694837939188 0.0 168000
1694837971505 0.0 172000
1694838004945 0.0 176000
1694838037096 0.0 180000
1694838068275 0.0 184000
1694838099637 0.0 188000
1694838131041 0.0 192000
1694838162396 0.0 196000
1694838193066 0.0 200000
1694838229028 0.0 204000
1694838260302 0.0 208000
1694838291165 0.0 212000
1694838323101 0.0 216000
1694838354679 0.0 220000
1694838386087 0.0 224000
1694838417229 0.0 228000
1694838448050 0.0 232000
1694838479967 0.0 236000
1694838511965 0.0 240000
1694838547539 0.0 244000
1694838580004 0.0 248000
1694838611997 0.0 252000
1694838644142 0.0 256000
1694838675491 0.0 260000
1694838706839 0.0 264000
1694838738614 0.0 268000
1694838771438 0.0 272000
1694838804298 0.0 276000
1694838837723 0.0 280000
1694838875330 0.0 284000
1694838908349 0.0 288000
1694838941244 0.0 292000
1694838973818 0.0 296000
1694839006876 0.0 300000
1694839038644 0.0 304000
1694839070382 0.0 308000
1694839101776 0.0 312000
1694839134789 0.0 316000
1694839166817 0.0 320000
1694839200811 0.0 324000
1694839233407 0.0 328000
1694839264908 0.0 332000
1694839297272 0.0 336000
1694839328464 0.0 340000
1694839359756 0.0 344000
1694839389840 0.0 348000
1694839420857 0.0 352000
1694839452115 0.0 356000
1694839483111 0.0 360000
1694839516386 0.0 364000
1694839548024 0.0 368000
1694839579480 0.0 372000
1694839611724 0.0 376000
1694839642817 0.0 380000
1694839674454 0.0 384000
1694839706786 0.0 388000
1694839739558 0.0 392000
1694839771594 0.0 396000
1694839804163 0.0 400000
1694839840647 0.0 404000
1694839873465 0.0 408000
1694839906204 0.0 412000
1694839938512 0.0 416000
1694839971202 0.0 420000
1694840003146 0.0 424000
1694840035893 0.0 428000
1694840067272 0.0 432000
1694840099680 0.0 436000
1694840133222 0.0 440000
1694840170710 0.0 444000
1694840205080 0.0 448000
1694840237349 0.0 452000
1694840270842 0.0 456000
1694840302818 0.0 460000
1694840335613 0.0 464000
1694840366348 0.0 468000
1694840399568 0.0 472000
1694840430786 0.0 476000
1694840462882 0.0 480000
1694840498085 0.0 484000
1694840530202 0.0 488000
1694840562024 0.0 492000
1694840594121 0.0 496000
1694840627530 0.0 500000
1694840658703 0.0 504000
1694840690239 0.0 508000
1694840720779 0.0 512000
1694840752393 0.0 516000
1694840783670 0.0 520000
1694840820767 0.0 524000
1694840856049 0.0 528000
1694840885162 0.0 532000
1694840912261 0.0 536000
1694840940223 0.0 540000
1694840966371 0.0 544000
1694840993193 0.0 548000
1694841019380 0.0 552000
1694841046019 0.0 556000
1694841073354 0.0 560000
1694841102041 0.0 564000
1694841128396 0.0 568000
1694841154811 0.0 572000
1694841181778 0.0 576000
