1694836625563 0.0010000000000000005 4000
1694836654274 0.0010000000000000005 8000
1694836682429 0.0010000000000000005 12000
1694836712293 0.0010000000000000005 16000
1694836741879 0.0010000000000000005 20000
1694836771486 0.0010000000000000005 24000
1694836802310 0.0010000000000000005 28000
1694836832726 0.0010000000000000005 32000
1694836863505 0.0010000000000000005 36000
1694836893372 0.0010000000000000005 40000
1694836927405 0.0010000000000000005 44000
1694836958655 0.0010000000000000005 48000
1694836991001 0.0010000000000000005 52000
1694837024065 0.0010000000000000005 56000
1694837056325 0.0010000000000000005 60000
1694837087303 0.0010000000000000005 64000
1694837118871 0.0010000000000000005 68000
1694837151024 0.0010000000000000005 72000
1694837182754 0.0010000000000000005 76000
1694837215772 0.0010000000000000005 80000
1694837250699 0.0010000000000000005 84000
1694837282964 0.0010000000000000005 88000
1694837314775 0.0010000000000000005 92000
1694837347210 0.0010000000000000005 96000
1694837379317 0.0010000000000000005 100000
1694837410792 0.0010000000000000005 104000
1694837442914 0.0010000000000000005 108000
1694837474572 0.0010000000000000005 112000
1694837506390 0.0010000000000000005 116000
1694837538771 0.0010000000000000005 120000
1694837573561 0.0010000000000000005 124000
1694837606059 0.0010000000000000005 128000
1694837640044 0.0010000000000000005 132000
1694837673002 0.0010000000000000005 136000
1694837705286 0.0010000000000000005 140000
1694837737543 0.0010000000000000005 144000
1694837769431 0.0010000000000000005 148000
1694837802169 0.0010000000000000005 152000
1694837834218 0.0010000000000000005 156000
1694837867720 0.0010000000000000005 160000
1694837905674 0.0010000000000000005 164000
1694837939194 0.0010000000000000005 168000
1694837971509 0.0010000000000000005 172000
1694838004950 0.0010000000000000005 176000
1694838037101 0.0010000000000000005 180000
1694838068279 0.0010000000000000005 184000
1694838099641 0.0010000000000000005 188000
1694838131045 0.0010000000000000005 192000
1694838162400 0.0010000000000000005 196000
1694838193071 0.0010000000000000005 200000
1694838229032 0.0010000000000000005 204000
1694838260306 0.0010000000000000005 208000
1694838291169 0.0010000000000000005 212000
1694838323106 0.0010000000000000005 216000
1694838354682 0.0010000000000000005 220000
1694838386090 0.0010000000000000005 224000
1694838417233 0.0010000000000000005 228000
1694838448055 0.0010000000000000005 232000
1694838479971 0.0010000000000000005 236000
1694838511972 0.0010000000000000005 240000
1694838547544 0.0010000000000000005 244000
1694838580007 0.0010000000000000005 248000
1694838612002 0.0010000000000000005 252000
1694838644146 0.0010000000000000005 256000
1694838675495 0.0010000000000000005 260000
1694838706843 0.0010000000000000005 264000
1694838738618 0.0010000000000000005 268000
1694838771442 0.0010000000000000005 272000
1694838804302 0.0010000000000000005 276000
1694838837727 0.0010000000000000005 280000
1694838875335 0.0010000000000000005 284000
1694838908353 0.0010000000000000005 288000
1694838941248 0.0010000000000000005 292000
1694838973825 0.0010000000000000005 296000
1694839006882 0.0010000000000000005 300000
1694839038648 0.0010000000000000005 304000
1694839070387 0.0010000000000000005 308000
1694839101781 0.0010000000000000005 312000
1694839134793 0.0010000000000000005 316000
1694839166821 0.0010000000000000005 320000
1694839200817 0.0010000000000000005 324000
1694839233412 0.0010000000000000005 328000
1694839264911 0.0010000000000000005 332000
1694839297277 0.0010000000000000005 336000
1694839328471 0.0010000000000000005 340000
1694839359761 0.0010000000000000005 344000
1694839389843 0.0010000000000000005 348000
1694839420862 0.0010000000000000005 352000
1694839452120 0.0010000000000000005 356000
1694839483118 0.0010000000000000005 360000
1694839516393 0.0010000000000000005 364000
1694839548028 0.0010000000000000005 368000
1694839579485 0.0010000000000000005 372000
1694839611728 0.0010000000000000005 376000
1694839642821 0.0010000000000000005 380000
1694839674458 0.0010000000000000005 384000
1694839706789 0.0010000000000000005 388000
1694839739562 0.0010000000000000005 392000
1694839771616 0.0010000000000000005 396000
1694839804167 0.0010000000000000005 400000
1694839840651 0.0010000000000000005 404000
1694839873468 0.0010000000000000005 408000
1694839906207 0.0010000000000000005 412000
1694839938516 0.0010000000000000005 416000
1694839971207 0.0010000000000000005 420000
1694840003149 0.0010000000000000005 424000
1694840035899 0.0010000000000000005 428000
1694840067277 0.0010000000000000005 432000
1694840099684 0.0010000000000000005 436000
1694840133226 0.0010000000000000005 440000
1694840170714 0.0010000000000000005 444000
1694840205084 0.0010000000000000005 448000
1694840237353 0.0010000000000000005 452000
1694840270848 0.0010000000000000005 456000
1694840302821 0.0010000000000000005 460000
1694840335616 0.0010000000000000005 464000
1694840366353 0.0010000000000000005 468000
1694840399572 0.0010000000000000005 472000
1694840430791 0.0010000000000000005 476000
1694840462888 0.0010000000000000005 480000
1694840498091 0.0010000000000000005 484000
1694840530206 0.0010000000000000005 488000
1694840562028 0.0010000000000000005 492000
1694840594125 0.0010000000000000005 496000
1694840627536 0.0010000000000000005 500000
1694840658709 0.0010000000000000005 504000
1694840690243 0.0010000000000000005 508000
1694840720782 0.0010000000000000005 512000
1694840752397 0.0010000000000000005 516000
1694840783674 0.0010000000000000005 520000
1694840820771 0.0010000000000000005 524000
1694840856055 0.0010000000000000005 528000
1694840885166 0.0010000000000000005 532000
1694840912282 0.0010000000000000005 536000
1694840940226 0.0010000000000000005 540000
1694840966375 0.0010000000000000005 544000
1694840993196 0.0010000000000000005 548000
1694841019384 0.0010000000000000005 552000
1694841046022 0.0010000000000000005 556000
1694841073358 0.0010000000000000005 560000
1694841102046 0.0010000000000000005 564000
1694841128402 0.0010000000000000005 568000
1694841154814 0.0010000000000000005 572000
1694841181781 0.0010000000000000005 576000
