1694836625561 0.20000000000000004 4000
1694836654273 0.20000000000000004 8000
1694836682428 0.29999999999999993 12000
1694836712292 0.4500000000000001 16000
1694836741878 0.6750000000000002 20000
1694836771484 1.0124999999999997 24000
1694836802308 1.5187500000000005 28000
1694836832725 1.5187500000000005 32000
1694836863504 1.5187500000000005 36000
1694836893370 1.5187500000000005 40000
1694836927404 1.5187500000000005 44000
1694836958654 1.5187500000000005 48000
1694836990999 1.5187500000000005 52000
1694837024063 1.5187500000000005 56000
1694837056323 1.5187500000000005 60000
1694837087302 1.5187500000000005 64000
1694837118869 1.5187500000000005 68000
1694837151021 1.5187500000000005 72000
1694837182752 1.5187500000000005 76000
1694837215771 1.5187500000000005 80000
1694837250696 1.5187500000000005 84000
1694837282963 1.5187500000000005 88000
1694837314772 1.5187500000000005 92000
1694837347209 1.5187500000000005 96000
1694837379316 1.5187500000000005 100000
1694837410790 1.5187500000000005 104000
1694837442913 1.5187500000000005 108000
1694837474571 1.5187500000000005 112000
1694837506389 1.5187500000000005 116000
1694837538770 1.5187500000000005 120000
1694837573559 1.5187500000000005 124000
1694837606056 1.5187500000000005 128000
1694837640042 1.5187500000000005 132000
1694837672999 1.5187500000000005 136000
1694837705284 1.5187500000000005 140000
1694837737541 1.5187500000000005 144000
1694837769429 1.5187500000000005 148000
1694837802167 1.5187500000000005 152000
1694837834217 1.5187500000000005 156000
1694837867718 1.5187500000000005 160000
1694837905672 1.5187500000000005 164000
1694837939192 1.5187500000000005 168000
1694837971508 1.5187500000000005 172000
1694838004948 1.5187500000000005 176000
1694838037100 1.5187500000000005 180000
1694838068278 1.5187500000000005 184000
1694838099640 2.2781249999999997 188000
1694838131043 2.2781249999999997 192000
1694838162399 2.2781249999999997 196000
1694838193069 2.2781249999999997 200000
1694838229030 2.2781249999999997 204000
1694838260305 2.2781249999999997 208000
1694838291168 2.2781249999999997 212000
1694838323104 2.2781249999999997 216000
1694838354681 2.2781249999999997 220000
1694838386089 2.2781249999999997 224000
1694838417232 2.2781249999999997 228000
1694838448053 2.2781249999999997 232000
1694838479970 2.2781249999999997 236000
1694838511969 2.2781249999999997 240000
1694838547542 2.2781249999999997 244000
1694838580006 2.2781249999999997 248000
1694838612000 2.2781249999999997 252000
1694838644145 2.2781249999999997 256000
1694838675493 2.2781249999999997 260000
1694838706842 2.2781249999999997 264000
1694838738617 2.2781249999999997 268000
1694838771441 2.2781249999999997 272000
1694838804301 2.2781249999999997 276000
1694838837726 2.2781249999999997 280000
1694838875333 2.2781249999999997 284000
1694838908352 2.2781249999999997 288000
1694838941247 2.2781249999999997 292000
1694838973822 2.2781249999999997 296000
1694839006880 2.2781249999999997 300000
1694839038647 2.2781249999999997 304000
1694839070385 2.2781249999999997 308000
1694839101780 2.2781249999999997 312000
1694839134792 2.2781249999999997 316000
1694839166820 2.2781249999999997 320000
1694839200815 2.2781249999999997 324000
1694839233411 2.2781249999999997 328000
1694839264910 2.2781249999999997 332000
1694839297275 2.2781249999999997 336000
1694839328469 2.2781249999999997 340000
1694839359759 2.2781249999999997 344000
1694839389842 2.2781249999999997 348000
1694839420860 2.2781249999999997 352000
1694839452118 2.2781249999999997 356000
1694839483116 2.2781249999999997 360000
1694839516391 2.2781249999999997 364000
1694839548027 2.2781249999999997 368000
1694839579484 2.2781249999999997 372000
1694839611727 2.2781249999999997 376000
1694839642819 2.2781249999999997 380000
1694839674457 2.2781249999999997 384000
1694839706788 2.2781249999999997 388000
1694839739561 2.2781249999999997 392000
1694839771614 2.2781249999999997 396000
1694839804166 2.2781249999999997 400000
1694839840650 2.2781249999999997 404000
1694839873467 2.2781249999999997 408000
1694839906206 2.2781249999999997 412000
1694839938514 2.2781249999999997 416000
1694839971205 2.2781249999999997 420000
1694840003148 2.2781249999999997 424000
1694840035897 2.2781249999999997 428000
1694840067275 2.2781249999999997 432000
1694840099683 2.2781249999999997 436000
1694840133225 2.2781249999999997 440000
1694840170712 2.2781249999999997 444000
1694840205083 2.2781249999999997 448000
1694840237352 2.2781249999999997 452000
1694840270846 2.2781249999999997 456000
1694840302820 2.2781249999999997 460000
1694840335615 2.2781249999999997 464000
1694840366351 2.2781249999999997 468000
1694840399571 2.2781249999999997 472000
1694840430789 2.2781249999999997 476000
1694840462887 2.2781249999999997 480000
1694840498089 2.2781249999999997 484000
1694840530205 2.2781249999999997 488000
1694840562027 2.2781249999999997 492000
1694840594123 2.2781249999999997 496000
1694840627534 2.2781249999999997 500000
1694840658707 2.2781249999999997 504000
1694840690242 2.2781249999999997 508000
1694840720781 2.2781249999999997 512000
1694840752396 2.2781249999999997 516000
1694840783673 2.2781249999999997 520000
1694840820769 2.2781249999999997 524000
1694840856053 2.2781249999999997 528000
1694840885165 2.2781249999999997 532000
1694840912264 2.2781249999999997 536000
1694840940225 2.2781249999999997 540000
1694840966374 2.2781249999999997 544000
1694840993195 2.2781249999999997 548000
1694841019382 2.2781249999999997 552000
1694841046021 2.2781249999999997 556000
1694841073356 2.2781249999999997 560000
1694841102044 2.2781249999999997 564000
1694841128400 2.2781249999999997 568000
1694841154813 2.2781249999999997 572000
1694841181780 2.2781249999999997 576000
