1694836625588 1.9262433552493652 4000
1694836654282 1.8935391213744879 8000
1694836682436 1.8436689477413892 12000
1694836712303 1.8289988784740367 16000
1694836741886 1.8121107534815868 20000
1694836771494 1.7982201074560484 24000
1694836802322 1.8117944444219272 28000
1694836832735 1.8061813186854123 32000
1694836863514 1.805666299164295 36000
1694836893385 1.8037073265761137 40000
1694836927414 1.7923423934727907 44000
1694836958664 1.7882505098978678 48000
1694836991009 1.7775131395707529 52000
1694837024074 1.7787342006961504 56000
1694837056337 1.7811582386493683 60000
1694837087310 1.7792478957523903 64000
1694837118886 1.7740759052336217 68000
1694837151034 1.7688312310725451 72000
1694837182762 1.7676421261082094 76000
1694837215781 1.7494777015099923 80000
1694837250728 1.732159943630298 84000
1694837282974 1.7363899269451697 88000
1694837314787 1.7463619905213514 92000
1694837347218 1.7332350394378107 96000
1694837379325 1.7196235353748004 100000
1694837410806 1.73445821305116 104000
1694837442922 1.7148698527365922 108000
1694837474581 1.705707131822904 112000
1694837506398 1.6974182109038034 116000
1694837538781 1.7273696751644214 120000
1694837573569 1.6832881993303697 124000
1694837606067 1.6911480646580457 128000
1694837640058 1.690386705348889 132000
1694837673033 1.6934054336200157 136000
1694837705298 1.6940779651204745 140000
1694837737556 1.6921266958117485 144000
1694837769440 1.6798090375959873 148000
1694837802177 1.6484232301513353 152000
1694837834226 1.6627301041036844 156000
1694837867728 1.6620970415572325 160000
1694837905683 1.6363699018955231 164000
1694837939207 1.6275172730286915 168000
1694837971518 1.6220417140672605 172000
1694838004961 1.6194480386873087 176000
1694838037109 1.6258099667727948 180000
1694838068286 1.5912213288247585 184000
1694838099650 1.586289290462931 188000
1694838131059 1.5549511073778073 192000
1694838162410 1.5846869946767888 196000
1694838193078 1.5659512728452682 200000
1694838229039 1.574105796466271 204000
1694838260315 1.545969803755482 208000
1694838291177 1.520991692567865 212000
1694838323116 1.5510082664589087 216000
1694838354689 1.5459437765181065 220000
1694838386097 1.5416782007863123 224000
1694838417240 1.555100119486451 228000
1694838448068 1.524385683859388 232000
1694838479979 1.5169012501835824 236000
1694838512000 1.5575079393883546 240000
1694838547552 1.501176713903745 244000
1694838580018 1.503547968591253 248000
1694838612013 1.456863093127807 252000
1694838644153 1.5195308862874906 256000
1694838675504 1.5047320975611607 260000
1694838706851 1.4978093205640712 264000
1694838738632 1.4769027862697839 268000
1694838771449 1.4548741165548562 272000
1694838804313 1.488193267583847 276000
1694838837736 1.4750612460076808 280000
1694838875343 1.4937008370955784 284000
1694838908361 1.5238386997332176 288000
1694838941257 1.4186409493287404 292000
1694838973837 1.4436011175314585 296000
1694839006890 1.4682375268389782 300000
1694839038658 1.4328678359587987 304000
1694839070394 1.3936221620688836 308000
1694839101790 1.381546338647604 312000
1694839134801 1.4133543434242408 316000
1694839166830 1.4143807259698709 320000
1694839200831 1.335050895313422 324000
1694839233421 1.4223331447690726 328000
1694839264920 1.3718594388415417 332000
1694839297285 1.3351099734505019 336000
1694839328478 1.295802070076267 340000
1694839359771 1.3163498969127734 344000
1694839389850 1.2802915619065365 348000
1694839420873 1.2939362600445747 352000
1694839452127 1.2279372322062652 356000
1694839483129 1.1896943358083567 360000
1694839516402 1.2040097830196221 364000
1694839548035 1.245070834333698 368000
1694839579494 1.2551011934876442 372000
1694839611735 1.1621977701162298 376000
1694839642832 1.2194741908460855 380000
1694839674470 1.1568057802816232 384000
1694839706797 1.159650138641397 388000
1694839739569 1.1679202828556299 392000
1694839771627 1.1416518237441777 396000
1694839804178 1.1400915329655013 400000
1694839840660 1.1628490678345165 404000
1694839873478 1.059196247967581 408000
1694839906215 1.0635383101801077 412000
1694839938525 1.0945963801195224 416000
1694839971214 1.033804814144969 420000
1694840003156 1.1534023996442557 424000
1694840035909 1.046948206735154 428000
1694840067290 1.13628169229875 432000
1694840099696 1.0937796272337437 436000
1694840133237 0.9858674154306452 440000
1694840170722 1.171135089546442 444000
1694840205092 1.1604800527915358 448000
1694840237360 1.001300595079859 452000
1694840270857 0.9960106303294499 456000
1694840302828 1.0171825094769398 460000
1694840335624 0.9298748736580212 464000
1694840366360 1.0642142549157143 468000
1694840399579 1.1287095888828238 472000
1694840430803 1.064953737022976 476000
1694840462898 0.9828877931460738 480000
1694840498101 0.9190591609105467 484000
1694840530213 0.9970565687865018 488000
1694840562041 0.9917874631161491 492000
1694840594136 0.9531966390709082 496000
1694840627545 0.9487452790761988 500000
1694840658717 0.9009473944082856 504000
1694840690257 0.989043659158051 508000
1694840720792 0.9445196652164062 512000
1694840752405 0.8420220989113053 516000
1694840783681 0.9654775279263655 520000
1694840820778 1.0496409171571335 524000
1694840856068 1.0029000759745637 528000
1694840885173 1.0679168321813146 532000
1694840912290 0.8690508513400952 536000
1694840940233 1.0451169742271305 540000
1694840966382 1.0631045899664362 544000
1694840993202 0.8558831203728914 548000
1694841019396 0.9236423312996824 552000
1694841046028 0.8732099100326498 556000
1694841073364 0.9934391984095176 560000
1694841102056 0.8425092896446585 564000
1694841128413 1.065894193574786 568000
1694841154821 0.9736159075051546 572000
1694841181790 0.9793706239511569 576000
