1694836625590 0.0010000000000000005 4000
1694836654284 0.0010000000000000005 8000
1694836682438 0.0010000000000000005 12000
1694836712305 0.0010000000000000005 16000
1694836741888 0.0010000000000000005 20000
1694836771496 0.0010000000000000005 24000
1694836802323 0.0010000000000000005 28000
1694836832736 0.0010000000000000005 32000
1694836863516 0.0010000000000000005 36000
1694836893387 0.0010000000000000005 40000
1694836927416 0.0010000000000000005 44000
1694836958666 0.0010000000000000005 48000
1694836991010 0.0010000000000000005 52000
1694837024077 0.0010000000000000005 56000
1694837056340 0.0010000000000000005 60000
1694837087312 0.0010000000000000005 64000
1694837118888 0.0010000000000000005 68000
1694837151035 0.0010000000000000005 72000
1694837182763 0.0010000000000000005 76000
1694837215783 0.0010000000000000005 80000
1694837250729 0.0010000000000000005 84000
1694837282977 0.0010000000000000005 88000
1694837314788 0.0010000000000000005 92000
1694837347219 0.0010000000000000005 96000
1694837379326 0.0010000000000000005 100000
1694837410807 0.0010000000000000005 104000
1694837442923 0.0010000000000000005 108000
1694837474583 0.0010000000000000005 112000
1694837506401 0.0010000000000000005 116000
1694837538784 0.0010000000000000005 120000
1694837573570 0.0010000000000000005 124000
1694837606069 0.0010000000000000005 128000
1694837640060 0.0010000000000000005 132000
1694837673035 0.0010000000000000005 136000
1694837705299 0.0010000000000000005 140000
1694837737558 0.0010000000000000005 144000
1694837769441 0.0010000000000000005 148000
1694837802178 0.0010000000000000005 152000
1694837834228 0.0010000000000000005 156000
1694837867730 0.0010000000000000005 160000
1694837905685 0.0010000000000000005 164000
1694837939210 0.0010000000000000005 168000
1694837971536 0.0010000000000000005 172000
1694838004962 0.0010000000000000005 176000
1694838037110 0.0010000000000000005 180000
1694838068287 0.0010000000000000005 184000
1694838099652 0.0010000000000000005 188000
1694838131060 0.0010000000000000005 192000
1694838162412 0.0010000000000000005 196000
1694838193079 0.0010000000000000005 200000
1694838229041 0.0010000000000000005 204000
1694838260316 0.0010000000000000005 208000
1694838291178 0.0010000000000000005 212000
1694838323118 0.0010000000000000005 216000
1694838354690 0.0010000000000000005 220000
1694838386099 0.0010000000000000005 224000
1694838417241 0.0010000000000000005 228000
1694838448070 0.0010000000000000005 232000
1694838479980 0.0010000000000000005 236000
1694838512002 0.0010000000000000005 240000
1694838547553 0.0010000000000000005 244000
1694838580020 0.0010000000000000005 248000
1694838612014 0.0010000000000000005 252000
1694838644154 0.0010000000000000005 256000
1694838675506 0.0010000000000000005 260000
1694838706852 0.0010000000000000005 264000
1694838738633 0.0010000000000000005 268000
1694838771450 0.0010000000000000005 272000
1694838804316 0.0010000000000000005 276000
1694838837737 0.0010000000000000005 280000
1694838875344 0.0010000000000000005 284000
1694838908362 0.0010000000000000005 288000
1694838941259 0.0010000000000000005 292000
1694838973838 0.0010000000000000005 296000
1694839006891 0.0010000000000000005 300000
1694839038660 0.0010000000000000005 304000
1694839070395 0.0010000000000000005 308000
1694839101791 0.0010000000000000005 312000
1694839134802 0.0010000000000000005 316000
1694839166832 0.0010000000000000005 320000
1694839200833 0.0010000000000000005 324000
1694839233422 0.0010000000000000005 328000
1694839264922 0.0010000000000000005 332000
1694839297286 0.0010000000000000005 336000
1694839328479 0.0010000000000000005 340000
1694839359772 0.0010000000000000005 344000
1694839389851 0.0010000000000000005 348000
1694839420876 0.0010000000000000005 352000
1694839452128 0.0010000000000000005 356000
1694839483130 0.0010000000000000005 360000
1694839516403 0.0010000000000000005 364000
1694839548037 0.0010000000000000005 368000
1694839579495 0.0010000000000000005 372000
1694839611737 0.0010000000000000005 376000
1694839642833 0.0010000000000000005 380000
1694839674472 0.0010000000000000005 384000
1694839706798 0.0010000000000000005 388000
1694839739571 0.0010000000000000005 392000
1694839771629 0.0010000000000000005 396000
1694839804179 0.0010000000000000005 400000
1694839840661 0.0010000000000000005 404000
1694839873480 0.0010000000000000005 408000
1694839906216 0.0010000000000000005 412000
1694839938527 0.0010000000000000005 416000
1694839971215 0.0010000000000000005 420000
1694840003158 0.0010000000000000005 424000
1694840035910 0.0010000000000000005 428000
1694840067292 0.0010000000000000005 432000
1694840099697 0.0010000000000000005 436000
1694840133238 0.0010000000000000005 440000
1694840170723 0.0010000000000000005 444000
1694840205093 0.0010000000000000005 448000
1694840237361 0.0010000000000000005 452000
1694840270858 0.0010000000000000005 456000
1694840302830 0.0010000000000000005 460000
1694840335625 0.0010000000000000005 464000
1694840366361 0.0010000000000000005 468000
1694840399581 0.0010000000000000005 472000
1694840430805 0.0010000000000000005 476000
1694840462900 0.0010000000000000005 480000
1694840498102 0.0010000000000000005 484000
1694840530214 0.0010000000000000005 488000
1694840562043 0.0010000000000000005 492000
1694840594137 0.0010000000000000005 496000
1694840627547 0.0010000000000000005 500000
1694840658718 0.0010000000000000005 504000
1694840690258 0.0010000000000000005 508000
1694840720794 0.0010000000000000005 512000
1694840752407 0.0010000000000000005 516000
1694840783682 0.0010000000000000005 520000
1694840820780 0.0010000000000000005 524000
1694840856069 0.0010000000000000005 528000
1694840885174 0.0010000000000000005 532000
1694840912292 0.0010000000000000005 536000
1694840940234 0.0010000000000000005 540000
1694840966383 0.0010000000000000005 544000
1694840993203 0.0010000000000000005 548000
1694841019398 0.0010000000000000005 552000
1694841046029 0.0010000000000000005 556000
1694841073365 0.0010000000000000005 560000
1694841102058 0.0010000000000000005 564000
1694841128415 0.0010000000000000005 568000
1694841154822 0.0010000000000000005 572000
1694841181792 0.0010000000000000005 576000
