1694836625558 0.2167829798728538 4000
1694836654272 0.2811694419166694 8000
1694836682427 0.4174091026186943 12000
1694836712290 0.4305150420560191 16000
1694836741877 0.44938241569325327 20000
1694836771466 0.49287625385137895 24000
1694836802305 0.4739189209106068 28000
1694836832724 0.5154606289851169 32000
1694836863502 0.4856900479334096 36000
1694836893368 0.46528261930992204 40000
1694836927402 0.4946422164949278 44000
1694836958653 0.48889122996479273 48000
1694836990998 0.5186466432176531 52000
1694837024062 0.4713423473915706 56000
1694837056322 0.5004057290498167 60000
1694837087300 0.49510380569845436 64000
1694837118867 0.4957060214132071 68000
1694837151019 0.5062521762214601 72000
1694837182751 0.49443471043681103 76000
1694837215769 0.49306756254906453 80000
1694837250694 0.5247128622916838 84000
1694837282962 0.5456222079694271 88000
1694837314770 0.524184035199384 92000
1694837347207 0.5327695267274976 96000
1694837379314 0.5421027767471969 100000
1694837410788 0.5359659682027995 104000
1694837442912 0.5650615048905213 108000
1694837474569 0.5469043325943251 112000
1694837506387 0.520358458502839 116000
1694837538768 0.5379831140550474 120000
1694837573557 0.553864308570822 124000
1694837606054 0.5545140722766518 128000
1694837640041 0.5429758870353302 132000
1694837672998 0.5453964802746971 136000
1694837705283 0.5338510711366932 140000
1694837737540 0.5509109536185861 144000
1694837769428 0.5711666244082153 148000
1694837802165 0.5626378445265193 152000
1694837834214 0.5702671917465826 156000
1694837867716 0.5501922170942029 160000
1694837905671 0.5859205362387001 164000
1694837939190 0.5775533793494105 168000
1694837971506 0.6061171154491604 172000
1694838004947 0.5666433958647151 176000
1694838037098 0.5862262105879684 180000
1694838068277 0.6027749551149706 184000
1694838099638 0.5804143707578381 188000
1694838131042 0.6285152273563047 192000
1694838162397 0.6339006529810528 196000
1694838193067 0.627029086711506 200000
1694838229029 0.6265085240205129 204000
1694838260304 0.6122741457695763 208000
1694838291166 0.616612835911413 212000
1694838323102 0.6272235748978953 216000
1694838354680 0.6528199111421903 220000
1694838386088 0.6066636784623066 224000
1694838417231 0.6122333048221965 228000
1694838448051 0.6181187478515009 232000
1694838479968 0.6263568844335775 236000
1694838511967 0.6406202444806695 240000
1694838547541 0.6314919012598693 244000
1694838580005 0.6267940768040716 248000
1694838611998 0.6478802792417506 252000
1694838644143 0.6482666103479763 256000
1694838675492 0.6581163423756758 260000
1694838706841 0.6356016260571777 264000
1694838738616 0.6593722827111681 268000
1694838771440 0.6348236722871661 272000
1694838804300 0.6549108830901483 276000
1694838837724 0.6132211518473923 280000
1694838875332 0.6318925803527236 284000
1694838908350 0.656510894652456 288000
1694838941245 0.6096291212365031 292000
1694838973820 0.6112526911621292 296000
1694839006878 0.6284861092455685 300000
1694839038645 0.6393819280279179 304000
1694839070384 0.635268479399383 308000
1694839101778 0.6280608298256993 312000
1694839134790 0.6391038576140999 316000
1694839166819 0.6487514299340547 320000
1694839200813 0.6090713403498133 324000
1694839233409 0.6231012323250373 328000
1694839264909 0.6245365269792577 332000
1694839297274 0.6379005716492733 336000
1694839328466 0.6203898780979216 340000
1694839359757 0.6174049846207103 344000
1694839389841 0.6001321094421049 348000
1694839420858 0.5901234646327793 352000
1694839452117 0.6287751412640016 356000
1694839483113 0.598713429334263 360000
1694839516389 0.6001609642989933 364000
1694839548025 0.6283003248584768 368000
1694839579482 0.5906263727384309 372000
1694839611725 0.5923347677725057 376000
1694839642818 0.5757009828463197 380000
1694839674456 0.5786115388385952 384000
1694839706787 0.5829832823015749 388000
1694839739559 0.6083736677964529 392000
1694839771597 0.5914904806452493 396000
1694839804165 0.5864808082270125 400000
1694839840649 0.5728121713114281 404000
1694839873466 0.553847206911693 408000
1694839906205 0.6000652947152655 412000
1694839938513 0.5547846352681518 416000
1694839971204 0.5440889336789648 420000
1694840003147 0.5496287265482048 424000
1694840035895 0.555957566263775 428000
1694840067273 0.5121298561493556 432000
1694840099681 0.5356070787956317 436000
1694840133223 0.5246205435755352 440000
1694840170711 0.4981171258570006 444000
1694840205082 0.522847989636163 448000
1694840237351 0.4920700540455679 452000
1694840270844 0.4906981077045202 456000
1694840302819 0.4655953715244929 460000
1694840335614 0.5176154199211548 464000
1694840366350 0.47390423896722494 468000
1694840399570 0.4574643595144153 472000
1694840430788 0.44764483706094327 476000
1694840462884 0.47245935862883925 480000
1694840498087 0.4470654736428211 484000
1694840530203 0.46889404927690825 488000
1694840562026 0.41447807469715675 492000
1694840594122 0.4011010341501484 496000
1694840627532 0.4646506367406497 500000
1694840658705 0.42858983351228136 504000
1694840690240 0.436447699352478 508000
1694840720780 0.4193974641462167 512000
1694840752394 0.45560345947742464 516000
1694840783671 0.4269611028799166 520000
1694840820768 0.42075327003064256 524000
1694840856051 0.39869723771698773 528000
1694840885163 0.4216332556369404 532000
1694840912262 0.4340960326138884 536000
1694840940224 0.3950361900186787 540000
1694840966373 0.40164981967148683 544000
1694840993194 0.40455745096939305 548000
1694841019381 0.41202880383158724 552000
1694841046020 0.4478698097169399 556000
1694841073355 0.46238213527637223 560000
1694841102042 0.4394574177140991 564000
1694841128398 0.384350759194543 568000
1694841154812 0.4605748749648531 572000
1694841181779 0.4290363573624442 576000
