1694836625587 0.019753561539437314 4000
1694836654280 0.03121369504328868 8000
1694836682435 0.037319235898666626 12000
1694836712301 0.03117530076552234 16000
1694836741885 0.023369630976959672 20000
1694836771493 0.021837991878196926 24000
1694836802320 0.014946386044673366 28000
1694836832733 0.015662234860872606 32000
1694836863512 0.015599345283465937 36000
1694836893382 0.014754786353482057 40000
1694836927412 0.01636702943816817 44000
1694836958662 0.015452409462917179 48000
1694836991007 0.016924518903144604 52000
1694837024071 0.015195303795500574 56000
1694837056334 0.016711671901903147 60000
1694837087309 0.014781177763220453 64000
1694837118883 0.01484945357355351 68000
1694837151033 0.01580671482154988 72000
1694837182761 0.015855023939553396 76000
1694837215780 0.01629844727510393 80000
1694837250726 0.016245921732943695 84000
1694837282972 0.017906404769090993 88000
1694837314786 0.01839130085453416 92000
1694837347216 0.016236495786012467 96000
1694837379323 0.018546979397021345 100000
1694837410804 0.016857759224892625 104000
1694837442920 0.01764459722118661 108000
1694837474580 0.016555133900927405 112000
1694837506396 0.017050442426976294 116000
1694837538779 0.01727123076721811 120000
1694837573568 0.01788922796827986 124000
1694837606066 0.018056957370110163 128000
1694837640055 0.017318368107555427 132000
1694837673031 0.017862219142765014 136000
1694837705296 0.016595532440601347 140000
1694837737554 0.018755665857471293 144000
1694837769438 0.019007358582184053 148000
1694837802175 0.017900296637315564 152000
1694837834225 0.01870086596723013 156000
1694837867727 0.017207544406966566 160000
1694837905682 0.01857592305089304 164000
1694837939205 0.01906951823862073 168000
1694837971517 0.017384963718964155 172000
1694838004960 0.017672480556742205 176000
1694838037108 0.01860505022914128 180000
1694838068285 0.020072427991665944 184000
1694838099648 0.013978896436746813 188000
1694838131056 0.014041456357169106 192000
1694838162409 0.01465106989864189 196000
1694838193077 0.013569254129068516 200000
1694838229038 0.014692995529888545 204000
1694838260313 0.013621904232654377 208000
1694838291175 0.013630246867101192 212000
1694838323114 0.014063866296769622 216000
1694838354688 0.014723458227840143 220000
1694838386096 0.01281731809123509 224000
1694838417239 0.013700682521581105 228000
1694838448067 0.014012783872180532 232000
1694838479978 0.013819230991774204 236000
1694838511998 0.014239019179675788 240000
1694838547550 0.013707963172043824 244000
1694838580017 0.01380689324658643 248000
1694838612011 0.014425568865131922 252000
1694838644152 0.014222352968225426 256000
1694838675502 0.01382902617129534 260000
1694838706850 0.01425146525500246 264000
1694838738630 0.014972486645221775 268000
1694838771448 0.013885171086326423 272000
1694838804311 0.013963121741742128 276000
1694838837735 0.015604460699492772 280000
1694838875341 0.014100420667613257 284000
1694838908360 0.014432458109079562 288000
1694838941255 0.013917847492227036 292000
1694838973835 0.013556056902806783 296000
1694839006888 0.013509207843580385 300000
1694839038656 0.01420425710448651 304000
1694839070393 0.014438162552134296 308000
1694839101788 0.01378524318556951 312000
1694839134799 0.01366852203385613 316000
1694839166829 0.013916530297613782 320000
1694839200827 0.01322625494204696 324000
1694839233419 0.013449160453957077 328000
1694839264919 0.01343930817765795 332000
1694839297283 0.014012042380765402 336000
1694839328477 0.013822432895898207 340000
1694839359769 0.013282335392438489 344000
1694839389849 0.012993475546579702 348000
1694839420871 0.012733669897052853 352000
1694839452126 0.013030479050278893 356000
1694839483128 0.011706153673810605 360000
1694839516400 0.012300813706123025 364000
1694839548034 0.013113525507893065 368000
1694839579492 0.012085902484192591 372000
1694839611734 0.011917215880624422 376000
1694839642830 0.012152402675637101 380000
1694839674468 0.012016808087315577 384000
1694839706795 0.011427204375903936 388000
1694839739568 0.011731769593382069 392000
1694839771625 0.012505095302636467 396000
1694839804176 0.012051715649525618 400000
1694839840658 0.01109267218723744 404000
1694839873477 0.011527202068100451 408000
1694839906214 0.012940767516649935 412000
1694839938524 0.010121586964587417 416000
1694839971213 0.01086447673216829 420000
1694840003155 0.010736819509982115 424000
1694840035907 0.011195439503267963 428000
1694840067288 0.01013411174502907 432000
1694840099694 0.011101464694633079 436000
1694840133235 0.010006361662544806 440000
1694840170720 0.008715152200550472 444000
1694840205090 0.010004625621244637 448000
1694840237359 0.009953593192991087 452000
1694840270855 0.010155587638764408 456000
1694840302827 0.008747188149825055 460000
1694840335623 0.010248086528840275 464000
1694840366359 0.009785592719833525 468000
1694840399578 0.009638236925738028 472000
1694840430800 0.009134570328142763 476000
1694840462896 0.009967774339857864 480000
1694840498099 0.008224312795344494 484000
1694840530212 0.009713714806061565 488000
1694840562038 0.007988607711176317 492000
1694840594133 0.0075011068815949026 496000
1694840627544 0.00865063672278006 500000
1694840658716 0.008421538041199004 504000
1694840690254 0.008176146519724781 508000
1694840720790 0.009390282198736378 512000
1694840752404 0.009235267978323646 516000
1694840783680 0.008096670133069367 520000
1694840820777 0.008583371982036238 524000
1694840856066 0.00802578342474202 528000
1694840885171 0.008385125620744283 532000
1694840912289 0.008626454286081886 536000
1694840940232 0.008599785357267754 540000
1694840966380 0.0074412485792438405 544000
1694840993201 0.008645638196195885 548000
1694841019395 0.008235537437504022 552000
1694841046027 0.008548850205015742 556000
1694841073363 0.008341982596543375 560000
1694841102055 0.009193447199645866 564000
1694841128411 0.007362216031876038 568000
1694841154820 0.008280410938092094 572000
1694841181788 0.007514385759850484 576000
