1694836625582 -0.04814083935222394 4000
1694836654277 -0.0879254393177689 8000
1694836682432 -0.1064263083387535 12000
1694836712296 -0.10881497235429076 16000
1694836741882 -0.09862680357133892 20000
1694836771489 -0.10561470860945216 24000
1694836802314 -0.09947598442619589 28000
1694836832729 -0.09194210133330974 32000
1694836863507 -0.09877048961231291 36000
1694836893376 -0.09999599288712488 40000
1694836927407 -0.10365564960763246 44000
1694836958657 -0.10321253748891952 48000
1694836991004 -0.10852468620820825 52000
1694837024067 -0.09297257740909118 56000
1694837056330 -0.10315730609703072 60000
1694837087306 -0.09507181290488613 64000
1694837118877 -0.09426145801893047 68000
1694837151028 -0.10432595282860954 72000
1694837182757 -0.10111716905448702 76000
1694837215776 -0.10853014281601644 80000
1694837250721 -0.1078581610932209 84000
1694837282967 -0.11153129229254168 88000
1694837314780 -0.1130678025103407 92000
1694837347212 -0.10469084435680998 96000
1694837379319 -0.11327699003110563 100000
1694837410797 -0.10785260143893538 104000
1694837442917 -0.10897628828485419 108000
1694837474575 -0.1079002637809026 112000
1694837506392 -0.1146102822739825 116000
1694837538773 -0.10748460283017873 120000
1694837573564 -0.1166363366911052 124000
1694837606062 -0.10985767440821897 128000
1694837640048 -0.10774380840205898 132000
1694837673007 -0.11096232331716843 136000
1694837705289 -0.10991940513486043 140000
1694837737546 -0.12088969320563289 144000
1694837769433 -0.11701463818462798 148000
1694837802172 -0.10609489025106693 152000
1694837834221 -0.11215635765596138 156000
1694837867723 -0.11368346255815899 160000
1694837905677 -0.11542092882203482 164000
1694837939199 -0.1143706517163082 168000
1694837971512 -0.09790712138734912 172000
1694838004954 -0.11200053783153029 176000
1694838037104 -0.10907164439777262 180000
1694838068281 -0.11917063871223946 184000
1694838099643 -0.10134622110635974 188000
1694838131050 -0.10662881435928284 192000
1694838162403 -0.11063978267629863 196000
1694838193073 -0.100145449230331 200000
1694838229034 -0.10413334009390382 204000
1694838260309 -0.10576876909083997 208000
1694838291172 -0.10659420322093259 212000
1694838323109 -0.11415643310610904 216000
1694838354685 -0.10983078023103493 220000
1694838386093 -0.10633711277065837 224000
1694838417235 -0.10643165552658805 228000
1694838448060 -0.10664192261222828 232000
1694838479974 -0.11076300527444498 236000
1694838511977 -0.10557963483831069 240000
1694838547546 -0.1070749734135461 244000
1694838580011 -0.10782515440441784 248000
1694838612006 -0.10935043837574389 252000
1694838644148 -0.11165983391959647 256000
1694838675497 -0.1094834996870001 260000
1694838706845 -0.10611082394364833 264000
1694838738622 -0.10691526405377469 268000
1694838771445 -0.10698575946492686 272000
1694838804305 -0.09866526620996106 276000
1694838837730 -0.10052060473414409 280000
1694838875338 -0.10512523778937369 284000
1694838908356 -0.10853554892006893 288000
1694838941251 -0.10525445304107658 292000
1694838973829 -0.103266003766718 296000
1694839006885 -0.10288573647364198 300000
1694839038651 -0.09775509548926493 304000
1694839070389 -0.10776240184544197 308000
1694839101785 -0.10243364854250103 312000
1694839134796 -0.101678161573606 316000
1694839166824 -0.10083306138161181 320000
1694839200822 -0.10222811440811104 324000
1694839233415 -0.10321513964008773 328000
1694839264915 -0.1018022305254514 332000
1694839297280 -0.10452104595121152 336000
1694839328474 -0.1034095604220056 340000
1694839359765 -0.09536482463881839 344000
1694839389845 -0.10048727834194628 348000
1694839420866 -0.10028568968943243 352000
1694839452122 -0.08878960847505368 356000
1694839483122 -0.09017104594070892 360000
1694839516396 -0.09200823090335082 364000
1694839548030 -0.09700125274151408 368000
1694839579488 -0.09337146787826593 372000
1694839611730 -0.08882908162486274 376000
1694839642826 -0.09167989002792941 380000
1694839674461 -0.09094148198200855 384000
1694839706792 -0.07940164478253185 388000
1694839739564 -0.08697235674529415 392000
1694839771620 -0.09139342252868422 396000
1694839804171 -0.08893052213194702 400000
1694839840654 -0.08485033850059456 404000
1694839873471 -0.08393871022854 408000
1694839906210 -0.09084539991987792 412000
1694839938519 -0.06890373165224446 416000
1694839971209 -0.08114507530602472 420000
1694840003152 -0.0733647265980835 424000
1694840035903 -0.08238580866285096 428000
1694840067282 -0.07641167396019834 432000
1694840099687 -0.08246387864298109 436000
1694840133230 -0.07339964083002996 440000
1694840170716 -0.06306126037670765 444000
1694840205087 -0.07586353579414815 448000
1694840237355 -0.07312209291994805 452000
1694840270851 -0.07483544352047224 456000
1694840302823 -0.0699790444784109 460000
1694840335619 -0.07391376332088839 464000
1694840366355 -0.0730126258417537 468000
1694840399574 -0.07526654869531436 472000
1694840430794 -0.07176185063532708 476000
1694840462891 -0.07317276977216049 480000
1694840498095 -0.06817703709433166 484000
1694840530208 -0.0694029657888071 488000
1694840562030 -0.06668926610727795 492000
1694840594127 -0.05932415620530567 496000
1694840627540 -0.06611964439750105 500000
1694840658712 -0.0654284020551131 504000
1694840690248 -0.06151881222370624 508000
1694840720785 -0.06633229337312514 512000
1694840752399 -0.06886594270423908 516000
1694840783676 -0.06534165234188549 520000
1694840820773 -0.06468755029588162 524000
1694840856059 -0.06252631899139184 528000
1694840885168 -0.06156834877256188 532000
1694840912285 -0.06839855610232917 536000
1694840940229 -0.06155631667425041 540000
1694840966377 -0.05877880586194806 544000
1694840993198 -0.06878025295785241 548000
1694841019389 -0.06284579726440521 552000
1694841046024 -0.06355920389711779 556000
1694841073360 -0.05914185246898948 560000
1694841102050 -0.06977789116887531 564000
1694841128405 -0.06004174977788353 568000
1694841154816 -0.05758011699896694 572000
1694841181783 -0.05622520148220549 576000
