1694836625580 -0.04274532485069358 4000
1694836654275 -0.07926809321482627 8000
1694836682430 -0.09190263078926364 12000
1694836712295 -0.09267473076567209 16000
1694836741881 -0.08023558472729443 20000
1694836771488 -0.08123789438201735 24000
1694836802312 -0.07508140378631652 28000
1694836832728 -0.06607731996725003 32000
1694836863506 -0.07321514616099496 36000
1694836893374 -0.07552362687711138 40000
1694836927406 -0.07652909707479315 44000
1694836958656 -0.07398728766517403 48000
1694836991002 -0.08024082577079146 52000
1694837024066 -0.0673064053383617 56000
1694837056328 -0.07465149045892758 60000
1694837087304 -0.07033229645943113 64000
1694837118874 -0.06729716249319609 68000
1694837151027 -0.07739212277034918 72000
1694837182755 -0.07489470003444391 76000
1694837215774 -0.07995016723871232 80000
1694837250718 -0.07687000320778073 84000
1694837282966 -0.08066560216860429 88000
1694837314778 -0.08130893099684423 92000
1694837347211 -0.07254289081320167 96000
1694837379318 -0.08045596178490086 100000
1694837410794 -0.07709628621426722 104000
1694837442915 -0.07701016092081166 108000
1694837474574 -0.07976020629527435 112000
1694837506391 -0.08216625170074016 116000
1694837538772 -0.07756535207639294 120000
1694837573562 -0.08045305143362687 124000
1694837606061 -0.07859561112806356 128000
1694837640046 -0.0759838154510362 132000
1694837673004 -0.07863498361645421 136000
1694837705287 -0.0774590984423412 140000
1694837737544 -0.08769257785364365 144000
1694837769432 -0.08313279708284729 148000
1694837802170 -0.07317649900214747 152000
1694837834220 -0.0774970406491775 156000
1694837867722 -0.08133350549020785 160000
1694837905676 -0.0797329501651499 164000
1694837939196 -0.07888546590305244 168000
1694837971511 -0.06684079574673281 172000
1694838004952 -0.0745856238194392 176000
1694838037103 -0.07433801214356209 180000
1694838068280 -0.08033312978271473 184000
1694838099642 -0.058762448517760885 188000
1694838131047 -0.06291629745198103 192000
1694838162401 -0.06666990854137111 196000
1694838193072 -0.057922162077738905 200000
1694838229033 -0.06337588110909564 204000
1694838260307 -0.06271444141942387 208000
1694838291170 -0.06218539046143026 212000
1694838323108 -0.07091597904654919 216000
1694838354683 -0.0652827411996744 220000
1694838386091 -0.0665166667541295 224000
1694838417234 -0.06294860230700579 228000
1694838448058 -0.06360581961125718 232000
1694838479972 -0.0665239098307211 236000
1694838511974 -0.06328290696207356 240000
1694838547545 -0.061949179638031635 244000
1694838580009 -0.06303095348654703 248000
1694838612004 -0.06348274631503349 252000
1694838644147 -0.06451240671643367 256000
1694838675496 -0.06407204019924392 260000
1694838706844 -0.05972583527036477 264000
1694838738619 -0.061178715135126065 268000
1694838771443 -0.05680095989422019 272000
1694838804304 -0.05024595714833898 276000
1694838837728 -0.05295441674340206 280000
1694838875336 -0.060806768088271686 284000
1694838908355 -0.06423496625308568 288000
1694838941250 -0.05526615881923742 292000
1694838973827 -0.057345853567918915 296000
1694839006883 -0.05794286394787681 300000
1694839038649 -0.05303672873415053 304000
1694839070388 -0.05556600996836399 308000
1694839101783 -0.053634841854606444 312000
1694839134794 -0.05262386942243514 316000
1694839166823 -0.058141161467453156 320000
1694839200820 -0.050653737357545955 324000
1694839233414 -0.05788688363487988 328000
1694839264913 -0.05544201627393098 332000
1694839297278 -0.05541589233131769 336000
1694839328472 -0.05262774900378039 340000
1694839359763 -0.04768003214849159 344000
1694839389844 -0.05378281394562994 348000
1694839420864 -0.05633839255800315 352000
1694839452121 -0.04032550306243744 356000
1694839483120 -0.04874496345194833 360000
1694839516395 -0.04587071396041817 364000
1694839548029 -0.0506957029343539 368000
1694839579487 -0.05026434432414438 372000
1694839611729 -0.04004886457454025 376000
1694839642824 -0.04458778414846165 380000
1694839674460 -0.04498838751848477 384000
1694839706791 -0.035744409305334554 388000
1694839739563 -0.04501110888935121 392000
1694839771618 -0.04416408803493444 396000
1694839804169 -0.04246678737108596 400000
1694839840653 -0.041345548283910225 404000
1694839873469 -0.0401701664183444 408000
1694839906209 -0.04416386457839205 412000
1694839938517 -0.03229621476105725 416000
1694839971208 -0.03716998211360381 420000
1694840003150 -0.03503025097888894 424000
1694840035902 -0.04365827614480319 428000
1694840067279 -0.04091732243759907 432000
1694840099685 -0.04314060433001335 436000
1694840133228 -0.030486596569729348 440000
1694840170715 -0.0320435407101589 444000
1694840205085 -0.03893685895212305 448000
1694840237354 -0.03778622945440778 452000
1694840270849 -0.03724415125216183 456000
1694840302822 -0.03560975703488414 460000
1694840335618 -0.030650854435710546 464000
1694840366354 -0.03611244277029376 468000
1694840399573 -0.044437448116756664 472000
1694840430792 -0.03768346240297736 476000
1694840462890 -0.03710010270103036 480000
1694840498093 -0.032595701710670257 484000
1694840530207 -0.035079208824511925 488000
1694840562029 -0.03784421470093851 492000
1694840594126 -0.026124205809416403 496000
1694840627538 -0.02968321539325795 500000
1694840658711 -0.03149266577675007 504000
1694840690245 -0.030556580324324994 508000
1694840720783 -0.031483392093893295 512000
1694840752398 -0.031048546701398057 516000
1694840783675 -0.03535196526402918 520000
1694840820772 -0.03357459379088444 524000
1694840856057 -0.03349540923663881 528000
1694840885167 -0.028763554995627296 532000
1694840912283 -0.031221222692208055 536000
1694840940227 -0.03258680617145728 540000
1694840966376 -0.03028174528250626 544000
1694840993197 -0.032165482994363025 548000
1694841019385 -0.029312152292550308 552000
1694841046023 -0.027152852658279394 556000
1694841073359 -0.029581397049090203 560000
1694841102048 -0.0316751344910396 564000
1694841128404 -0.03297842744505033 568000
1694841154815 -0.027418591508467215 572000
1694841181782 -0.02686894589617926 576000
