1694836625585 0.30631202006091673 4000
1694836654279 0.4763003804410497 8000
1694836682434 0.45355093317727246 12000
1694836712299 0.4232528207823634 16000
1694836741884 0.4765578661113977 20000
1694836771492 0.47729188619802393 24000
1694836802319 0.5724502128238479 28000
1694836832732 0.499559961942335 32000
1694836863510 0.5754972401385506 36000
1694836893380 0.49992915683736405 40000
1694836927410 0.49944561210771404 44000
1694836958660 0.5507577315593759 48000
1694836991006 0.5917653817062577 52000
1694837024070 0.6233325795580943 56000
1694837056333 0.4695431734124819 60000
1694837087308 0.5849247358118494 64000
1694837118881 0.5536632335434357 68000
1694837151031 0.5288039412349462 72000
1694837182760 0.6035976092641552 76000
1694837215779 0.5348559414347013 80000
1694837250724 0.5892998924478888 84000
1694837282970 0.5399451830734809 88000
1694837314784 0.5495283442238966 92000
1694837347215 0.5430325293913484 96000
1694837379322 0.6279702872658769 100000
1694837410801 0.5807715136557817 104000
1694837442919 0.6177553988372286 108000
1694837474578 0.5631282515823841 112000
1694837506395 0.537217199926575 116000
1694837538777 0.5813368023683627 120000
1694837573566 0.5164616590986649 124000
1694837606065 0.5450019378835956 128000
1694837640053 0.5549015661080678 132000
1694837673029 0.5760239290073514 136000
1694837705294 0.5514634221792221 140000
1694837737551 0.5760346448669831 144000
1694837769436 0.633627696832021 148000
1694837802174 0.5993413184459011 152000
1694837834224 0.5985252914950252 156000
1694837867726 0.5895135980720322 160000
1694837905680 0.6121382086227337 164000
1694837939203 0.612399556239446 168000
1694837971515 0.671517510463794 172000
1694838004958 0.5679573512946566 176000
1694838037107 0.6002203323567907 180000
1694838068284 0.5725045078744491 184000
1694838099645 0.5956973489373922 188000
1694838131054 0.5506601348519325 192000
1694838162407 0.5554100432743628 196000
1694838193076 0.5949524031331141 200000
1694838229037 0.5949266510084271 204000
1694838260311 0.5752125324681401 208000
1694838291174 0.5842555437237025 212000
1694838323112 0.5890193534394105 216000
1694838354687 0.5622885659337044 220000
1694838386095 0.5824459729716182 224000
1694838417238 0.5682526615137855 228000
1694838448065 0.5933173644045989 232000
1694838479976 0.5452814887588223 236000
1694838511997 0.591192955772082 240000
1694838547549 0.6284717500209809 244000
1694838580015 0.6361709150175253 248000
1694838612010 0.6184232225641608 252000
1694838644151 0.6142339102302988 256000
1694838675499 0.584013822923104 260000
1694838706848 0.6185417170325915 264000
1694838738627 0.6608613137155771 268000
1694838771447 0.5629429347192247 272000
1694838804309 0.5954182347903649 276000
1694838837733 0.6441182404135665 280000
1694838875340 0.6047186623016994 284000
1694838908358 0.6099404962733388 288000
1694838941253 0.6256051703045765 292000
1694838973833 0.6029425831511617 296000
1694839006887 0.5945332581177354 300000
1694839038653 0.6463439023743073 304000
1694839070392 0.5767484636977315 308000
1694839101787 0.613916119436423 312000
1694839134798 0.5912260469049215 316000
1694839166827 0.6595500767230987 320000
1694839200825 0.5728952921926975 324000
1694839233418 0.6145775546009342 328000
1694839264918 0.6257832963640492 332000
1694839297282 0.5998233366757632 336000
1694839328476 0.6141933248688777 340000
1694839359768 0.6377451591193676 344000
1694839389848 0.6298611388852199 348000
1694839420869 0.7034978426372012 352000
1694839452125 0.6618658047790329 356000
1694839483126 0.6662820985540747 360000
1694839516399 0.667096792285641 364000
1694839548033 0.6294915447632472 368000
1694839579491 0.646984709178408 372000
1694839611733 0.6083770921453834 376000
1694839642829 0.671672736108303 380000
1694839674465 0.648686333745718 384000
1694839706794 0.6850111237416665 388000
1694839739567 0.6844213175276915 392000
1694839771624 0.6802366467192769 396000
1694839804174 0.6774363977213701 400000
1694839840657 0.68659082322071 404000
1694839873475 0.6960563169171413 408000
1694839906213 0.6938673810412487 412000
1694839938522 0.7501913777242104 416000
1694839971212 0.7055565914139151 420000
1694840003154 0.7293760777140658 424000
1694840035906 0.729656309261918 428000
1694840067286 0.767168325309952 432000
1694840099692 0.736709228095909 436000
1694840133233 0.6903583727777004 440000
1694840170719 0.7595154779031873 444000
1694840205089 0.7389274129644037 448000
1694840237358 0.7753088187426329 452000
1694840270854 0.7744538253794114 456000
1694840302826 0.768133720693489 460000
1694840335622 0.7042209545771281 464000
1694840366358 0.7438944911584258 468000
1694840399577 0.8065257360537846 472000
1694840430798 0.760669686148564 476000
1694840462894 0.7832039014125863 480000
1694840498098 0.7301245493193468 484000
1694840530211 0.7706502444421252 488000
1694840562035 0.8010559435312946 492000
1694840594131 0.7589296892285347 496000
1694840627543 0.7285576793675621 500000
1694840658715 0.7446920977284511 504000
1694840690252 0.7800185334558288 508000
1694840720788 0.7747469081232945 512000
1694840752402 0.7266053502758344 516000
1694840783679 0.7952511144181093 520000
1694840820776 0.784921818288664 524000
1694840856064 0.7900625115881363 528000
1694840885170 0.7342613836750388 532000
1694840912288 0.7006386067097385 536000
1694840940231 0.8120293956249952 540000
1694840966379 0.7743292563905319 544000
1694840993200 0.7008579998587569 548000
1694841019393 0.7539905180533727 552000
1694841046026 0.7183735617746909 556000
1694841073362 0.786821704544127 560000
1694841102053 0.713151995278895 564000
1694841128409 0.7911220042034983 568000
1694841154819 0.7743275712554654 572000
1694841181786 0.7712529207890232 576000
