1694836625584 0.006742091593696387 4000
1694836654278 0.008616291616150799 8000
1694836682433 0.01034315018102158 12000
1694836712297 0.007880709211167413 16000
1694836741883 0.008857657642753718 20000
1694836771490 0.008128133530772175 24000
1694836802317 0.007013105254857995 28000
1694836832730 0.007767889527167426 32000
1694836863508 0.007339011020546119 36000
1694836893378 0.007734484741498212 40000
1694836927408 0.008122938313802782 44000
1694836958659 0.015090308015351184 48000
1694836991005 0.008714522504487832 52000
1694837024069 0.008734079787245719 56000
1694837056331 0.009812246482518579 60000
1694837087307 0.008139702146339307 64000
1694837118879 0.012371528762984477 68000
1694837151030 0.009392428194890575 72000
1694837182758 0.007820587930594532 76000
1694837215777 0.011152376585717624 80000
1694837250723 0.016093650727028338 84000
1694837282968 0.010813457009013898 88000
1694837314782 0.011146892581988747 92000
1694837347214 0.018444022437324747 96000
1694837379321 0.012744856137578609 100000
1694837410799 0.013776104977538731 104000
1694837442918 0.013766532365601354 108000
1694837474577 0.009405313187744468 112000
1694837506393 0.01649218008678872 116000
1694837538775 0.01083187955179407 120000
1694837573565 0.02139461843277483 124000
1694837606064 0.011058417638074995 128000
1694837640051 0.014296217685356775 132000
1694837673010 0.01378500204057976 136000
1694837705291 0.01789984229884188 140000
1694837737548 0.012808152010741954 144000
1694837769435 0.013388450735995623 148000
1694837802173 0.014761478415554545 152000
1694837834223 0.01584021776652662 156000
1694837867724 0.01575619247426706 160000
1694837905679 0.01822433313500369 164000
1694837939201 0.016301745043407815 168000
1694837971514 0.012569909935215643 172000
1694838004957 0.024388567056060614 176000
1694838037106 0.016206048335394976 180000
1694838068282 0.019887461328471544 184000
1694838099644 0.024648773439306146 188000
1694838131052 0.02655854835077965 192000
1694838162405 0.02435518419370055 196000
1694838193075 0.025753562650061214 200000
1694838229036 0.01771816662173175 204000
1694838260310 0.02713579239352839 208000
1694838291173 0.02975679567171028 212000
1694838323111 0.02550443320942577 216000
1694838354686 0.025104210541273157 220000
1694838386094 0.024325340721892037 224000
1694838417237 0.027652572015843663 228000
1694838448062 0.025275228885584512 232000
1694838479975 0.02854812044921952 236000
1694838511995 0.022831939998529074 240000
1694838547547 0.0307970315470205 244000
1694838580014 0.029687840065162164 248000
1694838612008 0.02892261000476234 252000
1694838644149 0.03253331846790388 256000
1694838675498 0.030823881655427005 260000
1694838706846 0.030832354649707364 264000
1694838738625 0.026208509129355663 268000
1694838771446 0.0400150353651649 272000
1694838804307 0.036195530336893475 276000
1694838837731 0.02698467449420908 280000
1694838875339 0.027379299149712703 284000
1694838908357 0.025890953811661652 288000
1694838941252 0.03940067554164368 292000
1694838973831 0.03296271735744085 296000
1694839006886 0.0312708909768844 300000
1694839038652 0.027584322041851312 304000
1694839070390 0.041396148801626016 308000
1694839101786 0.037551689051906575 312000
1694839134797 0.03865809012495447 316000
1694839166825 0.02480536915002934 320000
1694839200823 0.04555673003972818 324000
1694839233416 0.03222343935049139 328000
1694839264916 0.03423129772224153 332000
1694839297281 0.037038157521359 336000
1694839328475 0.041176766112524396 340000
1694839359766 0.03748464226955548 344000
1694839389846 0.03676798867624408 348000
1694839420868 0.03246468321206824 352000
1694839452123 0.04001396403764375 356000
1694839483124 0.031895392676233314 360000
1694839516398 0.03863747116993181 364000
1694839548032 0.035352739873148194 368000
1694839579490 0.03365805479794896 372000
1694839611732 0.04558701299053306 376000
1694839642827 0.04125377501089436 380000
1694839674463 0.03946821789916915 384000
1694839706793 0.03756856902133829 388000
1694839739566 0.032805459116449734 392000
1694839771622 0.039765631251308754 396000
1694839804173 0.04029702180899524 400000
1694839840655 0.03879428915582442 404000
1694839873473 0.0371346651527953 408000
1694839906211 0.03652877342052913 412000
1694839938520 0.02928774566098582 416000
1694839971210 0.04051652452035341 420000
1694840003153 0.03005612160486635 424000
1694840035905 0.02853974023698053 428000
1694840067284 0.0270877184617954 432000
1694840099689 0.030253058457553075 436000
1694840133231 0.042206336962408386 440000
1694840170718 0.024669296868281284 444000
1694840205088 0.03059073896535362 448000
1694840237357 0.027323268611507957 452000
1694840270852 0.030903208045735178 456000
1694840302825 0.030918563850961315 460000
1694840335620 0.04169272217453302 464000
1694840366356 0.03134318755376929 468000
1694840399576 0.02000140325059571 472000
1694840430795 0.028667296289737958 476000
1694840462893 0.028695437086571473 480000
1694840498096 0.03552876332735953 484000
1694840530210 0.02638351177010918 488000
1694840562033 0.023275582592759747 492000
1694840594129 0.03412937529792544 496000
1694840627541 0.03535588294131837 500000
1694840658713 0.03130273416415245 504000
1694840690250 0.02664998279651627 508000
1694840720786 0.028802369121694937 512000
1694840752400 0.03524064551165793 516000
1694840783678 0.025019875393384912 520000
1694840820774 0.025217206909534676 524000
1694840856062 0.023500144113980544 528000
1694840885169 0.029540691964211874 532000
1694840912286 0.036788487071559454 536000
1694840940230 0.02084648191278878 540000
1694840966378 0.025216139863672046 544000
1694840993199 0.035549614755048725 548000
1694841019391 0.031391406989617586 552000
1694841046025 0.03560842066654004 556000
1694841073361 0.023099631552274028 560000
1694841102052 0.03600288740320442 564000
1694841128407 0.022714336943075373 568000
1694841154817 0.024542659306219624 572000
1694841181785 0.02643383130004319 576000
