1694836625307 0.978 4000
1694836654148 1.123 8000
1694836682277 1.357 12000
1694836712045 1.3639999999999999 16000
1694836741745 1.3639999999999999 20000
1694836771244 1.397 24000
1694836802156 1.397 28000
1694836832481 1.397 32000
1694836863355 1.403 36000
1694836893226 1.403 40000
1694836927247 1.403 44000
1694836958504 1.447 48000
1694836990840 1.447 52000
1694837023905 1.447 56000
1694837056177 1.447 60000
1694837087152 1.325 64000
1694837118715 1.435 68000
1694837150870 1.435 72000
1694837182587 1.435 76000
1694837215612 1.435 80000
1694837250439 1.403 84000
1694837282810 1.403 88000
1694837314605 1.392 92000
1694837347061 1.45 96000
1694837379167 1.45 100000
1694837410639 1.45 104000
1694837442758 1.4060000000000001 108000
1694837474418 1.3980000000000001 112000
1694837506228 1.3980000000000001 116000
1694837538623 1.3980000000000001 120000
1694837573404 1.407 124000
1694837605899 1.42 128000
1694837639867 1.451 132000
1694837672746 1.451 136000
1694837705137 1.459 140000
1694837737376 1.459 144000
1694837769276 1.459 148000
1694837802012 1.428 152000
1694837834057 1.478 156000
1694837867569 1.478 160000
1694837905507 1.431 164000
1694837938881 1.46 168000
1694837971216 1.46 172000
1694838004819 1.4609999999999999 176000
1694838036964 1.4689999999999999 180000
1694838068122 1.4689999999999999 184000
1694838099506 1.467 188000
1694838130877 1.455 192000
1694838162271 1.455 196000
1694838192931 1.4609999999999999 200000
1694838228879 1.4609999999999999 204000
1694838260172 1.47 208000
1694838291034 1.4409999999999998 212000
1694838322953 1.4649999999999999 216000
1694838354541 1.4649999999999999 220000
1694838385961 1.452 224000
1694838417097 1.4689999999999999 228000
1694838447919 1.4689999999999999 232000
1694838479835 1.456 236000
1694838511755 1.427 240000
1694838547389 1.472 244000
1694838579879 1.479 248000
1694838611867 1.47 252000
1694838644013 1.462 256000
1694838675360 1.458 260000
1694838706661 1.429 264000
1694838738481 1.432 268000
1694838771307 1.46 272000
1694838804155 1.464 276000
1694838837584 1.451 280000
1694838875183 1.467 284000
1694838908210 1.4729999999999999 288000
1694838941097 1.479 292000
1694838973678 1.4729999999999999 296000
1694839006740 1.4609999999999999 300000
1694839038487 1.464 304000
1694839070248 1.462 308000
1694839101644 1.467 312000
1694839134651 1.466 316000
1694839166685 1.466 320000
1694839200682 1.474 324000
1694839233175 1.4609999999999999 328000
1694839264775 1.4729999999999999 332000
1694839297139 1.448 336000
1694839328331 1.463 340000
1694839359631 1.466 344000
1694839389721 1.4609999999999999 348000
1694839420699 1.47 352000
1694839451977 1.467 356000
1694839482968 1.464 360000
1694839516200 1.479 364000
1694839547887 1.46 368000
1694839579349 1.472 372000
1694839611596 1.463 376000
1694839642684 1.476 380000
1694839674313 1.476 384000
1694839706656 1.476 388000
1694839739417 1.466 392000
1694839771342 1.458 396000
1694839804039 1.4689999999999999 400000
1694839840494 1.476 404000
1694839873337 1.4729999999999999 408000
1694839906063 1.464 412000
1694839938360 1.475 416000
1694839971052 1.4609999999999999 420000
1694840003011 1.4729999999999999 424000
1694840035753 1.479 428000
1694840067139 1.475 432000
1694840099520 1.47 436000
1694840132933 1.4609999999999999 440000
1694840170572 1.4649999999999999 444000
1694840204943 1.47 448000
1694840237215 1.4809999999999999 452000
1694840270688 1.467 456000
1694840302693 1.479 460000
1694840335473 1.478 464000
1694840366215 1.4729999999999999 468000
1694840399442 1.4729999999999999 472000
1694840430557 1.472 476000
1694840462739 1.47 480000
1694840497946 1.479 484000
1694840530068 1.4729999999999999 488000
1694840561891 1.4609999999999999 492000
1694840593973 1.4689999999999999 496000
1694840627398 1.479 500000
1694840658564 1.479 504000
1694840690111 1.47 508000
1694840720648 1.467 512000
1694840752255 1.464 516000
1694840783531 1.4609999999999999 520000
1694840820626 1.472 524000
1694840855929 1.4609999999999999 528000
1694840885050 1.4609999999999999 532000
1694840912049 1.476 536000
1694840940108 1.4689999999999999 540000
1694840966248 1.475 544000
1694840993076 1.475 548000
1694841019271 1.476 552000
1694841045899 1.479 556000
1694841073236 1.476 560000
1694841101923 1.475 564000
1694841128258 1.4729999999999999 568000
1694841154701 1.472 572000
1694841181632 1.4609999999999999 576000
