1694836625304 0.651 4000
1694836654146 1.084 8000
1694836682276 1.384 12000
1694836712044 1.384 16000
1694836741744 1.384 20000
1694836771243 1.384 24000
1694836802154 1.362 28000
1694836832480 1.38 32000
1694836863353 1.38 36000
1694836893223 1.38 40000
1694836927246 1.38 44000
1694836958503 1.434 48000
1694836990838 1.434 52000
1694837023904 1.434 56000
1694837056176 1.4140000000000001 60000
1694837087151 1.4140000000000001 64000
1694837118714 1.4140000000000001 68000
1694837150868 1.369 72000
1694837182586 1.4609999999999999 76000
1694837215611 1.4609999999999999 80000
1694837250437 1.4609999999999999 84000
1694837282809 1.444 88000
1694837314603 1.444 92000
1694837347060 1.444 96000
1694837379166 1.459 100000
1694837410638 1.459 104000
1694837442756 1.459 108000
1694837474417 1.4569999999999999 112000
1694837506226 1.464 116000
1694837538622 1.464 120000
1694837573401 1.464 124000
1694837605897 1.447 128000
1694837639865 1.447 132000
1694837672745 1.439 136000
1694837705135 1.439 140000
1694837737373 1.464 144000
1694837769275 1.464 148000
1694837802008 1.45 152000
1694837834054 1.45 156000
1694837867568 1.4449999999999998 160000
1694837905505 1.468 164000
1694837938880 1.468 168000
1694837971213 1.463 172000
1694838004818 1.4609999999999999 176000
1694838036963 1.4609999999999999 180000
1694838068121 1.455 184000
1694838099505 1.454 188000
1694838130876 1.467 192000
1694838162269 1.47 196000
1694838192929 1.47 200000
1694838228878 1.446 204000
1694838260171 1.4729999999999999 208000
1694838291033 1.466 212000
1694838322951 1.466 216000
1694838354540 1.458 220000
1694838385960 1.458 224000
1694838417095 1.46 228000
1694838447918 1.451 232000
1694838479834 1.458 236000
1694838511753 1.464 240000
1694838547388 1.467 244000
1694838579877 1.464 248000
1694838611866 1.459 252000
1694838644011 1.452 256000
1694838675359 1.4689999999999999 260000
1694838706659 1.4689999999999999 264000
1694838738479 1.47 268000
1694838771305 1.466 272000
1694838804152 1.478 276000
1694838837582 1.478 280000
1694838875180 1.452 284000
1694838908209 1.4569999999999999 288000
1694838941095 1.476 292000
1694838973677 1.479 296000
1694839006739 1.463 300000
1694839038485 1.4609999999999999 304000
1694839070247 1.479 308000
1694839101643 1.47 312000
1694839134650 1.476 316000
1694839166684 1.47 320000
1694839200681 1.476 324000
1694839233173 1.4609999999999999 328000
1694839264774 1.476 332000
1694839297137 1.47 336000
1694839328329 1.4729999999999999 340000
1694839359630 1.4729999999999999 344000
1694839389719 1.476 348000
1694839420697 1.47 352000
1694839451976 1.476 356000
1694839482966 1.4729999999999999 360000
1694839516199 1.476 364000
1694839547886 1.476 368000
1694839579348 1.4729999999999999 372000
1694839611595 1.476 376000
1694839642683 1.475 380000
1694839674311 1.467 384000
1694839706654 1.4689999999999999 388000
1694839739415 1.463 392000
1694839771340 1.479 396000
1694839804038 1.47 400000
1694839840492 1.4729999999999999 404000
1694839873336 1.47 408000
1694839906062 1.47 412000
1694839938359 1.4729999999999999 416000
1694839971051 1.4729999999999999 420000
1694840003010 1.47 424000
1694840035752 1.479 428000
1694840067138 1.466 432000
1694840099519 1.467 436000
1694840132931 1.479 440000
1694840170570 1.47 444000
1694840204941 1.479 448000
1694840237214 1.4729999999999999 452000
1694840270686 1.4689999999999999 456000
1694840302692 1.47 460000
1694840335471 1.4729999999999999 464000
1694840366214 1.467 468000
1694840399441 1.47 472000
1694840430555 1.4729999999999999 476000
1694840462737 1.476 480000
1694840497945 1.482 484000
1694840530067 1.476 488000
1694840561890 1.47 492000
1694840593971 1.479 496000
1694840627397 1.4729999999999999 500000
1694840658562 1.476 504000
1694840690109 1.476 508000
1694840720647 1.476 512000
1694840752254 1.476 516000
1694840783529 1.479 520000
1694840820624 1.4609999999999999 524000
1694840855928 1.47 528000
1694840885049 1.4729999999999999 532000
1694840912047 1.4729999999999999 536000
1694840940107 1.479 540000
1694840966247 1.476 544000
1694840993075 1.479 548000
1694841019270 1.4729999999999999 552000
1694841045898 1.482 556000
1694841073234 1.478 560000
1694841101922 1.479 564000
1694841128256 1.482 568000
1694841154700 1.476 572000
1694841181631 1.476 576000
