1694836625591 0.0 4000
1694836654286 0.0 8000
1694836682440 0.0 12000
1694836712308 0.0 16000
1694836741889 0.0 20000
1694836771497 0.0 24000
1694836802325 0.0 28000
1694836832737 0.0 32000
1694836863518 0.0 36000
1694836893389 0.0 40000
1694836927418 0.0 44000
1694836958668 0.0 48000
1694836991011 0.0 52000
1694837024079 0.0 56000
1694837056342 0.0 60000
1694837087313 0.0 64000
1694837118890 0.0 68000
1694837151037 0.0 72000
1694837182765 0.0 76000
1694837215784 0.0 80000
1694837250731 0.0 84000
1694837282979 0.0 88000
1694837314790 0.0 92000
1694837347220 0.0 96000
1694837379327 0.0 100000
1694837410809 0.0 104000
1694837442924 0.0 108000
1694837474585 0.0 112000
1694837506403 0.0 116000
1694837538786 0.0 120000
1694837573572 0.0 124000
1694837606070 0.0 128000
1694837640062 0.0 132000
1694837673036 0.0 136000
1694837705301 0.0 140000
1694837737560 0.0 144000
1694837769444 0.0 148000
1694837802179 0.0 152000
1694837834229 0.0 156000
1694837867731 0.0 160000
1694837905687 0.0 164000
1694837939212 0.0 168000
1694837971538 0.0 172000
1694838004964 0.0 176000
1694838037112 0.0 180000
1694838068288 0.0 184000
1694838099655 0.0 188000
1694838131062 0.0 192000
1694838162414 0.0 196000
1694838193080 0.0 200000
1694838229042 0.0 204000
1694838260318 0.0 208000
1694838291179 0.0 212000
1694838323120 0.0 216000
1694838354691 0.0 220000
1694838386100 0.0 224000
1694838417243 0.0 228000
1694838448071 0.0 232000
1694838479981 0.0 236000
1694838512003 0.0 240000
1694838547554 0.0 244000
1694838580021 0.0 248000
1694838612015 0.0 252000
1694838644156 0.0 256000
1694838675508 0.0 260000
1694838706854 0.0 264000
1694838738635 0.0 268000
1694838771452 0.0 272000
1694838804318 0.0 276000
1694838837738 0.0 280000
1694838875346 0.0 284000
1694838908364 0.0 288000
1694838941262 0.0 292000
1694838973840 0.0 296000
1694839006892 0.0 300000
1694839038662 0.0 304000
1694839070397 0.0 308000
1694839101792 0.0 312000
1694839134803 0.0 316000
1694839166833 0.0 320000
1694839200836 0.0 324000
1694839233424 0.0 328000
1694839264923 0.0 332000
1694839297287 0.0 336000
1694839328481 0.0 340000
1694839359773 0.0 344000
1694839389852 0.0 348000
1694839420877 0.0 352000
1694839452129 0.0 356000
1694839483132 0.0 360000
1694839516404 0.0 364000
1694839548039 0.0 368000
1694839579496 0.0 372000
1694839611738 0.0 376000
1694839642835 0.0 380000
1694839674474 0.0 384000
1694839706799 0.0 388000
1694839739572 0.0 392000
1694839771630 0.0 396000
1694839804181 0.0 400000
1694839840662 0.0 404000
1694839873481 0.0 408000
1694839906218 0.0 412000
1694839938528 0.0 416000
1694839971217 0.0 420000
1694840003159 0.0 424000
1694840035911 0.0 428000
1694840067295 0.0 432000
1694840099699 0.0 436000
1694840133240 0.0 440000
1694840170724 0.0 444000
1694840205095 0.0 448000
1694840237362 0.0 452000
1694840270859 0.0 456000
1694840302832 0.0 460000
1694840335627 0.0 464000
1694840366363 0.0 468000
1694840399583 0.0 472000
1694840430807 0.0 476000
1694840462902 0.0 480000
1694840498103 0.0 484000
1694840530216 0.0 488000
1694840562045 0.0 492000
1694840594139 0.0 496000
1694840627548 0.0 500000
1694840658719 0.0 504000
1694840690260 0.0 508000
1694840720795 0.0 512000
1694840752409 0.0 516000
1694840783683 0.0 520000
1694840820781 0.0 524000
1694840856071 0.0 528000
1694840885175 0.0 532000
1694840912293 0.0 536000
1694840940235 0.0 540000
1694840966384 0.0 544000
1694840993205 0.0 548000
1694841019399 0.0 552000
1694841046030 0.0 556000
1694841073367 0.0 560000
1694841102060 0.0 564000
1694841128416 0.0 568000
1694841154823 0.0 572000
1694841181794 0.0 576000
