1694836625596 0.0010000000000000005 4000
1694836654292 0.0010000000000000005 8000
1694836682447 0.0010000000000000005 12000
1694836712314 0.0010000000000000005 16000
1694836741895 0.0010000000000000005 20000
1694836771501 0.0010000000000000005 24000
1694836802328 0.0010000000000000005 28000
1694836832744 0.0010000000000000005 32000
1694836863523 0.0010000000000000005 36000
1694836893394 0.0010000000000000005 40000
1694836927424 0.0010000000000000005 44000
1694836958675 0.0010000000000000005 48000
1694836991018 0.0010000000000000005 52000
1694837024086 0.0010000000000000005 56000
1694837056348 0.0010000000000000005 60000
1694837087316 0.0010000000000000005 64000
1694837118897 0.0010000000000000005 68000
1694837151044 0.0010000000000000005 72000
1694837182770 0.0010000000000000005 76000
1694837215791 0.0010000000000000005 80000
1694837250736 0.0010000000000000005 84000
1694837282984 0.0010000000000000005 88000
1694837314797 0.0010000000000000005 92000
1694837347224 0.0010000000000000005 96000
1694837379331 0.0010000000000000005 100000
1694837410812 0.0010000000000000005 104000
1694837442928 0.0010000000000000005 108000
1694837474591 0.0010000000000000005 112000
1694837506409 0.0010000000000000005 116000
1694837538792 0.0010000000000000005 120000
1694837573575 0.0010000000000000005 124000
1694837606074 0.0010000000000000005 128000
1694837640067 0.0010000000000000005 132000
1694837673041 0.0010000000000000005 136000
1694837705307 0.0010000000000000005 140000
1694837737565 0.0010000000000000005 144000
1694837769449 0.0010000000000000005 148000
1694837802183 0.0010000000000000005 152000
1694837834232 0.0010000000000000005 156000
1694837867735 0.0010000000000000005 160000
1694837905694 0.0010000000000000005 164000
1694837939219 0.0010000000000000005 168000
1694837971543 0.0010000000000000005 172000
1694838004967 0.0010000000000000005 176000
1694838037116 0.0010000000000000005 180000
1694838068292 0.0010000000000000005 184000
1694838099660 0.0010000000000000005 188000
1694838131066 0.0010000000000000005 192000
1694838162418 0.0010000000000000005 196000
1694838193084 0.0010000000000000005 200000
1694838229046 0.0010000000000000005 204000
1694838260321 0.0010000000000000005 208000
1694838291204 0.0010000000000000005 212000
1694838323125 0.0010000000000000005 216000
1694838354695 0.0010000000000000005 220000
1694838386106 0.0010000000000000005 224000
1694838417246 0.0010000000000000005 228000
1694838448076 0.0010000000000000005 232000
1694838479985 0.0010000000000000005 236000
1694838512008 0.0010000000000000005 240000
1694838547558 0.0010000000000000005 244000
1694838580025 0.0010000000000000005 248000
1694838612019 0.0010000000000000005 252000
1694838644159 0.0010000000000000005 256000
1694838675512 0.0010000000000000005 260000
1694838706857 0.0010000000000000005 264000
1694838738638 0.0010000000000000005 268000
1694838771456 0.0010000000000000005 272000
1694838804323 0.0010000000000000005 276000
1694838837742 0.0010000000000000005 280000
1694838875350 0.0010000000000000005 284000
1694838908368 0.0010000000000000005 288000
1694838941269 0.0010000000000000005 292000
1694838973844 0.0010000000000000005 296000
1694839006896 0.0010000000000000005 300000
1694839038668 0.0010000000000000005 304000
1694839070400 0.0010000000000000005 308000
1694839101796 0.0010000000000000005 312000
1694839134807 0.0010000000000000005 316000
1694839166837 0.0010000000000000005 320000
1694839200841 0.0010000000000000005 324000
1694839233428 0.0010000000000000005 328000
1694839264926 0.0010000000000000005 332000
1694839297291 0.0010000000000000005 336000
1694839328484 0.0010000000000000005 340000
1694839359777 0.0010000000000000005 344000
1694839389856 0.0010000000000000005 348000
1694839420884 0.0010000000000000005 352000
1694839452133 0.0010000000000000005 356000
1694839483139 0.0010000000000000005 360000
1694839516408 0.0010000000000000005 364000
1694839548044 0.0010000000000000005 368000
1694839579500 0.0010000000000000005 372000
1694839611742 0.0010000000000000005 376000
1694839642839 0.0010000000000000005 380000
1694839674481 0.0010000000000000005 384000
1694839706803 0.0010000000000000005 388000
1694839739578 0.0010000000000000005 392000
1694839771635 0.0010000000000000005 396000
1694839804185 0.0010000000000000005 400000
1694839840666 0.0010000000000000005 404000
1694839873486 0.0010000000000000005 408000
1694839906221 0.0010000000000000005 412000
1694839938533 0.0010000000000000005 416000
1694839971220 0.0010000000000000005 420000
1694840003162 0.0010000000000000005 424000
1694840035915 0.0010000000000000005 428000
1694840067301 0.0010000000000000005 432000
1694840099703 0.0010000000000000005 436000
1694840133248 0.0010000000000000005 440000
1694840170728 0.0010000000000000005 444000
1694840205099 0.0010000000000000005 448000
1694840237366 0.0010000000000000005 452000
1694840270863 0.0010000000000000005 456000
1694840302836 0.0010000000000000005 460000
1694840335631 0.0010000000000000005 464000
1694840366367 0.0010000000000000005 468000
1694840399588 0.0010000000000000005 472000
1694840430829 0.0010000000000000005 476000
1694840462909 0.0010000000000000005 480000
1694840498107 0.0010000000000000005 484000
1694840530219 0.0010000000000000005 488000
1694840562049 0.0010000000000000005 492000
1694840594144 0.0010000000000000005 496000
1694840627552 0.0010000000000000005 500000
1694840658723 0.0010000000000000005 504000
1694840690264 0.0010000000000000005 508000
1694840720799 0.0010000000000000005 512000
1694840752414 0.0010000000000000005 516000
1694840783687 0.0010000000000000005 520000
1694840820785 0.0010000000000000005 524000
1694840856075 0.0010000000000000005 528000
1694840885178 0.0010000000000000005 532000
1694840912297 0.0010000000000000005 536000
1694840940240 0.0010000000000000005 540000
1694840966387 0.0010000000000000005 544000
1694840993209 0.0010000000000000005 548000
1694841019403 0.0010000000000000005 552000
1694841046034 0.0010000000000000005 556000
1694841073370 0.0010000000000000005 560000
1694841102067 0.0010000000000000005 564000
1694841128421 0.0010000000000000005 568000
1694841154826 0.0010000000000000005 572000
1694841181799 0.0010000000000000005 576000
