1694836625594 0.20000000000000004 4000
1694836654290 0.29999999999999993 8000
1694836682445 0.4500000000000001 12000
1694836712312 0.6750000000000002 16000
1694836741893 1.0124999999999997 20000
1694836771500 1.0124999999999997 24000
1694836802327 1.0124999999999997 28000
1694836832741 1.5187500000000005 32000
1694836863522 1.5187500000000005 36000
1694836893393 1.5187500000000005 40000
1694836927422 1.5187500000000005 44000
1694836958673 1.5187500000000005 48000
1694836991016 1.5187500000000005 52000
1694837024084 1.5187500000000005 56000
1694837056347 1.5187500000000005 60000
1694837087315 1.5187500000000005 64000
1694837118894 1.5187500000000005 68000
1694837151042 1.5187500000000005 72000
1694837182768 1.5187500000000005 76000
1694837215788 1.5187500000000005 80000
1694837250734 1.5187500000000005 84000
1694837282983 1.5187500000000005 88000
1694837314794 1.5187500000000005 92000
1694837347223 1.5187500000000005 96000
1694837379330 1.5187500000000005 100000
1694837410811 1.5187500000000005 104000
1694837442927 1.5187500000000005 108000
1694837474589 1.5187500000000005 112000
1694837506408 1.5187500000000005 116000
1694837538790 1.5187500000000005 120000
1694837573574 1.5187500000000005 124000
1694837606072 1.5187500000000005 128000
1694837640065 1.5187500000000005 132000
1694837673039 1.5187500000000005 136000
1694837705305 1.5187500000000005 140000
1694837737564 1.5187500000000005 144000
1694837769448 1.5187500000000005 148000
1694837802182 1.5187500000000005 152000
1694837834231 1.5187500000000005 156000
1694837867734 1.5187500000000005 160000
1694837905692 1.5187500000000005 164000
1694837939217 1.5187500000000005 168000
1694837971541 1.5187500000000005 172000
1694838004966 1.5187500000000005 176000
1694838037114 1.5187500000000005 180000
1694838068291 1.5187500000000005 184000
1694838099659 1.5187500000000005 188000
1694838131064 1.5187500000000005 192000
1694838162416 1.5187500000000005 196000
1694838193083 1.5187500000000005 200000
1694838229044 1.5187500000000005 204000
1694838260320 1.5187500000000005 208000
1694838291202 1.5187500000000005 212000
1694838323123 2.2781249999999997 216000
1694838354694 2.2781249999999997 220000
1694838386104 2.2781249999999997 224000
1694838417245 2.2781249999999997 228000
1694838448074 2.2781249999999997 232000
1694838479984 2.2781249999999997 236000
1694838512006 2.2781249999999997 240000
1694838547557 2.2781249999999997 244000
1694838580024 2.2781249999999997 248000
1694838612018 2.2781249999999997 252000
1694838644158 2.2781249999999997 256000
1694838675511 2.2781249999999997 260000
1694838706856 2.2781249999999997 264000
1694838738637 2.2781249999999997 268000
1694838771454 2.2781249999999997 272000
1694838804322 2.2781249999999997 276000
1694838837741 2.2781249999999997 280000
1694838875348 2.2781249999999997 284000
1694838908366 2.2781249999999997 288000
1694838941267 2.2781249999999997 292000
1694838973842 2.2781249999999997 296000
1694839006895 2.2781249999999997 300000
1694839038666 2.2781249999999997 304000
1694839070399 2.2781249999999997 308000
1694839101795 2.2781249999999997 312000
1694839134806 2.2781249999999997 316000
1694839166836 2.2781249999999997 320000
1694839200839 2.2781249999999997 324000
1694839233427 2.2781249999999997 328000
1694839264925 2.2781249999999997 332000
1694839297290 2.2781249999999997 336000
1694839328483 2.2781249999999997 340000
1694839359776 2.2781249999999997 344000
1694839389854 2.2781249999999997 348000
1694839420881 2.2781249999999997 352000
1694839452132 2.2781249999999997 356000
1694839483136 2.2781249999999997 360000
1694839516407 2.2781249999999997 364000
1694839548043 2.2781249999999997 368000
1694839579498 2.2781249999999997 372000
1694839611740 2.2781249999999997 376000
1694839642838 2.2781249999999997 380000
1694839674479 2.2781249999999997 384000
1694839706802 2.2781249999999997 388000
1694839739576 2.2781249999999997 392000
1694839771633 2.2781249999999997 396000
1694839804183 2.2781249999999997 400000
1694839840665 2.2781249999999997 404000
1694839873484 2.2781249999999997 408000
1694839906220 2.2781249999999997 412000
1694839938532 2.2781249999999997 416000
1694839971219 2.2781249999999997 420000
1694840003161 2.2781249999999997 424000
1694840035914 2.2781249999999997 428000
1694840067299 2.2781249999999997 432000
1694840099701 2.2781249999999997 436000
1694840133245 2.2781249999999997 440000
1694840170727 2.2781249999999997 444000
1694840205098 2.2781249999999997 448000
1694840237365 2.2781249999999997 452000
1694840270862 2.2781249999999997 456000
1694840302835 2.2781249999999997 460000
1694840335629 2.2781249999999997 464000
1694840366365 2.2781249999999997 468000
1694840399587 2.2781249999999997 472000
1694840430827 2.2781249999999997 476000
1694840462907 2.2781249999999997 480000
1694840498106 2.2781249999999997 484000
1694840530218 2.2781249999999997 488000
1694840562047 2.2781249999999997 492000
1694840594143 2.2781249999999997 496000
1694840627551 2.2781249999999997 500000
1694840658722 2.2781249999999997 504000
1694840690262 2.2781249999999997 508000
1694840720798 2.2781249999999997 512000
1694840752412 2.2781249999999997 516000
1694840783686 2.2781249999999997 520000
1694840820784 2.2781249999999997 524000
1694840856073 2.2781249999999997 528000
1694840885177 2.2781249999999997 532000
1694840912296 2.2781249999999997 536000
1694840940238 2.2781249999999997 540000
1694840966386 2.2781249999999997 544000
1694840993207 2.2781249999999997 548000
1694841019402 2.2781249999999997 552000
1694841046033 2.2781249999999997 556000
1694841073369 2.2781249999999997 560000
1694841102065 2.2781249999999997 564000
1694841128419 2.2781249999999997 568000
1694841154825 2.2781249999999997 572000
1694841181798 2.2781249999999997 576000
