1694836625608 1.9258517810453972 4000
1694836654300 1.8865292315681776 8000
1694836682460 1.8599259191503128 12000
1694836712342 1.8376877004901568 16000
1694836741902 1.8416159087171158 20000
1694836771514 1.8237491056323052 24000
1694836802336 1.8127876125276088 28000
1694836832772 1.8169419543196759 32000
1694836863530 1.8141993470489979 36000
1694836893402 1.8097004598627489 40000
1694836927434 1.8136623083303371 44000
1694836958688 1.7966007374227047 48000
1694836991030 1.7905116315931082 52000
1694837024099 1.7814183274904887 56000
1694837056356 1.7831015850106875 60000
1694837087324 1.7925266169011593 64000
1694837118906 1.7816766052196422 68000
1694837151055 1.7929077543318273 72000
1694837182784 1.7906622679283222 76000
1694837215804 1.7822981362541517 80000
1694837250750 1.770438712462783 84000
1694837282996 1.7867245697726806 88000
1694837314808 1.787798195456465 92000
1694837347232 1.764092683295409 96000
1694837379343 1.764752804984649 100000
1694837410820 1.7688875178496042 104000
1694837442937 1.7606112107634544 108000
1694837474604 1.750540616735816 112000
1694837506418 1.762496587013205 116000
1694837538805 1.7591966286301612 120000
1694837573588 1.7348892079045375 124000
1694837606085 1.745125571017464 128000
1694837640075 1.7381936298062404 132000
1694837673051 1.7376548810551564 136000
1694837705318 1.741482444976767 140000
1694837737579 1.7366153339544932 144000
1694837769458 1.7413776862124601 148000
1694837802197 1.7264098313947518 152000
1694837834240 1.719532572478056 156000
1694837867748 1.7148825501402218 160000
1694837905710 1.6933943847815196 164000
1694837939228 1.701812118664384 168000
1694837971553 1.7092082782338063 172000
1694838004975 1.6910568966219823 176000
1694838037123 1.6819948377708593 180000
1694838068301 1.7013394021739563 184000
1694838099669 1.6693333509067694 188000
1694838131074 1.6464788808176916 192000
1694838162425 1.672019085412224 196000
1694838193091 1.6755068561683097 200000
1694838229054 1.6582249647627274 204000
1694838260329 1.6458338860422372 208000
1694838291211 1.6364065172771614 212000
1694838323133 1.67281926125288 216000
1694838354704 1.6651755473266046 220000
1694838386115 1.647606389845411 224000
1694838417255 1.6654188285271327 228000
1694838448084 1.6403339611987273 232000
1694838479992 1.6488173995167017 236000
1694838512019 1.6583649126191935 240000
1694838547570 1.613566981256008 244000
1694838580033 1.6005825440088908 248000
1694838612027 1.6020641735444465 252000
1694838644171 1.6184256441891194 256000
1694838675521 1.6088483300060035 260000
1694838706864 1.61913028669854 264000
1694838738646 1.6080640755593776 268000
1694838771463 1.5865727469325066 272000
1694838804331 1.611745892589291 276000
1694838837749 1.6308725573122502 280000
1694838875358 1.6429972605158885 284000
1694838908378 1.6186112405111392 288000
1694838941279 1.577461995060245 292000
1694838973852 1.6001707176367441 296000
1694839006904 1.6384416709343592 300000
1694839038679 1.609456163396438 304000
1694839070407 1.5901078864932061 308000
1694839101803 1.5725457760194936 312000
1694839134816 1.5617424013713996 316000
1694839166845 1.5833864890038967 320000
1694839200849 1.5764398301641147 324000
1694839233438 1.586412916208307 328000
1694839264934 1.569419237971306 332000
1694839297298 1.5575492362181345 336000
1694839328492 1.5208732668310403 340000
1694839359787 1.5652152082572381 344000
1694839389863 1.514018759628137 348000
1694839420895 1.544341336687406 352000
1694839452140 1.5331116086492935 356000
1694839483148 1.5824326569835345 360000
1694839516418 1.5088518114139637 364000
1694839548051 1.5171070648978153 368000
1694839579507 1.509884402776758 372000
1694839611749 1.4777292338510355 376000
1694839642847 1.4759973160922528 380000
1694839674494 1.4472621752570072 384000
1694839706810 1.4920245921860138 388000
1694839739587 1.4741736707588038 392000
1694839771664 1.4595534278700748 396000
1694839804193 1.4585732000569502 400000
1694839840674 1.4721222000817458 404000
1694839873496 1.4267978474497796 408000
1694839906232 1.4411873761564493 412000
1694839938543 1.4706183028717836 416000
1694839971229 1.4038301965842643 420000
1694840003170 1.4305778509626785 424000
1694840035927 1.3870565007130304 428000
1694840067310 1.4527894337972005 432000
1694840099710 1.417557748903831 436000
1694840133279 1.386545236284534 440000
1694840170736 1.500988556817174 444000
1694840205107 1.4089648760855198 448000
1694840237373 1.4005876764655114 452000
1694840270871 1.4192738637328148 456000
1694840302844 1.3844958903888862 460000
1694840335640 1.3188291703661283 464000
1694840366374 1.4021761571367581 468000
1694840399596 1.4910400131096442 472000
1694840430838 1.4364211179316044 476000
1694840462916 1.395082515478134 480000
1694840498115 1.333401291569074 484000
1694840530226 1.3803119659423828 488000
1694840562057 1.4134552932033937 492000
1694840594155 1.389211198190848 496000
1694840627560 1.290853003785014 500000
1694840658730 1.2984450299292802 504000
1694840690271 1.3639699891209602 508000
1694840720806 1.3011760619779429 512000
1694840752421 1.2493344642221929 516000
1694840783697 1.3875023336460193 520000
1694840820794 1.3125648835053048 524000
1694840856082 1.3519582877556482 528000
1694840885185 1.3241073861718178 532000
1694840912308 1.2335108559578658 536000
1694840940250 1.3778785345455011 540000
1694840966400 1.3961526160438855 544000
1694840993217 1.1912306954463323 548000
1694841019411 1.2418342236429454 552000
1694841046041 1.1772571428989371 556000
1694841073377 1.2533623211085796 560000
1694841102074 1.1747132167220116 564000
1694841128428 1.3167741746952137 568000
1694841154832 1.21426260980467 572000
1694841181808 1.1510754745453595 576000
