1694836625611 0.0010000000000000005 4000
1694836654301 0.0010000000000000005 8000
1694836682462 0.0010000000000000005 12000
1694836712343 0.0010000000000000005 16000
1694836741904 0.0010000000000000005 20000
1694836771516 0.0010000000000000005 24000
1694836802338 0.0010000000000000005 28000
1694836832773 0.0010000000000000005 32000
1694836863533 0.0010000000000000005 36000
1694836893403 0.0010000000000000005 40000
1694836927436 0.0010000000000000005 44000
1694836958691 0.0010000000000000005 48000
1694836991032 0.0010000000000000005 52000
1694837024101 0.0010000000000000005 56000
1694837056357 0.0010000000000000005 60000
1694837087326 0.0010000000000000005 64000
1694837118907 0.0010000000000000005 68000
1694837151056 0.0010000000000000005 72000
1694837182786 0.0010000000000000005 76000
1694837215805 0.0010000000000000005 80000
1694837250768 0.0010000000000000005 84000
1694837282998 0.0010000000000000005 88000
1694837314810 0.0010000000000000005 92000
1694837347233 0.0010000000000000005 96000
1694837379345 0.0010000000000000005 100000
1694837410821 0.0010000000000000005 104000
1694837442939 0.0010000000000000005 108000
1694837474606 0.0010000000000000005 112000
1694837506419 0.0010000000000000005 116000
1694837538808 0.0010000000000000005 120000
1694837573590 0.0010000000000000005 124000
1694837606086 0.0010000000000000005 128000
1694837640076 0.0010000000000000005 132000
1694837673054 0.0010000000000000005 136000
1694837705319 0.0010000000000000005 140000
1694837737581 0.0010000000000000005 144000
1694837769460 0.0010000000000000005 148000
1694837802199 0.0010000000000000005 152000
1694837834241 0.0010000000000000005 156000
1694837867749 0.0010000000000000005 160000
1694837905712 0.0010000000000000005 164000
1694837939229 0.0010000000000000005 168000
1694837971554 0.0010000000000000005 172000
1694838004976 0.0010000000000000005 176000
1694838037125 0.0010000000000000005 180000
1694838068303 0.0010000000000000005 184000
1694838099670 0.0010000000000000005 188000
1694838131075 0.0010000000000000005 192000
1694838162426 0.0010000000000000005 196000
1694838193092 0.0010000000000000005 200000
1694838229056 0.0010000000000000005 204000
1694838260330 0.0010000000000000005 208000
1694838291213 0.0010000000000000005 212000
1694838323134 0.0010000000000000005 216000
1694838354706 0.0010000000000000005 220000
1694838386117 0.0010000000000000005 224000
1694838417257 0.0010000000000000005 228000
1694838448085 0.0010000000000000005 232000
1694838479994 0.0010000000000000005 236000
1694838512021 0.0010000000000000005 240000
1694838547573 0.0010000000000000005 244000
1694838580034 0.0010000000000000005 248000
1694838612028 0.0010000000000000005 252000
1694838644173 0.0010000000000000005 256000
1694838675522 0.0010000000000000005 260000
1694838706865 0.0010000000000000005 264000
1694838738647 0.0010000000000000005 268000
1694838771465 0.0010000000000000005 272000
1694838804333 0.0010000000000000005 276000
1694838837751 0.0010000000000000005 280000
1694838875360 0.0010000000000000005 284000
1694838908380 0.0010000000000000005 288000
1694838941281 0.0010000000000000005 292000
1694838973854 0.0010000000000000005 296000
1694839006905 0.0010000000000000005 300000
1694839038682 0.0010000000000000005 304000
1694839070409 0.0010000000000000005 308000
1694839101804 0.0010000000000000005 312000
1694839134817 0.0010000000000000005 316000
1694839166846 0.0010000000000000005 320000
1694839200850 0.0010000000000000005 324000
1694839233456 0.0010000000000000005 328000
1694839264936 0.0010000000000000005 332000
1694839297300 0.0010000000000000005 336000
1694839328493 0.0010000000000000005 340000
1694839359788 0.0010000000000000005 344000
1694839389864 0.0010000000000000005 348000
1694839420896 0.0010000000000000005 352000
1694839452142 0.0010000000000000005 356000
1694839483149 0.0010000000000000005 360000
1694839516419 0.0010000000000000005 364000
1694839548052 0.0010000000000000005 368000
1694839579508 0.0010000000000000005 372000
1694839611751 0.0010000000000000005 376000
1694839642848 0.0010000000000000005 380000
1694839674496 0.0010000000000000005 384000
1694839706811 0.0010000000000000005 388000
1694839739588 0.0010000000000000005 392000
1694839771666 0.0010000000000000005 396000
1694839804194 0.0010000000000000005 400000
1694839840676 0.0010000000000000005 404000
1694839873497 0.0010000000000000005 408000
1694839906234 0.0010000000000000005 412000
1694839938545 0.0010000000000000005 416000
1694839971231 0.0010000000000000005 420000
1694840003171 0.0010000000000000005 424000
1694840035929 0.0010000000000000005 428000
1694840067311 0.0010000000000000005 432000
1694840099711 0.0010000000000000005 436000
1694840133281 0.0010000000000000005 440000
1694840170738 0.0010000000000000005 444000
1694840205108 0.0010000000000000005 448000
1694840237375 0.0010000000000000005 452000
1694840270873 0.0010000000000000005 456000
1694840302845 0.0010000000000000005 460000
1694840335642 0.0010000000000000005 464000
1694840366375 0.0010000000000000005 468000
1694840399598 0.0010000000000000005 472000
1694840430839 0.0010000000000000005 476000
1694840462917 0.0010000000000000005 480000
1694840498117 0.0010000000000000005 484000
1694840530228 0.0010000000000000005 488000
1694840562058 0.0010000000000000005 492000
1694840594157 0.0010000000000000005 496000
1694840627561 0.0010000000000000005 500000
1694840658731 0.0010000000000000005 504000
1694840690272 0.0010000000000000005 508000
1694840720807 0.0010000000000000005 512000
1694840752423 0.0010000000000000005 516000
1694840783698 0.0010000000000000005 520000
1694840820795 0.0010000000000000005 524000
1694840856083 0.0010000000000000005 528000
1694840885186 0.0010000000000000005 532000
1694840912310 0.0010000000000000005 536000
1694840940251 0.0010000000000000005 540000
1694840966402 0.0010000000000000005 544000
1694840993218 0.0010000000000000005 548000
1694841019413 0.0010000000000000005 552000
1694841046042 0.0010000000000000005 556000
1694841073378 0.0010000000000000005 560000
1694841102075 0.0010000000000000005 564000
1694841128429 0.0010000000000000005 568000
1694841154833 0.0010000000000000005 572000
1694841181810 0.0010000000000000005 576000
