1694836625593 0.21951876828679814 4000
1694836654289 0.3046647164970636 8000
1694836682442 0.3815937533508986 12000
1694836712310 0.43705847676222526 16000
1694836741891 0.4623726643466701 20000
1694836771498 0.47154682433853545 24000
1694836802326 0.5004580397314081 28000
1694836832739 0.4970889446015159 32000
1694836863520 0.4738134789125373 36000
1694836893391 0.4805495976780852 40000
1694836927420 0.4879029431380332 44000
1694836958671 0.49913000663121543 48000
1694836991013 0.5170453314358989 52000
1694837024081 0.5003757862374186 56000
1694837056345 0.5090468917352458 60000
1694837087314 0.5150802159681916 64000
1694837118892 0.5344168572065731 68000
1694837151039 0.5383161233738065 72000
1694837182766 0.5055312705536683 76000
1694837215786 0.49321918496862055 80000
1694837250733 0.5110102865534524 84000
1694837282981 0.5176529818214476 88000
1694837314792 0.5388033163733781 92000
1694837347221 0.5219590974971652 96000
1694837379328 0.5595744723764559 100000
1694837410810 0.5280586250126362 104000
1694837442925 0.5464066979164879 108000
1694837474587 0.5593182212052246 112000
1694837506406 0.5586301226789753 116000
1694837538788 0.5352859297767282 120000
1694837573573 0.5674485490657389 124000
1694837606071 0.5581291518174112 128000
1694837640064 0.5503752591088414 132000
1694837673038 0.567300118599087 136000
1694837705303 0.5468838328495622 140000
1694837737562 0.5460969901022812 144000
1694837769446 0.5490112934261561 148000
1694837802180 0.584045725936691 152000
1694837834230 0.5598312259962162 156000
1694837867732 0.5460543860370914 160000
1694837905689 0.5661375092342495 164000
1694837939215 0.5629548461486896 168000
1694837971540 0.5535109302960336 172000
1694838004965 0.5468137703525523 176000
1694838037113 0.5842386833392084 180000
1694838068290 0.5599813044071198 184000
1694838099657 0.6011353771512707 188000
1694838131063 0.5921366406604648 192000
1694838162415 0.6045172783235709 196000
1694838193081 0.5814751616989573 200000
1694838229043 0.58581678836296 204000
1694838260319 0.5709802504628897 208000
1694838291201 0.6220136199146509 212000
1694838323122 0.647098257423689 216000
1694838354693 0.6052474800186852 220000
1694838386102 0.6105375728880366 224000
1694838417244 0.6164598257901768 228000
1694838448073 0.6289696766684453 232000
1694838479982 0.6413665346180399 236000
1694838512005 0.6105219105258584 240000
1694838547555 0.6296689526488384 244000
1694838580022 0.625848422696193 248000
1694838612017 0.6381783400972684 252000
1694838644157 0.6336133523533741 256000
1694838675510 0.6262753865060707 260000
1694838706855 0.6479677368886769 264000
1694838738636 0.6078817240893841 268000
1694838771453 0.6224013143839936 272000
1694838804320 0.6362775840796531 276000
1694838837740 0.617222975101322 280000
1694838875347 0.61147617927442 284000
1694838908365 0.6094997111397485 288000
1694838941264 0.6091520978758732 292000
1694838973841 0.624312919874986 296000
1694839006893 0.6001969526521862 300000
1694839038664 0.6169743689397971 304000
1694839070398 0.6000230758761366 308000
1694839101793 0.6112460481002927 312000
1694839134804 0.6423764933521549 316000
1694839166835 0.6077847702428698 320000
1694839200838 0.6047244668627779 324000
1694839233426 0.6342680714403589 328000
1694839264924 0.6177137242630124 332000
1694839297289 0.5889629441003005 336000
1694839328482 0.6135839269806941 340000
1694839359774 0.6054488958170017 344000
1694839389853 0.6072814393478135 348000
1694839420879 0.5773506225086749 352000
1694839452131 0.6105168768204748 356000
1694839483134 0.5855361383408308 360000
1694839516405 0.5639853524354597 364000
1694839548041 0.5872548919791977 368000
1694839579497 0.5833986750803888 372000
1694839611739 0.5834949769700567 376000
1694839642836 0.5954088269422452 380000
1694839674476 0.5953062134174009 384000
1694839706800 0.6376729321666061 388000
1694839739574 0.5889486293308437 392000
1694839771632 0.6009753020169835 396000
1694839804182 0.6021482229543229 400000
1694839840664 0.570260026678443 404000
1694839873483 0.5786652742885053 408000
1694839906219 0.5947113975572089 412000
1694839938530 0.5624038716157277 416000
1694839971218 0.5717438348258536 420000
1694840003160 0.5641483992959062 424000
1694840035913 0.5630916236589353 428000
1694840067297 0.5408508885962268 432000
1694840099700 0.5545939558806519 436000
1694840133243 0.5539959169613818 440000
1694840170726 0.5095077593034755 444000
1694840205096 0.5295040100502472 448000
1694840237364 0.5229462742805481 452000
1694840270861 0.5167489807276676 456000
1694840302834 0.5042487509393444 460000
1694840335628 0.5380323446976641 464000
1694840366364 0.5089548231257747 468000
1694840399585 0.5194211557817956 472000
1694840430824 0.5051907600214084 476000
1694840462905 0.5015365341367821 480000
1694840498105 0.4824865981936455 484000
1694840530217 0.48733803289942446 488000
1694840562046 0.4785914399195462 492000
1694840594141 0.46484877038747074 496000
1694840627549 0.4912932960471759 500000
1694840658720 0.47528846994973717 504000
1694840690261 0.48301556557416914 508000
1694840720796 0.503050913165013 512000
1694840752411 0.4688123416621238 516000
1694840783684 0.46763376772093274 520000
1694840820782 0.47229504347778856 524000
1694840856072 0.4670198855611185 528000
1694840885176 0.47987231337465347 532000
1694840912295 0.4837040695051352 536000
1694840940236 0.44825534797273575 540000
1694840966385 0.4166496792497734 544000
1694840993206 0.4715899871351818 548000
1694841019401 0.438147266736875 552000
1694841046032 0.43074293692285814 556000
1694841073368 0.4034753693267703 560000
1694841102063 0.4613854145165533 564000
1694841128418 0.42482579989979663 568000
1694841154824 0.43225810358611244 572000
1694841181796 0.4775878745596856 576000
