1694836625605 0.020264817382391182 4000
1694836654298 0.03338018905872338 8000
1694836682458 0.029560167488029143 12000
1694836712340 0.02732687313530293 16000
1694836741901 0.01934704917929148 20000
1694836771511 0.01987750782779282 24000
1694836802334 0.021232674604478537 28000
1694836832770 0.014912834255966604 32000
1694836863529 0.014729388237969232 36000
1694836893401 0.01441619654058572 40000
1694836927432 0.014826818816180544 44000
1694836958686 0.015767260254755132 48000
1694836991028 0.016082898669163608 52000
1694837024098 0.016109157564872616 56000
1694837056355 0.01610773622158968 60000
1694837087323 0.015800269530685238 64000
1694837118904 0.01653497573470304 68000
1694837151053 0.016560285544267684 72000
1694837182781 0.015339915329330689 76000
1694837215802 0.0158660085874241 80000
1694837250747 0.016843790067948672 84000
1694837282993 0.01699429733964924 88000
1694837314807 0.0167867276167881 92000
1694837347230 0.01734508661847105 96000
1694837379341 0.01758466199259677 100000
1694837410818 0.017366715243905727 104000
1694837442934 0.017785000653330683 108000
1694837474602 0.017209065488619352 112000
1694837506416 0.016911821062955655 116000
1694837538803 0.016707652358567533 120000
1694837573586 0.01849809295914046 124000
1694837606082 0.016781998935107366 128000
1694837640073 0.017678099652918413 132000
1694837673049 0.016898176816791496 136000
1694837705317 0.016945360311168164 140000
1694837737577 0.01677193245979538 144000
1694837769456 0.016791952403082087 148000
1694837802195 0.017782491564494237 152000
1694837834238 0.019413895288039384 156000
1694837867746 0.017356454533133014 160000
1694837905707 0.017251780890349146 164000
1694837939226 0.01715295389163355 168000
1694837971551 0.01638210754336078 172000
1694838004974 0.0182384596367341 176000
1694838037122 0.018968200034323215 180000
1694838068299 0.017329788837502566 184000
1694838099667 0.018303228392778693 188000
1694838131073 0.018528716641213805 192000
1694838162424 0.018211618255451655 196000
1694838193090 0.01706025707506266 200000
1694838229052 0.017389444379425932 204000
1694838260327 0.016930686709633845 208000
1694838291210 0.020019404677079626 212000
1694838323132 0.013623176553954845 216000
1694838354702 0.013336370849773023 220000
1694838386114 0.012953801180716103 224000
1694838417253 0.012954200894068891 228000
1694838448082 0.012741732131981345 232000
1694838479991 0.013590231780069127 236000
1694838512017 0.012449234656297525 240000
1694838547568 0.013452563559955834 244000
1694838580032 0.014390947255498847 248000
1694838612026 0.014201844472010332 252000
1694838644169 0.013895855979463552 256000
1694838675519 0.013724718798845913 260000
1694838706863 0.014166037256048487 264000
1694838738645 0.013601246358422288 268000
1694838771462 0.012927620185534276 272000
1694838804330 0.01408763337432027 276000
1694838837748 0.012988347580431537 280000
1694838875357 0.0125481288960776 284000
1694838908376 0.013144351051948888 288000
1694838941278 0.013307640221863681 292000
1694838973850 0.013420869063353972 296000
1694839006902 0.013234314159065737 300000
1694839038677 0.013463135554245283 304000
1694839070406 0.013288684206005048 308000
1694839101802 0.013512839310813063 312000
1694839134814 0.013632165695332788 316000
1694839166843 0.01275156674608255 320000
1694839200847 0.01332508316916209 324000
1694839233436 0.013047619084828273 328000
1694839264933 0.012956849290723464 332000
1694839297297 0.012147918575797327 336000
1694839328491 0.012759890285768188 340000
1694839359785 0.013074572512258935 344000
1694839389861 0.013399778541717448 348000
1694839420894 0.011899244867538527 352000
1694839452139 0.012448621814295627 356000
1694839483147 0.011925975058764004 360000
1694839516417 0.012297200790628364 364000
1694839548050 0.01257277406792522 368000
1694839579505 0.012301654841668145 372000
1694839611748 0.012345428391907505 376000
1694839642845 0.012406061215436205 380000
1694839674492 0.01286322847166979 384000
1694839706809 0.012253741281846774 388000
1694839739586 0.012535922271100794 392000
1694839771647 0.01191983194015757 396000
1694839804191 0.012086069236132802 400000
1694839840673 0.01136982902401388 404000
1694839873494 0.011855620542648163 408000
1694839906229 0.012282617081678401 412000
1694839938542 0.010711336250973062 416000
1694839971227 0.011734277435641616 420000
1694840003168 0.011194056555205683 424000
1694840035924 0.011490702271940689 428000
1694840067308 0.010902726030063073 432000
1694840099709 0.011393501954147697 436000
1694840133276 0.011066296900510527 440000
1694840170735 0.010068920467419504 444000
1694840205106 0.01053532642271792 448000
1694840237372 0.011176879123774996 452000
1694840270870 0.010533888060850382 456000
1694840302842 0.010699751685008271 460000
1694840335638 0.010971468895779277 464000
1694840366372 0.009985175206207475 468000
1694840399595 0.00997979927691913 472000
1694840430837 0.009479146509429014 476000
1694840462915 0.01105887410059016 480000
1694840498114 0.008902072058697214 484000
1694840530225 0.009421735659094736 488000
1694840562056 0.009091867873110216 492000
1694840594153 0.008964958826454822 496000
1694840627559 0.010561257804566064 500000
1694840658729 0.00919189374948719 504000
1694840690270 0.009747740398546086 508000
1694840720805 0.011142661324481844 512000
1694840752420 0.00946701094756813 516000
1694840783695 0.009133720674359002 520000
1694840820792 0.008812563161448324 524000
1694840856081 0.00881519226767696 528000
1694840885184 0.010083440184636383 532000
1694840912305 0.01038233748120471 536000
1694840940248 0.008721775454527384 540000
1694840966398 0.008442101602283755 544000
1694840993215 0.009750771574872122 548000
1694841019410 0.008301055904956911 552000
1694841046040 0.008364560963366744 556000
1694841073376 0.008369694913584485 560000
1694841102073 0.009973914898478181 564000
1694841128427 0.007850502666831967 568000
1694841154831 0.008962457705422366 572000
1694841181806 0.00897934095599307 576000
