1694836625599 -0.05247522755914057 4000
1694836654295 -0.10084474981752768 8000
1694836682451 -0.10910067502845777 12000
1694836712335 -0.11116420916029407 16000
1694836741897 -0.0978625684879565 20000
1694836771504 -0.09782876714792413 24000
1694836802331 -0.10603948410231775 28000
1694836832749 -0.09744954802372377 32000
1694836863526 -0.09618237288183688 36000
1694836893397 -0.09117015040198263 40000
1694836927427 -0.10187832775118295 44000
1694836958679 -0.10258372648459044 48000
1694836991023 -0.1093528470567738 52000
1694837024091 -0.10646225415791075 56000
1694837056351 -0.11169018831036132 60000
1694837087319 -0.10663459334828077 64000
1694837118900 -0.10731938581593567 68000
1694837151049 -0.10709019038428474 72000
1694837182775 -0.09936060762023165 76000
1694837215796 -0.11299685017972176 80000
1694837250739 -0.11443565660301828 84000
1694837282987 -0.11809551091137109 88000
1694837314802 -0.11391753056329132 92000
1694837347226 -0.11840222199340739 96000
1694837379335 -0.11569417149439687 100000
1694837410815 -0.11944265641213861 104000
1694837442930 -0.11890846400056035 108000
1694837474595 -0.11465840982079195 112000
1694837506412 -0.11847815563814948 116000
1694837538797 -0.11371688493867017 120000
1694837573579 -0.12041312844133548 124000
1694837606076 -0.10906018846920536 128000
1694837640069 -0.11518148021811309 132000
1694837673044 -0.11211768797268935 136000
1694837705312 -0.11613346506783273 140000
1694837737570 -0.11211120616838646 144000
1694837769452 -0.11581932043579096 148000
1694837802187 -0.11867021508563387 152000
1694837834235 -0.11391721929685446 156000
1694837867740 -0.118207798510169 160000
1694837905699 -0.11832308273054272 164000
1694837939222 -0.11481111278941777 168000
1694837971546 -0.10674480120893956 172000
1694838004970 -0.12011399923503632 176000
1694838037118 -0.12233765613103363 180000
1694838068294 -0.12095597645578285 184000
1694838099663 -0.1156841325161319 188000
1694838131069 -0.11852505038683982 192000
1694838162420 -0.12103153315692908 196000
1694838193086 -0.11002041030127051 200000
1694838229048 -0.11240294809103943 204000
1694838260324 -0.11344990899815457 208000
1694838291206 -0.12458815855886012 212000
1694838323128 -0.11026796564692631 216000
1694838354698 -0.11373142180333767 220000
1694838386109 -0.1055850092379842 224000
1694838417249 -0.10750427421929393 228000
1694838448078 -0.10004853800977193 232000
1694838479987 -0.11300052209553542 236000
1694838512011 -0.10500667999585858 240000
1694838547561 -0.10902522440010216 244000
1694838580028 -0.11332901847345056 248000
1694838612022 -0.11318134945904604 252000
1694838644162 -0.11214921143061171 256000
1694838675515 -0.11540909986991513 260000
1694838706859 -0.1071016553369797 264000
1694838738641 -0.1142501352597416 268000
1694838771458 -0.11038917014739127 272000
1694838804326 -0.11494458789966303 276000
1694838837744 -0.10930829152299945 280000
1694838875353 -0.11035544637221999 284000
1694838908370 -0.10766709187155357 288000
1694838941273 -0.11160204269011349 292000
1694838973847 -0.10808632420666982 296000
1694839006899 -0.11171701224326777 300000
1694839038672 -0.10768257747695316 304000
1694839070403 -0.11222942246046538 308000
1694839101798 -0.1085656049088963 312000
1694839134810 -0.11147530281596119 316000
1694839166840 -0.10605414136152831 320000
1694839200844 -0.11080335987595996 324000
1694839233431 -0.10755567935896883 328000
1694839264929 -0.10843057226253829 332000
1694839297294 -0.10369442649825941 336000
1694839328487 -0.10677519001231607 340000
1694839359781 -0.10580947607619844 344000
1694839389858 -0.10721308404705875 348000
1694839420888 -0.10228200328080371 352000
1694839452136 -0.10192841897514882 356000
1694839483143 -0.09950172345803973 360000
1694839516411 -0.10866289023482144 364000
1694839548046 -0.10276760532481906 368000
1694839579502 -0.10056381920658168 372000
1694839611744 -0.10708316135569476 376000
1694839642842 -0.10006856867209232 380000
1694839674485 -0.1059188503830228 384000
1694839706805 -0.09653191476487942 388000
1694839739581 -0.10534317031075867 392000
1694839771640 -0.095782003478962 396000
1694839804187 -0.10303075876436196 400000
1694839840669 -0.09757638394852014 404000
1694839873490 -0.0964575343488832 408000
1694839906224 -0.10407632188289426 412000
1694839938536 -0.08712864341844882 416000
1694839971223 -0.09805926885746885 420000
1694840003165 -0.0904888774981373 424000
1694840035918 -0.09516854421817697 428000
1694840067304 -0.0919971183820356 432000
1694840099705 -0.09161916984885465 436000
1694840133270 -0.09175163304850381 440000
1694840170731 -0.08486477426364823 444000
1694840205102 -0.08441441910351083 448000
1694840237369 -0.0883658450045914 452000
1694840270866 -0.08936198033916298 456000
1694840302839 -0.09001461822723893 460000
1694840335633 -0.08710499035514659 464000
1694840366369 -0.08788173768892496 468000
1694840399591 -0.08571789753623307 472000
1694840430832 -0.07878559523038954 476000
1694840462911 -0.09240169715922093 480000
1694840498110 -0.0764628102100687 484000
1694840530222 -0.07965514796378556 488000
1694840562052 -0.07752886149731543 492000
1694840594147 -0.08262187151412945 496000
1694840627555 -0.08072415123848865 500000
1694840658725 -0.07535845085088416 504000
1694840690266 -0.08292372993358489 508000
1694840720802 -0.07656509464407767 512000
1694840752416 -0.0792108198608427 516000
1694840783689 -0.07950566927684122 520000
1694840820788 -0.07510989829073272 524000
1694840856077 -0.07236917731449163 528000
1694840885180 -0.07749662486457964 532000
1694840912300 -0.08356085921356377 536000
1694840940243 -0.07230538116855315 540000
1694840966391 -0.07837541154585778 544000
1694840993211 -0.07993360118562123 548000
1694841019405 -0.07118730110450996 552000
1694841046036 -0.07178989173941469 556000
1694841073373 -0.06503709038394542 560000
1694841102070 -0.07983597407195096 564000
1694841128423 -0.06753820054436802 568000
1694841154828 -0.07192233153570365 572000
1694841181802 -0.06160401578866489 576000
