1694836625597 -0.04743197501375107 4000
1694836654293 -0.08949482340928322 8000
1694836682449 -0.092894331367764 12000
1694836712332 -0.09016850112432924 16000
1694836741896 -0.07548708242441839 20000
1694836771503 -0.07480533195096845 24000
1694836802330 -0.08122747575107496 28000
1694836832746 -0.07275539643111793 32000
1694836863524 -0.07125071276968811 36000
1694836893396 -0.06744967020567856 40000
1694836927425 -0.07698170367645313 44000
1694836958677 -0.07299820986518171 48000
1694836991020 -0.0813438589539146 52000
1694837024089 -0.07772404875189144 56000
1694837056350 -0.08401809816423338 60000
1694837087318 -0.07873784270135123 64000
1694837118899 -0.07785514146962669 68000
1694837151047 -0.07901774239617225 72000
1694837182773 -0.07272205507276036 76000
1694837215794 -0.08407480025756134 80000
1694837250737 -0.08075132864954261 84000
1694837282986 -0.08762223665156246 88000
1694837314799 -0.08440347280314503 92000
1694837347225 -0.08377373717376031 96000
1694837379332 -0.08277548998618538 100000
1694837410814 -0.08629873127986988 104000
1694837442929 -0.08382036125597854 108000
1694837474593 -0.0833577333149151 112000
1694837506411 -0.08552344147077141 116000
1694837538795 -0.08187994311156217 120000
1694837573577 -0.08160404973896221 124000
1694837606075 -0.07632082099638259 128000
1694837640068 -0.08000305054495888 132000
1694837673043 -0.08037465100060218 136000
1694837705310 -0.08260187098555132 140000
1694837737568 -0.079253753524002 144000
1694837769451 -0.08272962832803993 148000
1694837802185 -0.08218651925805413 152000
1694837834234 -0.07549709183028123 156000
1694837867738 -0.08230371963679015 160000
1694837905697 -0.08113537820221002 164000
1694837939221 -0.07871511459816247 168000
1694837971545 -0.07287740408355603 172000
1694838004969 -0.0801480469769255 176000
1694838037117 -0.08340772902301978 180000
1694838068293 -0.08301878181437132 184000
1694838099662 -0.07356739591826529 188000
1694838131067 -0.07329629413870861 192000
1694838162419 -0.08137902045540008 196000
1694838193085 -0.07135696782085385 200000
1694838229047 -0.07387104365140355 204000
1694838260323 -0.07215533948716862 208000
1694838291205 -0.07741465128541071 212000
1694838323126 -0.06329272540121261 216000
1694838354697 -0.0698544128157664 220000
1694838386108 -0.06114906650230599 224000
1694838417248 -0.06583645934006199 228000
1694838448077 -0.058513819298968886 232000
1694838479986 -0.06730308661159749 236000
1694838512009 -0.06307972155627795 240000
1694838547560 -0.05890621436786508 244000
1694838580026 -0.06266737561575914 248000
1694838612021 -0.0626170043736541 252000
1694838644160 -0.06348135699639292 256000
1694838675514 -0.06619135949392027 260000
1694838706858 -0.05784157741776046 264000
1694838738640 -0.06731688498693984 268000
1694838771457 -0.0602403351503502 272000
1694838804325 -0.06595826232272278 276000
1694838837743 -0.06351180042644652 280000
1694838875351 -0.06590880649164318 284000
1694838908369 -0.06390652489693215 288000
1694838941271 -0.05971198972353401 292000
1694838973845 -0.05778187683220797 296000
1694839006897 -0.06558946330236116 300000
1694839038670 -0.058823893438966476 304000
1694839070401 -0.0632759752984081 308000
1694839101797 -0.05676727203147796 312000
1694839134808 -0.05942126756708603 316000
1694839166839 -0.06199441921198741 320000
1694839200842 -0.05970785869188452 324000
1694839233430 -0.06372102120270332 328000
1694839264928 -0.061601733781571966 332000
1694839297292 -0.05650040981903051 336000
1694839328486 -0.05846715682613043 340000
1694839359778 -0.05798295599767395 344000
1694839389857 -0.05727945902617648 348000
1694839420886 -0.060027099412400274 352000
1694839452134 -0.05479435791470071 356000
1694839483141 -0.056970146500195065 360000
1694839516409 -0.06240106904782199 364000
1694839548045 -0.056909238972972766 368000
1694839579501 -0.055798974181137356 372000
1694839611743 -0.0578700818567692 376000
1694839642840 -0.05210187563401026 380000
1694839674483 -0.05406785595502394 384000
1694839706804 -0.05052671726831856 388000
1694839739580 -0.06185567293335528 392000
1694839771638 -0.05105061814186532 396000
1694839804186 -0.05780071023812828 400000
1694839840668 -0.05200722394608116 404000
1694839873488 -0.050474995852952516 408000
1694839906223 -0.057392176950331004 412000
1694839938534 -0.05068081572050384 416000
1694839971222 -0.05028905160240053 420000
1694840003163 -0.05080298132088501 424000
1694840035916 -0.053898997933235174 428000
1694840067303 -0.05284267231230236 432000
1694840099704 -0.050780447252327575 436000
1694840133251 -0.047048824828137485 440000
1694840170730 -0.052854613100741216 444000
1694840205101 -0.047574380034347996 448000
1694840237367 -0.04914805253210943 452000
1694840270865 -0.047306614877985945 456000
1694840302837 -0.051973216196347496 460000
1694840335632 -0.04525047730906711 464000
1694840366368 -0.04953667765609377 468000
1694840399590 -0.05291734855660858 472000
1694840430830 -0.046040514219203035 476000
1694840462910 -0.05414548275390795 480000
1694840498109 -0.04093133976663618 484000
1694840530220 -0.04527386830789813 488000
1694840562050 -0.04630337913501232 492000
1694840594146 -0.04939933628823686 496000
1694840627553 -0.039888266297445324 500000
1694840658724 -0.04004408458955974 504000
1694840690265 -0.048941433271587204 508000
1694840720801 -0.037628241693406984 512000
1694840752415 -0.041889332487092666 516000
1694840783688 -0.0462757661647629 520000
1694840820786 -0.043309949519850004 524000
1694840856076 -0.04128726537940868 528000
1694840885179 -0.04195932846293241 532000
1694840912299 -0.043150109729322136 536000
1694840940241 -0.04340729418036062 540000
1694840966389 -0.04785834905924276 544000
1694840993210 -0.04006839231975998 548000
1694841019404 -0.036306384026344556 552000
1694841046035 -0.034226761022000576 556000
1694841073371 -0.0343902018328663 560000
1694841102069 -0.03757320272561628 564000
1694841128422 -0.036945730533625466 568000
1694841154827 -0.03725454087737792 572000
1694841181801 -0.026379380897075557 576000
