1694836625603 0.34943950598438583 4000
1694836654297 0.5500662152965864 8000
1694836682456 0.4560698893542091 12000
1694836712339 0.5631978491942088 16000
1694836741900 0.46230965908616783 20000
1694836771509 0.5288835487018029 24000
1694836802333 0.5504237967853745 28000
1694836832768 0.5396313309048613 32000
1694836863528 0.569540563163658 36000
1694836893400 0.5479359042520324 40000
1694836927430 0.5042078935851654 44000
1694836958684 0.5894793054709832 48000
1694836991027 0.5868725719551245 52000
1694837024096 0.6187504135072232 56000
1694837056354 0.5174372380599379 60000
1694837087321 0.585019180054466 64000
1694837118903 0.5753870333855351 68000
1694837151052 0.5409876846397916 72000
1694837182779 0.5577565165857474 76000
1694837215801 0.6135705964639783 80000
1694837250745 0.5731098294258118 84000
1694837282991 0.5943235231563448 88000
1694837314805 0.6439966077605883 92000
1694837347229 0.5934039465462168 96000
1694837379339 0.6069723231717944 100000
1694837410817 0.6247811297575633 104000
1694837442933 0.6162539867063364 108000
1694837474599 0.5733795511846741 112000
1694837506415 0.617403696787854 116000
1694837538801 0.5664064132298032 120000
1694837573584 0.5837571805963914 124000
1694837606080 0.5699170640980203 128000
1694837640072 0.6268532393500209 132000
1694837673047 0.6786038814112544 136000
1694837705315 0.6348817535986503 140000
1694837737575 0.5795499437178174 144000
1694837769454 0.6335832607621948 148000
1694837802192 0.600369845268627 152000
1694837834237 0.6095401904235284 156000
1694837867744 0.5967813728998105 160000
1694837905705 0.6509842503815889 164000
1694837939225 0.6136236408725381 168000
1694837971549 0.5983621479322513 172000
1694838004973 0.6160784907639026 176000
1694838037121 0.5835019841790199 180000
1694838068297 0.5938558643062909 184000
1694838099666 0.5368637854233385 188000
1694838131072 0.6022324611743292 192000
1694838162423 0.5693922075132529 196000
1694838193089 0.6134795016298692 200000
1694838229051 0.592741799975435 204000
1694838260326 0.5947171455870072 208000
1694838291209 0.6076089375962813 212000
1694838323130 0.5767357672875126 216000
1694838354700 0.5784441312154134 220000
1694838386112 0.5861903186887503 224000
1694838417251 0.6438914274796843 228000
1694838448081 0.6209579152986408 232000
1694838479990 0.6127888509382804 236000
1694838512014 0.5775642650822799 240000
1694838547565 0.6055287536854546 244000
1694838580030 0.6605184371893604 248000
1694838612025 0.6600238557284077 252000
1694838644166 0.5995706829552849 256000
1694838675518 0.6326120763396224 260000
1694838706862 0.5565619993954897 264000
1694838738644 0.6391394605860115 268000
1694838771460 0.5968344689657291 272000
1694838804329 0.6344038268551231 276000
1694838837747 0.625162793447574 280000
1694838875355 0.5769877598931392 284000
1694838908373 0.5996587604905168 288000
1694838941276 0.6247960903992256 292000
1694838973849 0.5663095271214843 296000
1694839006901 0.5737842136994005 300000
1694839038675 0.5616438870007793 304000
1694839070405 0.5945204163591067 308000
1694839101801 0.5756254098067681 312000
1694839134813 0.5599935001383225 316000
1694839166842 0.6210887905831138 320000
1694839200846 0.574960011181732 324000
1694839233434 0.6139162259797255 328000
1694839264932 0.5850588413576285 332000
1694839297296 0.545138851304849 336000
1694839328489 0.5731883140280842 340000
1694839359784 0.538527526644369 344000
1694839389860 0.5578921576961875 348000
1694839420892 0.6252121900518736 352000
1694839452138 0.5849560548861822 356000
1694839483145 0.558040707372129 360000
1694839516415 0.5825259668752552 364000
1694839548049 0.525328694904844 368000
1694839579504 0.6151612862323721 372000
1694839611747 0.5779717518016696 376000
1694839642844 0.5966407874599099 380000
1694839674490 0.5637742903083562 384000
1694839706807 0.5499372822542985 388000
1694839739585 0.6143473364412785 392000
1694839771645 0.5827234231556455 396000
1694839804190 0.5666690625871221 400000
1694839840672 0.5468667312835653 404000
1694839873493 0.5440982734784484 408000
1694839906227 0.5641390112539132 412000
1694839938540 0.6062307673816879 416000
1694839971225 0.529952350196739 420000
1694840003167 0.573845433567961 424000
1694840035922 0.5763031839082638 428000
1694840067307 0.5639433827251196 432000
1694840099708 0.5573856875300407 436000
1694840133274 0.5222559303045273 440000
1694840170734 0.5658275827765464 444000
1694840205104 0.5895533155029019 448000
1694840237371 0.6007385733847816 452000
1694840270869 0.5667889961972833 456000
1694840302841 0.6020244663581252 460000
1694840335636 0.5312946279222767 464000
1694840366371 0.5629779721299807 468000
1694840399594 0.5744538597762585 472000
1694840430835 0.597949935309589 476000
1694840462914 0.6097210733840863 480000
1694840498113 0.5946303655082981 484000
1694840530224 0.5826020390416186 488000
1694840562055 0.6366694239278634 492000
1694840594151 0.6006046302616597 496000
1694840627557 0.5886093095565835 500000
1694840658727 0.5940300256634752 504000
1694840690269 0.6491390954082211 508000
1694840720804 0.5952129634718101 512000
1694840752419 0.613590278228124 516000
1694840783693 0.5857280507062872 520000
1694840820791 0.6556780685360233 524000
1694840856079 0.670070224131147 528000
1694840885183 0.671363152253131 532000
1694840912303 0.6162627616897225 536000
1694840940246 0.6490142701814572 540000
1694840966395 0.651490168645978 544000
1694840993214 0.5904083613306284 548000
1694841019408 0.5776111784701546 552000
1694841046039 0.5977178571745754 556000
1694841073375 0.6551657736301422 560000
1694841102072 0.5880838251983126 564000
1694841128425 0.6038568257043759 568000
1694841154830 0.6539136217907071 572000
1694841181805 0.5975420612841844 576000
