1694836625600 0.005832281756799299 4000
1694836654296 0.0064447980794890706 8000
1694836682454 0.00952838820873391 12000
1694836712337 0.008775511514007425 16000
1694836741899 0.0092564276529932 20000
1694836771506 0.009442413920623949 24000
1694836802332 0.010253422606062183 28000
1694836832751 0.0077244543086029205 32000
1694836863527 0.008751204269962424 36000
1694836893398 0.0072711658129264835 40000
1694836927428 0.00838411166514561 44000
1694836958681 0.014871183585880014 48000
1694836991025 0.010747196729547189 52000
1694837024094 0.012107682649608856 56000
1694837056352 0.009983136585651664 60000
1694837087320 0.011385237042607818 64000
1694837118902 0.012266855205477137 68000
1694837151050 0.009428845685397392 72000
1694837182777 0.010263437407532668 76000
1694837215799 0.01321569548357123 80000
1694837250742 0.0197465210648564 84000
1694837282989 0.012899820742071218 88000
1694837314804 0.011614026847867838 92000
1694837347228 0.02009945611061994 96000
1694837379337 0.0159534614928513 100000
1694837410816 0.017074230083623358 104000
1694837442932 0.019675489491055485 108000
1694837474597 0.013829898495653954 112000
1694837506414 0.018064767268515424 116000
1694837538799 0.016442784642761884 120000
1694837573582 0.024899981886846945 124000
1694837606078 0.01799366666430918 128000
1694837640071 0.020136021051439457 132000
1694837673046 0.015633174553659045 136000
1694837705314 0.0190746244295345 140000
1694837737572 0.01824339248026566 144000
1694837769453 0.01865658694805461 148000
1694837802190 0.022405894215141112 152000
1694837834236 0.02130961540581969 156000
1694837867742 0.022517695344868117 160000
1694837905702 0.025359915209022196 164000
1694837939224 0.02349352550615246 168000
1694837971548 0.021392561492636256 172000
1694838004971 0.027914699454170962 176000
1694838037119 0.023607937229583816 180000
1694838068295 0.02663783497409895 184000
1694838099664 0.03197608581879952 188000
1694838131070 0.03746949456787358 192000
1694838162421 0.027331275240673372 196000
1694838193088 0.028857369614706842 200000
1694838229049 0.027559823469103625 204000
1694838260325 0.034453849298491455 208000
1694838291208 0.03681088678907448 212000
1694838323129 0.03522552095237188 216000
1694838354699 0.030320529987996756 220000
1694838386111 0.03314634287477626 224000
1694838417250 0.027643886299726243 228000
1694838448080 0.028295586547756102 232000
1694838479989 0.03277201098098885 236000
1694838512013 0.030448819990851916 240000
1694838547563 0.042171910280982654 244000
1694838580029 0.03895569814631017 248000
1694838612023 0.03962566199867676 252000
1694838644164 0.03725956585258246 256000
1694838675516 0.0391199258971028 260000
1694838706861 0.03721440695856775 264000
1694838738642 0.035111950270948 268000
1694838771459 0.0445693447458325 272000
1694838804327 0.037009362136207834 276000
1694838837746 0.03567656895611435 280000
1694838875354 0.035006860438443255 284000
1694838908371 0.030869404906601023 288000
1694838941275 0.04630209229459676 292000
1694838973848 0.04266040046544125 296000
1694839006900 0.03523313683302452 300000
1694839038673 0.039594869684272754 304000
1694839070404 0.04054054163279943 308000
1694839101800 0.04517388237873092 312000
1694839134812 0.04511999841585445 316000
1694839166841 0.03318689118217056 320000
1694839200845 0.04463146894122474 324000
1694839233433 0.031393926842914276 328000
1694839264930 0.0377618697695046 332000
1694839297295 0.042154176023905164 336000
1694839328488 0.04152055971208028 340000
1694839359782 0.03921244901624353 344000
1694839389859 0.04184254464829185 348000
1694839420890 0.033382555616359846 352000
1694839452137 0.0406153106916463 356000
1694839483144 0.03389029401587322 360000
1694839516414 0.039512223526253366 364000
1694839548047 0.03746624527557287 368000
1694839579503 0.036500042230666926 372000
1694839611746 0.04513275916979183 376000
1694839642843 0.042360263369240175 380000
1694839674488 0.04798842717815811 384000
1694839706806 0.03916333455417771 388000
1694839739583 0.03280654523502259 392000
1694839771643 0.03807214263069909 396000
1694839804189 0.038310089589989126 400000
1694839840670 0.04227877916321934 404000
1694839873492 0.04080150118485714 408000
1694839906225 0.04028798961468662 412000
1694839938538 0.027033364973613062 416000
1694839971224 0.04488379183070113 420000
1694840003166 0.03123002692203348 424000
1694840035920 0.03295869186113123 428000
1694840067306 0.03153892454429297 432000
1694840099706 0.032600917873787695 436000
1694840133272 0.041757891658926384 440000
1694840170732 0.02114577794369931 444000
1694840205103 0.028496427537174896 448000
1694840237370 0.030312101926150112 452000
1694840270868 0.03895425035637648 456000
1694840302840 0.03010105123394169 460000
1694840335634 0.0363579299650155 464000
1694840366370 0.0339995169750182 468000
1694840399593 0.023112716978842703 472000
1694840430834 0.02517364137553765 476000
1694840462912 0.028915597768112398 480000
1694840498111 0.033169677237553215 484000
1694840530223 0.02859540033969097 488000
1694840562053 0.023853050069495414 492000
1694840594149 0.02837689793717194 496000
1694840627556 0.03613374406607666 500000
1694840658726 0.031345055930432866 504000
1694840690267 0.026279390852626722 508000
1694840720803 0.02970730712113436 512000
1694840752417 0.03400757303849484 516000
1694840783691 0.027619294771769394 520000
1694840820789 0.026072786291479133 524000
1694840856078 0.0247035205582506 528000
1694840885181 0.02778013272230358 532000
1694840912301 0.03598399516389084 536000
1694840940245 0.020813342105733077 540000
1694840966393 0.025362102724708773 544000
1694840993212 0.03768592611692535 548000
1694841019407 0.034423815266927706 552000
1694841046037 0.039369744489279886 556000
1694841073374 0.025666079560566383 560000
1694841102071 0.04143131927315456 564000
1694841128424 0.028049634750641417 568000
1694841154829 0.030928908728916817 572000
1694841181804 0.03183929763132862 576000
