1694832172615 -1.035 4000
1694832209358 -1.035 8000
1694832246272 -1.035 12000
1694832282844 -1.035 16000
1694832317199 -1.035 20000
1694832348744 -1.026 24000
1694832378587 -1.026 28000
1694832408669 -1.026 32000
1694832440371 -1.026 36000
1694832471776 -1.026 40000
1694832507492 -1.026 44000
1694832536430 -1.025 48000
1694832564077 -1.022 52000
1694832596490 -1.049 56000
1694832625725 -1.049 60000
1694832654980 -1.049 64000
1694832683436 -1.049 68000
1694832713086 -1.049 72000
1694832741987 -1.027 76000
1694832770355 -1.027 80000
1694832799787 -1.029 84000
1694832829335 -1.029 88000
1694832858278 -1.029 92000
1694832887903 -1.039 96000
1694832916428 -1.039 100000
1694832946223 -1.039 104000
1694832974347 -1.039 108000
1694833003438 -1.039 112000
1694833032262 -1.038 116000
1694833061876 -1.038 120000
1694833091964 -1.049 124000
1694833121547 -1.049 128000
1694833150485 -1.049 132000
1694833180407 -1.052 136000
1694833209308 -1.052 140000
1694833239111 -1.052 144000
1694833267820 -1.052 148000
1694833296708 -1.038 152000
1694833325748 -1.038 156000
1694833355434 -1.038 160000
1694833389226 -1.039 164000
1694833420253 -1.039 168000
1694833449606 -1.039 172000
1694833480416 -1.039 176000
1694833509519 -1.039 180000
1694833538159 -1.033 184000
1694833568065 -1.033 188000
1694833603307 -1.029 192000
1694833632773 -1.03 196000
1694833662995 -1.03 200000
1694833692474 -1.03 204000
1694833718653 -1.03 208000
1694833743324 -1.029 212000
1694833767925 -1.029 216000
1694833792869 -1.067 220000
1694833816888 -1.067 224000
1694833841651 -1.067 228000
1694833865848 -1.067 232000
1694833890536 -1.047 236000
1694833914718 -1.045 240000
1694833939806 -1.044 244000
1694833964619 -1.033 248000
1694833988773 -1.0439999999999998 252000
1694834013816 -1.0439999999999998 256000
1694834038036 -1.0439999999999998 260000
1694834062026 -1.0439999999999998 264000
1694834086605 -1.041 268000
1694834110936 -1.063 272000
1694834135569 -1.063 276000
1694834159965 -1.063 280000
1694834186560 -1.063 284000
1694834219271 -1.042 288000
1694834252920 -1.042 292000
1694834285429 -1.042 296000
1694834317925 -1.039 300000
1694834347341 -1.032 304000
1694834376770 -1.032 308000
1694834412114 -1.033 312000
1694834450200 -1.036 316000
1694834485549 -1.036 320000
1694834524498 -1.041 324000
1694834560155 -1.041 328000
1694834603116 -1.0639999999999998 332000
1694834643903 -1.0639999999999998 336000
1694834688955 -1.0639999999999998 340000
1694834723309 -1.0639999999999998 344000
