1694832172614 -1.038 4000
1694832209355 -1.038 8000
1694832246270 -1.045 12000
1694832282842 -1.045 16000
1694832317198 -1.051 20000
1694832348742 -1.051 24000
1694832378585 -1.051 28000
1694832408667 -1.051 32000
1694832440369 -1.051 36000
1694832471773 -1.023 40000
1694832507491 -1.034 44000
1694832536429 -1.034 48000
1694832564074 -1.034 52000
1694832596488 -1.034 56000
1694832625722 -1.04 60000
1694832654979 -1.04 64000
1694832683434 -1.04 68000
1694832713085 -1.04 72000
1694832741986 -1.04 76000
1694832770353 -1.038 80000
1694832799785 -1.038 84000
1694832829333 -1.05 88000
1694832858276 -1.053 92000
1694832887902 -1.053 96000
1694832916427 -1.053 100000
1694832946222 -1.053 104000
1694832974346 -1.049 108000
1694833003435 -1.049 112000
1694833032261 -1.049 116000
1694833061875 -1.047 120000
1694833091962 -1.033 124000
1694833121546 -1.046 128000
1694833150483 -1.046 132000
1694833180406 -1.046 136000
1694833209307 -1.046 140000
1694833239110 -1.033 144000
1694833267819 -1.045 148000
1694833296706 -1.045 152000
1694833325746 -1.045 156000
1694833355433 -1.045 160000
1694833389224 -1.013 164000
1694833420251 -1.015 168000
1694833449605 -1.018 172000
1694833480414 -1.032 176000
1694833509518 -1.049 180000
1694833538157 -1.049 184000
1694833568063 -1.049 188000
1694833603306 -1.049 192000
1694833632771 -1.05 196000
1694833662993 -1.05 200000
1694833692473 -1.05 204000
1694833718651 -1.05 208000
1694833743322 -1.05 212000
1694833767923 -1.049 216000
1694833792867 -1.049 220000
1694833816886 -1.049 224000
1694833841650 -1.049 228000
1694833865847 -1.033 232000
1694833890534 -1.033 236000
1694833914717 -1.032 240000
1694833939805 -1.047 244000
1694833964618 -1.047 248000
1694833988772 -1.047 252000
1694834013815 -1.047 256000
1694834038035 -1.029 260000
1694834062025 -1.029 264000
1694834086604 -1.029 268000
1694834110934 -1.052 272000
1694834135568 -1.052 276000
1694834159964 -1.052 280000
1694834186559 -1.052 284000
1694834219269 -1.052 288000
1694834252918 -1.04 292000
1694834285427 -1.04 296000
1694834317924 -1.0439999999999998 300000
1694834347340 -1.0439999999999998 304000
1694834376769 -1.044 308000
1694834412113 -1.044 312000
1694834450198 -1.044 316000
1694834485548 -1.044 320000
1694834524496 -1.031 324000
1694834560153 -1.05 328000
1694834603115 -1.05 332000
1694834643901 -1.05 336000
1694834688952 -1.05 340000
1694834723308 -1.05 344000
