1694832173319 0.9 4000
1694832210162 0.9 8000
1694832246695 0.9 12000
1694832283334 0.9 16000
1694832317610 0.9 20000
1694832349105 0.9 24000
1694832378988 0.9 28000
1694832409062 0.9 32000
1694832440812 0.9 36000
1694832472223 0.9 40000
1694832507805 0.9 44000
1694832536755 0.9 48000
1694832564425 0.9 52000
1694832596814 0.9 56000
1694832626055 0.9 60000
1694832655288 0.9 64000
1694832683771 0.9 68000
1694832713396 0.9 72000
1694832742301 0.9 76000
1694832770688 0.9 80000
1694832800165 0.9 84000
1694832829663 0.9 88000
1694832858615 0.9 92000
1694832888236 0.9 96000
1694832916767 0.9 100000
1694832946544 0.9 104000
1694832974658 0.9 108000
1694833003754 0.9 112000
1694833032612 0.9 116000
1694833062217 0.9 120000
1694833092279 0.9 124000
1694833121867 0.9 128000
1694833150822 0.9 132000
1694833180729 0.9 136000
1694833209717 0.9 140000
1694833239436 0.9 144000
1694833268156 0.9 148000
1694833297020 0.9 152000
1694833326088 0.9 156000
1694833355770 0.9 160000
1694833389637 0.9 164000
1694833420580 0.9 168000
1694833449961 0.9 172000
1694833480772 0.9 176000
1694833509839 0.9 180000
1694833538481 0.9 184000
1694833568632 0.9 188000
1694833603710 0.9 192000
1694833633156 0.9 196000
1694833663339 0.9 200000
1694833692796 0.9 204000
1694833718950 0.9 208000
1694833743645 0.9 212000
1694833768246 0.9 216000
1694833793187 0.9 220000
1694833817200 0.9 224000
1694833841964 0.9 228000
1694833866165 0.9 232000
1694833891118 0.9 236000
1694833915020 0.9 240000
1694833940150 0.9 244000
1694833964901 0.9 248000
1694833989174 0.9 252000
1694834014105 0.9 256000
1694834038330 0.9 260000
1694834062332 0.9 264000
1694834086910 0.9 268000
1694834111225 0.9 272000
1694834135888 0.9 276000
1694834160277 0.9 280000
1694834186903 0.9 284000
1694834219622 0.9 288000
1694834253678 0.9 292000
1694834285764 0.9 296000
1694834318249 0.9 300000
1694834347675 0.9 304000
1694834377104 0.9 308000
1694834412843 0.9 312000
1694834450998 0.9 316000
1694834485918 0.9 320000
1694834524943 0.9 324000
1694834560655 0.9 328000
1694834603643 0.9 332000
1694834644311 0.9 336000
1694834689562 0.9 340000
1694834723630 0.9 344000
