1694836624886 0.0 4000
1694836653940 0.0 8000
1694836682037 0.0 12000
1694836711656 1.0 16000
1694836741518 1.0 20000
1694836770753 1.0 24000
1694836801906 1.0 28000
1694836832095 0.0 32000
1694836863116 1.0 36000
1694836892979 1.0 40000
1694836926995 1.0 44000
1694836958281 1.0 48000
1694836990546 0.0 52000
1694837023619 0.0 56000
1694837055934 0.0 60000
1694837086917 0.0 64000
1694837118449 0.0 68000
1694837150625 0.0 72000
1694837182344 1.0 76000
1694837215340 1.0 80000
1694837250030 1.0 84000
1694837282540 0.0 88000
1694837314323 0.0 92000
1694837346793 0.0 96000
1694837378890 0.0 100000
1694837410385 0.0 104000
1694837442495 0.0 108000
1694837474139 0.0 112000
1694837505981 0.0 116000
1694837538381 0.0 120000
1694837573136 1.0 124000
1694837605646 1.0 128000
1694837639583 1.0 132000
1694837672332 1.0 136000
1694837704883 1.0 140000
1694837737099 1.0 144000
1694837769019 1.0 148000
1694837801745 1.0 152000
1694837833793 1.0 156000
1694837867320 1.0 160000
1694837905246 1.0 164000
1694837938646 1.0 168000
1694837970845 1.0 172000
1694838004592 1.0 176000
1694838036745 1.0 180000
1694838067921 1.0 184000
1694838099292 1.0 188000
1694838130648 1.0 192000
1694838162063 1.0 196000
1694838192724 1.0 200000
1694838228643 1.0 204000
1694838259965 1.0 208000
1694838290773 1.0 212000
1694838322714 1.0 216000
1694838354322 1.0 220000
1694838385755 1.0 224000
1694838416874 1.0 228000
1694838447702 1.0 232000
1694838479624 1.0 236000
1694838511396 1.0 240000
1694838547149 1.0 244000
1694838579655 1.0 248000
1694838611668 1.0 252000
1694838643802 1.0 256000
1694838675157 1.0 260000
1694838706430 1.0 264000
1694838738283 1.0 268000
1694838771083 1.0 272000
1694838803912 1.0 276000
1694838837309 1.0 280000
1694838874913 1.0 284000
1694838907926 1.0 288000
1694838940880 1.0 292000
1694838973461 1.0 296000
1694839006523 1.0 300000
1694839038257 1.0 304000
1694839070030 1.0 308000
1694839101428 1.0 312000
1694839134439 1.0 316000
1694839166481 1.0 320000
1694839200461 1.0 324000
1694839232713 1.0 328000
1694839264562 1.0 332000
1694839296925 1.0 336000
1694839328085 1.0 340000
1694839359438 1.0 344000
1694839389511 1.0 348000
1694839420482 1.0 352000
1694839451762 1.0 356000
1694839482744 1.0 360000
1694839515982 1.0 364000
1694839547681 1.0 368000
1694839579141 1.0 372000
1694839611391 1.0 376000
1694839642477 1.0 380000
1694839674095 1.0 384000
1694839706443 1.0 388000
1694839739194 1.0 392000
1694839770974 1.0 396000
1694839803819 1.0 400000
1694839840250 1.0 404000
1694839873143 1.0 408000
1694839905842 1.0 412000
1694839938120 1.0 416000
1694839970835 1.0 420000
1694840002801 1.0 424000
1694840035529 1.0 428000
1694840066923 1.0 432000
1694840099303 1.0 436000
1694840132536 1.0 440000
1694840170329 1.0 444000
1694840204730 1.0 448000
1694840236999 1.0 452000
1694840270451 1.0 456000
1694840302480 1.0 460000
1694840335249 1.0 464000
1694840366005 1.0 468000
1694840399231 1.0 472000
1694840430194 1.0 476000
1694840462498 1.0 480000
1694840497709 1.0 484000
1694840529829 1.0 488000
1694840561679 1.0 492000
1694840593710 1.0 496000
1694840627186 1.0 500000
1694840658348 1.0 504000
1694840689901 1.0 508000
1694840720441 1.0 512000
1694840752057 1.0 516000
1694840783316 1.0 520000
1694840820384 1.0 524000
1694840855705 1.0 528000
1694840884850 1.0 532000
1694840911662 1.0 536000
1694840939894 1.0 540000
1694840966038 1.0 544000
1694840992891 1.0 548000
1694841019062 1.0 552000
1694841045696 1.0 556000
1694841073014 1.0 560000
1694841101712 1.0 564000
1694841128014 1.0 568000
1694841154505 1.0 572000
1694841181292 1.0 576000
