1694836624884 0.0 4000
1694836653938 0.0 8000
1694836682036 0.0 12000
1694836711654 0.0 16000
1694836741517 0.0 20000
1694836770751 0.0 24000
1694836801904 0.0 28000
1694836832093 0.0 32000
1694836863115 0.0 36000
1694836892978 0.0 40000
1694836926994 0.0 44000
1694836958280 0.0 48000
1694836990545 0.0 52000
1694837023618 0.0 56000
1694837055932 0.0 60000
1694837086916 0.0 64000
1694837118448 0.0 68000
1694837150624 0.0 72000
1694837182342 0.0 76000
1694837215338 0.0 80000
1694837250028 0.0 84000
1694837282539 0.0 88000
1694837314321 0.0 92000
1694837346791 0.0 96000
1694837378889 0.0 100000
1694837410384 0.0 104000
1694837442493 0.0 108000
1694837474138 0.0 112000
1694837505979 0.0 116000
1694837538380 0.0 120000
1694837573135 0.0 124000
1694837605645 0.0 128000
1694837639582 0.0 132000
1694837672331 0.0 136000
1694837704881 0.0 140000
1694837737098 0.0 144000
1694837769018 0.0 148000
1694837801744 0.0 152000
1694837833792 0.0 156000
1694837867318 0.0 160000
1694837905244 0.0 164000
1694837938645 0.0 168000
1694837970843 0.0 172000
1694838004590 0.0 176000
1694838036744 0.0 180000
1694838067919 0.0 184000
1694838099290 0.0 188000
1694838130647 0.0 192000
1694838162061 0.0 196000
1694838192723 0.0 200000
1694838228641 0.0 204000
1694838259964 0.0 208000
1694838290772 0.0 212000
1694838322711 0.0 216000
1694838354320 0.0 220000
1694838385754 0.0 224000
1694838416873 0.0 228000
1694838447701 0.0 232000
1694838479623 0.0 236000
1694838511394 0.0 240000
1694838547147 0.0 244000
1694838579654 0.0 248000
1694838611667 0.0 252000
1694838643801 0.0 256000
1694838675155 0.0 260000
1694838706428 0.0 264000
1694838738282 0.0 268000
1694838771082 0.0 272000
1694838803911 0.0 276000
1694838837307 0.0 280000
1694838874912 0.0 284000
1694838907924 0.0 288000
1694838940879 0.0 292000
1694838973459 0.0 296000
1694839006522 0.0 300000
1694839038256 0.0 304000
1694839070029 0.0 308000
1694839101426 0.0 312000
1694839134437 0.0 316000
1694839166480 0.0 320000
1694839200460 0.0 324000
1694839232712 0.0 328000
1694839264561 0.0 332000
1694839296924 0.0 336000
1694839328083 0.0 340000
1694839359437 0.0 344000
1694839389509 0.0 348000
1694839420480 0.0 352000
1694839451760 0.0 356000
1694839482742 0.0 360000
1694839515980 0.0 364000
1694839547679 0.0 368000
1694839579140 0.0 372000
1694839611390 0.0 376000
1694839642475 0.0 380000
1694839674094 0.0 384000
1694839706441 0.0 388000
1694839739193 0.0 392000
1694839770972 0.0 396000
1694839803818 0.0 400000
1694839840248 0.0 404000
1694839873142 0.0 408000
1694839905840 0.0 412000
1694839938118 0.0 416000
1694839970834 0.0 420000
1694840002800 0.0 424000
1694840035528 0.0 428000
1694840066922 0.0 432000
1694840099302 0.0 436000
1694840132534 0.0 440000
1694840170328 0.0 444000
1694840204729 0.0 448000
1694840236998 0.0 452000
1694840270449 0.0 456000
1694840302479 0.0 460000
1694840335247 0.0 464000
1694840366004 0.0 468000
1694840399230 0.0 472000
1694840430192 0.0 476000
1694840462496 0.0 480000
1694840497708 0.0 484000
1694840529827 0.0 488000
1694840561678 0.0 492000
1694840593708 0.0 496000
1694840627185 0.0 500000
1694840658347 0.0 504000
1694840689900 0.0 508000
1694840720440 0.0 512000
1694840752056 0.0 516000
1694840783314 0.0 520000
1694840820382 0.0 524000
1694840855703 0.0 528000
1694840884848 0.0 532000
1694840911660 0.0 536000
1694840939893 0.0 540000
1694840966037 0.0 544000
1694840992890 0.0 548000
1694841019061 0.0 552000
1694841045695 0.0 556000
1694841073013 0.0 560000
1694841101711 0.0 564000
1694841128013 0.0 568000
1694841154504 0.0 572000
1694841181290 0.0 576000
