1694836624880 0.0 4000
1694836653937 0.0 8000
1694836682035 0.0 12000
1694836711653 0.0125 16000
1694836741515 0.01 20000
1694836770750 0.01 24000
1694836801903 0.01 28000
1694836832091 0.0 32000
1694836863113 0.01 36000
1694836892977 0.01 40000
1694836926992 0.01 44000
1694836958279 0.01 48000
1694836990542 0.0 52000
1694837023616 0.0 56000
1694837055931 0.0 60000
1694837086914 0.0 64000
1694837118445 0.0 68000
1694837150622 0.0 72000
1694837182340 0.02 76000
1694837215337 0.02 80000
1694837250027 0.02 84000
1694837282537 0.0 88000
1694837314320 0.0 92000
1694837346790 0.0 96000
1694837378888 0.0 100000
1694837410382 0.0 104000
1694837442492 0.0 108000
1694837474137 0.0 112000
1694837505977 0.0 116000
1694837538378 0.0 120000
1694837573133 0.01 124000
1694837605644 0.03 128000
1694837639580 0.03 132000
1694837672329 0.03 136000
1694837704880 0.01 140000
1694837737096 0.03 144000
1694837769015 0.03 148000
1694837801743 0.01 152000
1694837833790 0.01 156000
1694837867316 0.02 160000
1694837905242 0.02 164000
1694837938643 0.07 168000
1694837970841 0.12 172000
1694838004589 0.07 176000
1694838036742 0.06 180000
1694838067918 0.06 184000
1694838099288 0.09 188000
1694838130645 0.08 192000
1694838162060 0.14 196000
1694838192722 0.14 200000
1694838228640 0.09 204000
1694838259962 0.06 208000
1694838290771 0.08 212000
1694838322709 0.09 216000
1694838354319 0.11 220000
1694838385752 0.1 224000
1694838416872 0.05 228000
1694838447700 0.12 232000
1694838479621 0.11 236000
1694838511378 0.16 240000
1694838547145 0.1 244000
1694838579653 0.09 248000
1694838611665 0.13 252000
1694838643800 0.13 256000
1694838675154 0.11 260000
1694838706427 0.14 264000
1694838738280 0.19 268000
1694838771081 0.16 272000
1694838803909 0.15 276000
1694838837305 0.13 280000
1694838874910 0.18 284000
1694838907923 0.2 288000
1694838940878 0.1743119266055046 292000
1694838973458 0.22 296000
1694839006520 0.27 300000
1694839038254 0.31 304000
1694839070028 0.2647058823529412 308000
1694839101425 0.336283185840708 312000
1694839134436 0.25 316000
1694839166479 0.3 320000
1694839200458 0.336283185840708 324000
1694839232710 0.31 328000
1694839264560 0.3925233644859813 332000
1694839296923 0.4036697247706422 336000
1694839328082 0.45161290322580644 340000
1694839359435 0.4727272727272727 344000
1694839389508 0.41025641025641024 348000
1694839420479 0.4473684210526316 352000
1694839451759 0.46616541353383456 356000
1694839482741 0.41 360000
1694839515979 0.5217391304347826 364000
1694839547678 0.5 368000
1694839579139 0.46218487394957986 372000
1694839611389 0.4782608695652174 376000
1694839642474 0.4411764705882353 380000
1694839674093 0.5066666666666667 384000
1694839706440 0.5116279069767442 388000
1694839739191 0.4715447154471545 392000
1694839770971 0.5323741007194245 396000
1694839803816 0.5597014925373134 400000
1694839840247 0.5112781954887218 404000
1694839873140 0.5921052631578947 408000
1694839905839 0.5733333333333334 412000
1694839938117 0.6299212598425197 416000
1694839970833 0.5660377358490566 420000
1694840002799 0.5793650793650794 424000
1694840035527 0.6506849315068494 428000
1694840066920 0.6048387096774194 432000
1694840099300 0.6074074074074074 436000
1694840132532 0.575 440000
1694840170326 0.6435643564356436 444000
1694840204727 0.5645161290322581 448000
1694840236997 0.6551724137931034 452000
1694840270448 0.5637583892617449 456000
1694840302477 0.6580645161290323 460000
1694840335246 0.6976744186046512 464000
1694840366003 0.6503496503496503 468000
1694840399228 0.6730769230769231 472000
1694840430191 0.6356589147286822 476000
1694840462494 0.6778523489932886 480000
1694840497707 0.6428571428571429 484000
1694840529826 0.6666666666666666 488000
1694840561676 0.6666666666666666 492000
1694840593706 0.6530612244897959 496000
1694840627183 0.6211180124223602 500000
1694840658345 0.6705882352941176 504000
1694840689899 0.6621621621621622 508000
1694840720438 0.6809815950920245 512000
1694840752055 0.6573033707865169 516000
1694840783313 0.676056338028169 520000
1694840820380 0.5833333333333334 524000
1694840855702 0.6090225563909775 528000
1694840884847 0.5255474452554745 532000
1694840911658 0.6166666666666667 536000
1694840939892 0.6859504132231405 540000
1694840966035 0.584 544000
1694840992888 0.625 548000
1694841019060 0.6273291925465838 552000
1694841045693 0.5955056179775281 556000
1694841073012 0.6170212765957447 560000
1694841101710 0.6329787234042553 564000
1694841128011 0.6044776119402985 568000
1694841154503 0.5947712418300654 572000
1694841181288 0.6291390728476821 576000
