1694836624898 0.3333333333333333 4000
1694836653949 0.29411764705882354 8000
1694836682046 0.2982456140350877 12000
1694836711687 0.35 16000
1694836741527 0.35 20000
1694836770786 0.39 24000
1694836801921 0.48 28000
1694836832127 0.47 32000
1694836863125 0.44 36000
1694836892995 0.41 40000
1694836927004 0.37 44000
1694836958297 0.37 48000
1694836990556 0.42 52000
1694837023629 0.49 56000
1694837055948 0.46 60000
1694837086927 0.49 64000
1694837118459 0.49 68000
1694837150635 0.45 72000
1694837182357 0.47 76000
1694837215355 0.47 80000
1694837250042 0.53 84000
1694837282556 0.6 88000
1694837314357 0.61 92000
1694837346808 0.63 96000
1694837378905 0.56 100000
1694837410394 0.62 104000
1694837442510 0.72 108000
1694837474152 0.7 112000
1694837505991 0.65 116000
1694837538391 0.64 120000
1694837573145 0.69 124000
1694837605661 0.68 128000
1694837639593 0.75 132000
1694837672344 0.68 136000
1694837704892 0.67 140000
1694837737110 0.7 144000
1694837769028 0.74 148000
1694837801756 0.77 152000
1694837833802 0.75 156000
1694837867330 0.69 160000
1694837905257 0.69 164000
1694837938657 0.67 168000
1694837970857 0.6 172000
1694838004602 0.66 176000
1694838036755 0.62 180000
1694838067929 0.67 184000
1694838099302 0.66 188000
1694838130658 0.65 192000
1694838162072 0.57 196000
1694838192732 0.57 200000
1694838228653 0.59 204000
1694838259975 0.65 208000
1694838290782 0.6 212000
1694838322726 0.6 216000
1694838354330 0.66 220000
1694838385765 0.6 224000
1694838416883 0.61 228000
1694838447711 0.56 232000
1694838479633 0.57 236000
1694838511407 0.64 240000
1694838547160 0.61 244000
1694838579665 0.6 248000
1694838611678 0.53 252000
1694838643811 0.48 256000
1694838675166 0.57 260000
1694838706439 0.58 264000
1694838738292 0.56 268000
1694838771092 0.54 272000
1694838803924 0.56 276000
1694838837320 0.66 280000
1694838874924 0.56 284000
1694838907936 0.51 288000
1694838940890 0.4954128440366973 292000
1694838973470 0.46 296000
1694839006533 0.49 300000
1694839038267 0.49 304000
1694839070039 0.45098039215686275 308000
1694839101437 0.4247787610619469 312000
1694839134448 0.4 316000
1694839166490 0.41 320000
1694839200471 0.34513274336283184 324000
1694839232727 0.42 328000
1694839264572 0.35514018691588783 332000
1694839296935 0.3669724770642202 336000
1694839328095 0.31451612903225806 340000
1694839359447 0.3 344000
1694839389519 0.2905982905982906 348000
1694839420491 0.2894736842105263 352000
1694839451772 0.3007518796992481 356000
1694839482752 0.29 360000
1694839515992 0.2463768115942029 364000
1694839547690 0.22413793103448276 368000
1694839579150 0.2689075630252101 372000
1694839611400 0.2318840579710145 376000
1694839642487 0.23529411764705882 380000
1694839674104 0.26 384000
1694839706452 0.24806201550387597 388000
1694839739204 0.15447154471544716 392000
1694839770985 0.17266187050359713 396000
1694839803829 0.16417910447761194 400000
1694839840259 0.24060150375939848 404000
1694839873152 0.17763157894736842 408000
1694839905851 0.15333333333333332 412000
1694839938129 0.10236220472440945 416000
1694839970845 0.1761006289308176 420000
1694840002810 0.15079365079365079 424000
1694840035539 0.1643835616438356 428000
1694840066932 0.14516129032258066 432000
1694840099312 0.1111111111111111 436000
1694840132548 0.16875 440000
1694840170339 0.0891089108910891 444000
1694840204740 0.10483870967741936 448000
1694840237008 0.1310344827586207 452000
1694840270460 0.174496644295302 456000
1694840302490 0.09032258064516129 460000
1694840335259 0.0872093023255814 464000
1694840366013 0.13986013986013987 468000
1694840399241 0.11538461538461539 472000
1694840430205 0.05426356589147287 476000
1694840462510 0.10738255033557047 480000
1694840497719 0.07142857142857142 484000
1694840529838 0.09027777777777778 488000
1694840561689 0.08148148148148149 492000
1694840593721 0.08843537414965986 496000
1694840627196 0.11180124223602485 500000
1694840658358 0.07058823529411765 504000
1694840689911 0.07432432432432433 508000
1694840720450 0.09202453987730061 512000
1694840752066 0.06741573033707865 516000
1694840783324 0.11267605633802817 520000
1694840820394 0.06818181818181818 524000
1694840855717 0.06766917293233082 528000
1694840884858 0.08029197080291971 532000
1694840911689 0.09444444444444444 536000
1694840939903 0.03305785123966942 540000
1694840966046 0.088 544000
1694840992900 0.07608695652173914 548000
1694841019071 0.062111801242236024 552000
1694841045705 0.06179775280898876 556000
1694841073023 0.0425531914893617 560000
1694841101721 0.10106382978723404 564000
1694841128022 0.07462686567164178 568000
1694841154514 0.09803921568627451 572000
1694841181307 0.052980132450331126 576000
