1694836624901 1.0 4000
1694836653951 1.0 8000
1694836682049 1.0 12000
1694836711690 1.0 16000
1694836741529 1.0 20000
1694836770789 1.0 24000
1694836801924 1.0 28000
1694836832130 1.0 32000
1694836863128 1.0 36000
1694836892997 1.0 40000
1694836927006 1.0 44000
1694836958299 1.0 48000
1694836990559 1.0 52000
1694837023632 1.0 56000
1694837055951 1.0 60000
1694837086930 1.0 64000
1694837118461 1.0 68000
1694837150638 1.0 72000
1694837182359 1.0 76000
1694837215358 1.0 80000
1694837250047 1.0 84000
1694837282559 1.0 88000
1694837314368 1.0 92000
1694837346810 1.0 96000
1694837378908 1.0 100000
1694837410399 1.0 104000
1694837442513 1.0 108000
1694837474157 1.0 112000
1694837505993 1.0 116000
1694837538394 1.0 120000
1694837573148 1.0 124000
1694837605663 1.0 128000
1694837639596 1.0 132000
1694837672348 1.0 136000
1694837704895 1.0 140000
1694837737113 1.0 144000
1694837769031 1.0 148000
1694837801761 1.0 152000
1694837833805 1.0 156000
1694837867332 1.0 160000
1694837905261 1.0 164000
1694837938661 1.0 168000
1694837970860 1.0 172000
1694838004604 1.0 176000
1694838036758 1.0 180000
1694838067931 1.0 184000
1694838099305 1.0 188000
1694838130661 1.0 192000
1694838162075 1.0 196000
1694838192735 1.0 200000
1694838228656 1.0 204000
1694838259977 1.0 208000
1694838290784 1.0 212000
1694838322729 1.0 216000
1694838354333 1.0 220000
1694838385768 1.0 224000
1694838416885 1.0 228000
1694838447714 1.0 232000
1694838479636 1.0 236000
1694838511410 1.0 240000
1694838547163 1.0 244000
1694838579667 1.0 248000
1694838611681 1.0 252000
1694838643814 1.0 256000
1694838675169 1.0 260000
1694838706441 1.0 264000
1694838738295 1.0 268000
1694838771094 1.0 272000
1694838803927 1.0 276000
1694838837323 1.0 280000
1694838874927 1.0 284000
1694838907939 1.0 288000
1694838940893 1.0 292000
1694838973473 1.0 296000
1694839006535 1.0 300000
1694839038269 1.0 304000
1694839070041 1.0 308000
1694839101439 1.0 312000
1694839134450 1.0 316000
1694839166492 1.0 320000
1694839200473 1.0 324000
1694839232731 1.0 328000
1694839264574 1.0 332000
1694839296938 1.0 336000
1694839328097 1.0 340000
1694839359449 1.0 344000
1694839389522 1.0 348000
1694839420494 1.0 352000
1694839451775 1.0 356000
1694839482754 1.0 360000
1694839515995 1.0 364000
1694839547692 1.0 368000
1694839579152 1.0 372000
1694839611403 1.0 376000
1694839642489 1.0 380000
1694839674106 1.0 384000
1694839706454 1.0 388000
1694839739207 1.0 392000
1694839770988 1.0 396000
1694839803831 1.0 400000
1694839840262 1.0 404000
1694839873154 1.0 408000
1694839905854 1.0 412000
1694839938132 1.0 416000
1694839970848 1.0 420000
1694840002813 1.0 424000
1694840035542 1.0 428000
1694840066935 1.0 432000
1694840099314 1.0 436000
1694840132551 1.0 440000
1694840170342 1.0 444000
1694840204742 1.0 448000
1694840237011 1.0 452000
1694840270463 1.0 456000
1694840302492 1.0 460000
1694840335262 1.0 464000
1694840366016 1.0 468000
1694840399244 1.0 472000
1694840430224 1.0 476000
1694840462513 1.0 480000
1694840497721 1.0 484000
1694840529841 1.0 488000
1694840561691 1.0 492000
1694840593725 1.0 496000
1694840627199 1.0 500000
1694840658361 1.0 504000
1694840689914 1.0 508000
1694840720452 1.0 512000
1694840752069 1.0 516000
1694840783326 1.0 520000
1694840820397 1.0 524000
1694840855719 1.0 528000
1694840884861 1.0 532000
1694840911692 1.0 536000
1694840939906 1.0 540000
1694840966049 1.0 544000
1694840992902 1.0 548000
1694841019073 1.0 552000
1694841045708 1.0 556000
1694841073025 1.0 560000
1694841101723 1.0 564000
1694841128025 1.0 568000
1694841154517 1.0 572000
1694841181311 1.0 576000
