1694836624892 1.0 4000
1694836653943 1.0 8000
1694836682041 1.0 12000
1694836711664 1.0 16000
1694836741522 1.0 20000
1694836770760 1.0 24000
1694836801912 1.0 28000
1694836832119 1.0 32000
1694836863120 1.0 36000
1694836892986 1.0 40000
1694836926999 1.0 44000
1694836958288 1.0 48000
1694836990550 1.0 52000
1694837023623 1.0 56000
1694837055940 1.0 60000
1694837086921 1.0 64000
1694837118454 1.0 68000
1694837150629 1.0 72000
1694837182351 1.0 76000
1694837215348 1.0 80000
1694837250035 1.0 84000
1694837282548 1.0 88000
1694837314338 1.0 92000
1694837346800 1.0 96000
1694837378895 1.0 100000
1694837410389 1.0 104000
1694837442503 1.0 108000
1694837474143 1.0 112000
1694837505985 1.0 116000
1694837538386 1.0 120000
1694837573140 1.0 124000
1694837605651 1.0 128000
1694837639587 1.0 132000
1694837672337 1.0 136000
1694837704887 1.0 140000
1694837737104 1.0 144000
1694837769023 1.0 148000
1694837801751 1.0 152000
1694837833797 1.0 156000
1694837867324 1.0 160000
1694837905250 1.0 164000
1694837938651 1.0 168000
1694837970850 1.0 172000
1694838004596 1.0 176000
1694838036749 1.0 180000
1694838067924 1.0 184000
1694838099297 1.0 188000
1694838130652 1.0 192000
1694838162067 1.0 196000
1694838192728 1.0 200000
1694838228647 1.0 204000
1694838259969 1.0 208000
1694838290777 1.0 212000
1694838322720 1.0 216000
1694838354325 1.0 220000
1694838385759 1.0 224000
1694838416878 1.0 228000
1694838447706 1.0 232000
1694838479628 1.0 236000
1694838511401 1.0 240000
1694838547154 1.0 244000
1694838579660 1.0 248000
1694838611673 1.0 252000
1694838643806 1.0 256000
1694838675161 1.0 260000
1694838706434 1.0 264000
1694838738287 1.0 268000
1694838771087 1.0 272000
1694838803917 1.0 276000
1694838837314 1.0 280000
1694838874918 1.0 284000
1694838907931 1.0 288000
1694838940885 1.0 292000
1694838973465 1.0 296000
1694839006527 1.0 300000
1694839038261 1.0 304000
1694839070034 1.0 308000
1694839101432 1.0 312000
1694839134442 1.0 316000
1694839166485 1.0 320000
1694839200465 1.0 324000
1694839232718 1.0 328000
1694839264566 1.0 332000
1694839296929 1.0 336000
1694839328090 1.0 340000
1694839359442 1.0 344000
1694839389514 1.0 348000
1694839420486 1.0 352000
1694839451766 1.0 356000
1694839482747 1.0 360000
1694839515986 1.0 364000
1694839547685 1.0 368000
1694839579145 1.0 372000
1694839611395 1.0 376000
1694839642481 1.0 380000
1694839674099 1.0 384000
1694839706447 1.0 388000
1694839739198 1.0 392000
1694839770978 1.0 396000
1694839803824 1.0 400000
1694839840254 1.0 404000
1694839873147 1.0 408000
1694839905846 1.0 412000
1694839938124 1.0 416000
1694839970840 1.0 420000
1694840002805 1.0 424000
1694840035534 1.0 428000
1694840066927 1.0 432000
1694840099307 1.0 436000
1694840132541 1.0 440000
1694840170333 1.0 444000
1694840204734 1.0 448000
1694840237003 1.0 452000
1694840270455 1.0 456000
1694840302485 1.0 460000
1694840335253 1.0 464000
1694840366009 1.0 468000
1694840399236 1.0 472000
1694840430199 1.0 476000
1694840462504 1.0 480000
1694840497713 1.0 484000
1694840529833 1.0 488000
1694840561683 1.0 492000
1694840593715 1.0 496000
1694840627191 1.0 500000
1694840658352 1.0 504000
1694840689906 1.0 508000
1694840720445 1.0 512000
1694840752061 1.0 516000
1694840783319 1.0 520000
1694840820389 1.0 524000
1694840855710 1.0 528000
1694840884853 1.0 532000
1694840911682 1.0 536000
1694840939898 1.0 540000
1694840966041 1.0 544000
1694840992894 1.0 548000
1694841019066 1.0 552000
1694841045700 1.0 556000
1694841073018 1.0 560000
1694841101716 1.0 564000
1694841128018 1.0 568000
1694841154509 1.0 572000
1694841181298 1.0 576000
