1694836624890 0.0 4000
1694836653942 0.0 8000
1694836682040 0.0 12000
1694836711662 0.0 16000
1694836741521 0.0 20000
1694836770758 0.0 24000
1694836801910 0.0 28000
1694836832100 0.0 32000
1694836863119 0.0 36000
1694836892983 0.0 40000
1694836926998 0.0 44000
1694836958286 0.0 48000
1694836990549 0.0 52000
1694837023622 0.0 56000
1694837055937 0.0 60000
1694837086920 0.0 64000
1694837118452 0.0 68000
1694837150628 0.0 72000
1694837182349 0.0 76000
1694837215345 0.0 80000
1694837250033 0.0 84000
1694837282545 0.0 88000
1694837314335 0.0 92000
1694837346797 0.0 96000
1694837378893 0.0 100000
1694837410388 0.0 104000
1694837442500 0.0 108000
1694837474142 0.0 112000
1694837505984 0.0 116000
1694837538384 0.0 120000
1694837573139 0.0 124000
1694837605649 0.0 128000
1694837639586 0.0 132000
1694837672336 0.0 136000
1694837704885 0.0 140000
1694837737102 0.0 144000
1694837769022 0.0 148000
1694837801749 0.0 152000
1694837833796 0.0 156000
1694837867323 0.0 160000
1694837905249 0.0 164000
1694837938649 0.0 168000
1694837970848 0.0 172000
1694838004595 0.0 176000
1694838036748 0.0 180000
1694838067923 0.0 184000
1694838099295 0.0 188000
1694838130651 0.0 192000
1694838162066 0.0 196000
1694838192727 0.0 200000
1694838228646 0.0 204000
1694838259968 0.0 208000
1694838290776 0.0 212000
1694838322718 0.0 216000
1694838354324 0.0 220000
1694838385757 0.0 224000
1694838416877 0.0 228000
1694838447705 0.0 232000
1694838479627 0.0 236000
1694838511399 0.0 240000
1694838547152 0.0 244000
1694838579658 0.0 248000
1694838611671 0.0 252000
1694838643805 0.0 256000
1694838675159 0.0 260000
1694838706432 0.0 264000
1694838738285 0.0 268000
1694838771086 0.0 272000
1694838803915 0.0 276000
1694838837312 0.0 280000
1694838874916 0.0 284000
1694838907929 0.0 288000
1694838940883 0.0 292000
1694838973464 0.0 296000
1694839006526 0.0 300000
1694839038260 0.0 304000
1694839070033 0.0 308000
1694839101430 0.0 312000
1694839134441 0.0 316000
1694839166484 0.0 320000
1694839200464 0.0 324000
1694839232717 0.0 328000
1694839264565 0.0 332000
1694839296928 0.0 336000
1694839328088 0.0 340000
1694839359441 0.0 344000
1694839389513 0.0 348000
1694839420484 0.0 352000
1694839451764 0.0 356000
1694839482746 0.0 360000
1694839515985 0.0 364000
1694839547683 0.0 368000
1694839579144 0.0 372000
1694839611394 0.0 376000
1694839642480 0.0 380000
1694839674098 0.0 384000
1694839706446 0.0 388000
1694839739197 0.0 392000
1694839770977 0.0 396000
1694839803822 0.0 400000
1694839840252 0.0 404000
1694839873146 0.0 408000
1694839905845 0.0 412000
1694839938122 0.0 416000
1694839970838 0.0 420000
1694840002804 0.0 424000
1694840035532 0.0 428000
1694840066926 0.0 432000
1694840099306 0.0 436000
1694840132539 0.0 440000
1694840170332 0.0 444000
1694840204733 0.0 448000
1694840237002 0.0 452000
1694840270454 0.0 456000
1694840302483 0.0 460000
1694840335252 0.0 464000
1694840366007 0.0 468000
1694840399235 0.0 472000
1694840430197 0.0 476000
1694840462502 0.0 480000
1694840497712 0.0 484000
1694840529831 0.0 488000
1694840561682 0.0 492000
1694840593714 0.0 496000
1694840627189 0.0 500000
1694840658351 0.0 504000
1694840689904 0.0 508000
1694840720443 0.0 512000
1694840752060 0.0 516000
1694840783318 0.0 520000
1694840820387 0.0 524000
1694840855709 0.0 528000
1694840884852 0.0 532000
1694840911664 0.0 536000
1694840939897 0.0 540000
1694840966040 0.0 544000
1694840992893 0.0 548000
1694841019065 0.0 552000
1694841045699 0.0 556000
1694841073017 0.0 560000
1694841101715 0.0 564000
1694841128017 0.0 568000
1694841154508 0.0 572000
1694841181296 0.0 576000
