1694836624899 0.0 4000
1694836653950 0.0 8000
1694836682048 0.0 12000
1694836711688 0.0 16000
1694836741528 0.0 20000
1694836770787 0.0 24000
1694836801922 0.0 28000
1694836832128 0.0 32000
1694836863126 0.0 36000
1694836892996 0.0 40000
1694836927005 0.0 44000
1694836958298 0.0 48000
1694836990557 0.0 52000
1694837023631 0.0 56000
1694837055950 0.0 60000
1694837086928 0.0 64000
1694837118460 0.0 68000
1694837150636 0.0 72000
1694837182358 0.0 76000
1694837215357 0.0 80000
1694837250044 0.0 84000
1694837282557 0.0 88000
1694837314364 0.0 92000
1694837346809 0.0 96000
1694837378907 0.0 100000
1694837410397 0.0 104000
1694837442511 0.0 108000
1694837474154 0.0 112000
1694837505992 0.0 116000
1694837538392 0.0 120000
1694837573147 0.0 124000
1694837605662 0.0 128000
1694837639595 0.0 132000
1694837672346 0.0 136000
1694837704893 0.0 140000
1694837737112 0.0 144000
1694837769029 0.0 148000
1694837801759 0.0 152000
1694837833804 0.0 156000
1694837867331 0.0 160000
1694837905259 0.0 164000
1694837938659 0.0 168000
1694837970858 0.0 172000
1694838004603 0.0 176000
1694838036757 0.0 180000
1694838067930 0.0 184000
1694838099303 0.0 188000
1694838130659 0.0 192000
1694838162073 0.0 196000
1694838192733 0.0 200000
1694838228654 0.0 204000
1694838259976 0.0 208000
1694838290783 0.0 212000
1694838322727 0.0 216000
1694838354331 0.0 220000
1694838385766 0.0 224000
1694838416884 0.0 228000
1694838447713 0.0 232000
1694838479634 0.0 236000
1694838511408 0.0 240000
1694838547161 0.0 244000
1694838579666 0.0 248000
1694838611680 0.0 252000
1694838643813 0.0 256000
1694838675167 0.0 260000
1694838706440 0.0 264000
1694838738294 0.0 268000
1694838771093 0.0 272000
1694838803926 0.0 276000
1694838837322 0.0 280000
1694838874926 0.0 284000
1694838907938 0.0 288000
1694838940891 0.0 292000
1694838973472 0.0 296000
1694839006534 0.0 300000
1694839038268 0.0 304000
1694839070040 0.0 308000
1694839101438 0.0 312000
1694839134449 0.0 316000
1694839166491 0.0 320000
1694839200472 0.0 324000
1694839232729 0.0 328000
1694839264573 0.0 332000
1694839296936 0.0 336000
1694839328096 0.0 340000
1694839359448 0.0 344000
1694839389521 0.0 348000
1694839420493 0.0 352000
1694839451773 0.0 356000
1694839482753 0.0 360000
1694839515993 0.0 364000
1694839547691 0.0 368000
1694839579151 0.0 372000
1694839611402 0.0 376000
1694839642488 0.0 380000
1694839674105 0.0 384000
1694839706453 0.0 388000
1694839739205 0.0 392000
1694839770987 0.0 396000
1694839803830 0.0 400000
1694839840260 0.0 404000
1694839873153 0.0 408000
1694839905853 0.0 412000
1694839938130 0.0 416000
1694839970847 0.0 420000
1694840002811 0.0 424000
1694840035541 0.0 428000
1694840066934 0.0 432000
1694840099313 0.0 436000
1694840132549 0.0 440000
1694840170341 0.0 444000
1694840204741 0.0 448000
1694840237009 0.0 452000
1694840270461 0.0 456000
1694840302491 0.0 460000
1694840335260 0.0 464000
1694840366015 0.0 468000
1694840399243 0.0 472000
1694840430207 0.0 476000
1694840462511 0.0 480000
1694840497720 0.0 484000
1694840529839 0.0 488000
1694840561690 0.0 492000
1694840593723 0.0 496000
1694840627197 0.0 500000
1694840658360 0.0 504000
1694840689912 0.0 508000
1694840720451 0.0 512000
1694840752067 0.0 516000
1694840783325 0.0 520000
1694840820396 0.0 524000
1694840855718 0.0 528000
1694840884859 0.0 532000
1694840911690 0.0 536000
1694840939904 0.0 540000
1694840966047 0.0 544000
1694840992901 0.0 548000
1694841019072 0.0 552000
1694841045706 0.0 556000
1694841073024 0.0 560000
1694841101722 0.0 564000
1694841128024 0.0 568000
1694841154515 0.0 572000
1694841181309 0.0 576000
