1694836624888 0.3333333333333333 4000
1694836653941 0.29411764705882354 8000
1694836682039 0.2982456140350877 12000
1694836711659 0.35 16000
1694836741520 0.35 20000
1694836770755 0.39 24000
1694836801908 0.48 28000
1694836832098 0.47 32000
1694836863117 0.44 36000
1694836892981 0.41 40000
1694836926997 0.37 44000
1694836958283 0.37 48000
1694836990548 0.42 52000
1694837023621 0.49 56000
1694837055935 0.46 60000
1694837086919 0.49 64000
1694837118451 0.49 68000
1694837150626 0.45 72000
1694837182347 0.47 76000
1694837215343 0.47 80000
1694837250032 0.53 84000
1694837282543 0.6 88000
1694837314324 0.61 92000
1694837346795 0.63 96000
1694837378892 0.56 100000
1694837410386 0.62 104000
1694837442497 0.72 108000
1694837474141 0.7 112000
1694837505982 0.65 116000
1694837538383 0.64 120000
1694837573137 0.69 124000
1694837605647 0.68 128000
1694837639584 0.75 132000
1694837672334 0.68 136000
1694837704884 0.67 140000
1694837737101 0.7 144000
1694837769021 0.74 148000
1694837801747 0.77 152000
1694837833794 0.75 156000
1694837867321 0.69 160000
1694837905247 0.69 164000
1694837938647 0.67 168000
1694837970847 0.6 172000
1694838004593 0.66 176000
1694838036746 0.62 180000
1694838067922 0.67 184000
1694838099294 0.66 188000
1694838130649 0.65 192000
1694838162064 0.57 196000
1694838192725 0.57 200000
1694838228644 0.59 204000
1694838259966 0.65 208000
1694838290775 0.6 212000
1694838322716 0.6 216000
1694838354323 0.66 220000
1694838385756 0.6 224000
1694838416876 0.61 228000
1694838447704 0.56 232000
1694838479626 0.57 236000
1694838511398 0.64 240000
1694838547151 0.61 244000
1694838579657 0.6 248000
1694838611670 0.53 252000
1694838643803 0.48 256000
1694838675158 0.57 260000
1694838706431 0.58 264000
1694838738284 0.56 268000
1694838771085 0.54 272000
1694838803914 0.56 276000
1694838837310 0.66 280000
1694838874915 0.56 284000
1694838907928 0.51 288000
1694838940882 0.4954128440366973 292000
1694838973462 0.46 296000
1694839006524 0.49 300000
1694839038258 0.49 304000
1694839070032 0.45098039215686275 308000
1694839101429 0.4247787610619469 312000
1694839134440 0.4 316000
1694839166483 0.41 320000
1694839200462 0.34513274336283184 324000
1694839232715 0.42 328000
1694839264564 0.35514018691588783 332000
1694839296926 0.3669724770642202 336000
1694839328086 0.31451612903225806 340000
1694839359440 0.3 344000
1694839389512 0.2905982905982906 348000
1694839420483 0.2894736842105263 352000
1694839451763 0.3007518796992481 356000
1694839482745 0.29 360000
1694839515983 0.2463768115942029 364000
1694839547682 0.22413793103448276 368000
1694839579143 0.2689075630252101 372000
1694839611393 0.2318840579710145 376000
1694839642478 0.23529411764705882 380000
1694839674097 0.26 384000
1694839706444 0.24806201550387597 388000
1694839739196 0.15447154471544716 392000
1694839770975 0.17266187050359713 396000
1694839803821 0.16417910447761194 400000
1694839840251 0.24060150375939848 404000
1694839873144 0.17763157894736842 408000
1694839905843 0.15333333333333332 412000
1694839938121 0.10236220472440945 416000
1694839970837 0.1761006289308176 420000
1694840002803 0.15079365079365079 424000
1694840035531 0.1643835616438356 428000
1694840066925 0.14516129032258066 432000
1694840099304 0.1111111111111111 436000
1694840132537 0.16875 440000
1694840170331 0.0891089108910891 444000
1694840204731 0.10483870967741936 448000
1694840237001 0.1310344827586207 452000
1694840270452 0.174496644295302 456000
1694840302482 0.09032258064516129 460000
1694840335250 0.0872093023255814 464000
1694840366006 0.13986013986013987 468000
1694840399233 0.11538461538461539 472000
1694840430195 0.05426356589147287 476000
1694840462500 0.10738255033557047 480000
1694840497711 0.07142857142857142 484000
1694840529830 0.09027777777777778 488000
1694840561680 0.08148148148148149 492000
1694840593712 0.08843537414965986 496000
1694840627187 0.11180124223602485 500000
1694840658349 0.07058823529411765 504000
1694840689903 0.07432432432432433 508000
1694840720442 0.09202453987730061 512000
1694840752059 0.06741573033707865 516000
1694840783317 0.11267605633802817 520000
1694840820385 0.06818181818181818 524000
1694840855707 0.06766917293233082 528000
1694840884851 0.08029197080291971 532000
1694840911663 0.09444444444444444 536000
1694840939895 0.03305785123966942 540000
1694840966039 0.088 544000
1694840992892 0.07608695652173914 548000
1694841019064 0.062111801242236024 552000
1694841045698 0.06179775280898876 556000
1694841073015 0.0425531914893617 560000
1694841101714 0.10106382978723404 564000
1694841128015 0.07462686567164178 568000
1694841154507 0.09803921568627451 572000
1694841181294 0.052980132450331126 576000
