1694836624896 1.0 4000
1694836653947 1.0 8000
1694836682045 1.0 12000
1694836711686 1.0 16000
1694836741525 1.0 20000
1694836770784 1.0 24000
1694836801920 1.0 28000
1694836832125 1.0 32000
1694836863124 1.0 36000
1694836892993 1.0 40000
1694836927003 1.0 44000
1694836958295 1.0 48000
1694836990554 1.0 52000
1694837023628 1.0 56000
1694837055947 1.0 60000
1694837086926 1.0 64000
1694837118458 1.0 68000
1694837150633 1.0 72000
1694837182355 1.0 76000
1694837215354 1.0 80000
1694837250039 1.0 84000
1694837282554 1.0 88000
1694837314353 1.0 92000
1694837346806 1.0 96000
1694837378903 1.0 100000
1694837410393 1.0 104000
1694837442509 1.0 108000
1694837474149 1.0 112000
1694837505989 1.0 116000
1694837538390 1.0 120000
1694837573144 1.0 124000
1694837605658 1.0 128000
1694837639592 1.0 132000
1694837672342 1.0 136000
1694837704891 1.0 140000
1694837737108 1.0 144000
1694837769027 1.0 148000
1694837801755 1.0 152000
1694837833801 1.0 156000
1694837867328 1.0 160000
1694837905255 1.0 164000
1694837938656 1.0 168000
1694837970855 1.0 172000
1694838004600 1.0 176000
1694838036754 1.0 180000
1694838067928 1.0 184000
1694838099301 1.0 188000
1694838130656 1.0 192000
1694838162071 1.0 196000
1694838192731 1.0 200000
1694838228651 1.0 204000
1694838259973 1.0 208000
1694838290780 1.0 212000
1694838322724 1.0 216000
1694838354329 1.0 220000
1694838385763 1.0 224000
1694838416882 1.0 228000
1694838447710 1.0 232000
1694838479632 1.0 236000
1694838511405 1.0 240000
1694838547159 1.0 244000
1694838579663 1.0 248000
1694838611677 1.0 252000
1694838643810 1.0 256000
1694838675165 1.0 260000
1694838706437 1.0 264000
1694838738291 1.0 268000
1694838771091 1.0 272000
1694838803922 1.0 276000
1694838837318 1.0 280000
1694838874923 1.0 284000
1694838907935 1.0 288000
1694838940889 1.0 292000
1694838973469 1.0 296000
1694839006531 1.0 300000
1694839038265 1.0 304000
1694839070038 1.0 308000
1694839101436 1.0 312000
1694839134446 1.0 316000
1694839166489 1.0 320000
1694839200469 1.0 324000
1694839232725 1.0 328000
1694839264570 1.0 332000
1694839296934 1.0 336000
1694839328093 1.0 340000
1694839359446 1.0 344000
1694839389518 1.0 348000
1694839420490 1.0 352000
1694839451770 1.0 356000
1694839482751 1.0 360000
1694839515991 1.0 364000
1694839547689 1.0 368000
1694839579149 1.0 372000
1694839611399 1.0 376000
1694839642485 1.0 380000
1694839674103 1.0 384000
1694839706451 1.0 388000
1694839739203 1.0 392000
1694839770983 1.0 396000
1694839803827 1.0 400000
1694839840258 1.0 404000
1694839873150 1.0 408000
1694839905850 1.0 412000
1694839938128 1.0 416000
1694839970844 1.0 420000
1694840002809 1.0 424000
1694840035538 1.0 428000
1694840066931 1.0 432000
1694840099311 1.0 436000
1694840132546 1.0 440000
1694840170338 1.0 444000
1694840204738 1.0 448000
1694840237007 1.0 452000
1694840270459 1.0 456000
1694840302488 1.0 460000
1694840335258 1.0 464000
1694840366012 1.0 468000
1694840399240 1.0 472000
1694840430204 1.0 476000
1694840462509 1.0 480000
1694840497717 1.0 484000
1694840529837 1.0 488000
1694840561687 1.0 492000
1694840593719 1.0 496000
1694840627195 1.0 500000
1694840658357 1.0 504000
1694840689910 1.0 508000
1694840720448 1.0 512000
1694840752065 1.0 516000
1694840783323 1.0 520000
1694840820393 1.0 524000
1694840855715 1.0 528000
1694840884857 1.0 532000
1694840911687 1.0 536000
1694840939902 1.0 540000
1694840966045 1.0 544000
1694840992898 1.0 548000
1694841019070 1.0 552000
1694841045704 1.0 556000
1694841073022 1.0 560000
1694841101720 1.0 564000
1694841128021 1.0 568000
1694841154513 1.0 572000
1694841181305 1.0 576000
