1694836624893 0.5 4000
1694836653945 0.47058823529411764 8000
1694836682042 0.43859649122807015 12000
1694836711682 0.375 16000
1694836741523 0.38 20000
1694836770763 0.33 24000
1694836801915 0.28 28000
1694836832121 0.28 32000
1694836863121 0.29 36000
1694836892988 0.3 40000
1694836927001 0.32 44000
1694836958291 0.36 48000
1694836990552 0.35 52000
1694837023625 0.33 56000
1694837055942 0.33 60000
1694837086923 0.27 64000
1694837118455 0.29 68000
1694837150631 0.3 72000
1694837182353 0.24 76000
1694837215351 0.24 80000
1694837250036 0.22 84000
1694837282550 0.23 88000
1694837314345 0.25 92000
1694837346803 0.25 96000
1694837378898 0.3 100000
1694837410390 0.26 104000
1694837442505 0.2 108000
1694837474145 0.18 112000
1694837505987 0.2 116000
1694837538387 0.19 120000
1694837573141 0.18 124000
1694837605654 0.16 128000
1694837639589 0.1 132000
1694837672339 0.14 136000
1694837704888 0.17 140000
1694837737105 0.13 144000
1694837769025 0.11 148000
1694837801752 0.09 152000
1694837833798 0.1 156000
1694837867326 0.13 160000
1694837905252 0.1 164000
1694837938652 0.09 168000
1694837970852 0.1 172000
1694838004598 0.16 176000
1694838036751 0.19 180000
1694838067926 0.14 184000
1694838099298 0.18 188000
1694838130654 0.14 192000
1694838162068 0.14 196000
1694838192729 0.17 200000
1694838228648 0.18 204000
1694838259971 0.15 208000
1694838290778 0.16 212000
1694838322721 0.15 216000
1694838354327 0.13 220000
1694838385760 0.13 224000
1694838416879 0.14 228000
1694838447708 0.18 232000
1694838479629 0.16 236000
1694838511403 0.08 240000
1694838547156 0.15 244000
1694838579661 0.14 248000
1694838611674 0.12 252000
1694838643808 0.25 256000
1694838675162 0.13 260000
1694838706435 0.16 264000
1694838738288 0.09 268000
1694838771088 0.16 272000
1694838803918 0.16 276000
1694838837315 0.08 280000
1694838874919 0.1 284000
1694838907932 0.13 288000
1694838940886 0.1834862385321101 292000
1694838973466 0.13 296000
1694839006529 0.11 300000
1694839038263 0.08 304000
1694839070036 0.14705882352941177 308000
1694839101433 0.08849557522123894 312000
1694839134444 0.15 316000
1694839166486 0.06 320000
1694839200467 0.17699115044247787 324000
1694839232720 0.12 328000
1694839264567 0.102803738317757 332000
1694839296931 0.10091743119266056 336000
1694839328091 0.10483870967741936 340000
1694839359443 0.12727272727272726 344000
1694839389516 0.11965811965811966 348000
1694839420487 0.09649122807017543 352000
1694839451767 0.09022556390977443 356000
1694839482748 0.16 360000
1694839515988 0.10144927536231885 364000
1694839547686 0.10344827586206896 368000
1694839579146 0.07563025210084033 372000
1694839611397 0.10869565217391304 376000
1694839642482 0.14705882352941177 380000
1694839674101 0.07333333333333333 384000
1694839706448 0.11627906976744186 388000
1694839739200 0.0975609756097561 392000
1694839770980 0.11510791366906475 396000
1694839803825 0.11194029850746269 400000
1694839840255 0.11278195488721804 404000
1694839873148 0.07894736842105263 408000
1694839905847 0.09333333333333334 412000
1694839938125 0.08661417322834646 416000
1694839970841 0.1069182389937107 420000
1694840002806 0.0873015873015873 424000
1694840035535 0.0273972602739726 428000
1694840066928 0.08064516129032258 432000
1694840099308 0.07407407407407407 436000
1694840132543 0.09375 440000
1694840170335 0.09900990099009901 444000
1694840204736 0.0967741935483871 448000
1694840237004 0.06206896551724138 452000
1694840270456 0.09395973154362416 456000
1694840302486 0.09032258064516129 460000
1694840335255 0.09883720930232558 464000
1694840366010 0.06993006993006994 468000
1694840399237 0.057692307692307696 472000
1694840430200 0.10852713178294573 476000
1694840462505 0.08053691275167785 480000
1694840497715 0.08441558441558442 484000
1694840529834 0.041666666666666664 488000
1694840561685 0.05185185185185185 492000
1694840593716 0.10884353741496598 496000
1694840627192 0.07453416149068323 500000
1694840658354 0.047058823529411764 504000
1694840689907 0.05405405405405406 508000
1694840720446 0.04294478527607362 512000
1694840752062 0.056179775280898875 516000
1694840783320 0.04225352112676056 520000
1694840820390 0.07575757575757576 524000
1694840855712 0.03759398496240601 528000
1694840884855 0.043795620437956206 532000
1694840911683 0.044444444444444446 536000
1694840939899 0.04132231404958678 540000
1694840966043 0.072 544000
1694840992896 0.02717391304347826 548000
1694841019067 0.062111801242236024 552000
1694841045702 0.06179775280898876 556000
1694841073019 0.02127659574468085 560000
1694841101717 0.031914893617021274 564000
1694841128019 0.029850746268656716 568000
1694841154511 0.013071895424836602 572000
1694841181300 0.026490066225165563 576000
