1694836624895 0.0 4000
1694836653946 0.0 8000
1694836682044 0.0 12000
1694836711684 0.0 16000
1694836741524 0.0 20000
1694836770765 0.0 24000
1694836801918 0.0 28000
1694836832123 0.0 32000
1694836863122 0.0 36000
1694836892991 0.0 40000
1694836927002 0.0 44000
1694836958293 0.0 48000
1694836990553 0.0 52000
1694837023626 0.0 56000
1694837055945 0.0 60000
1694837086924 0.0 64000
1694837118456 0.0 68000
1694837150632 0.0 72000
1694837182354 0.0 76000
1694837215352 0.0 80000
1694837250038 0.0 84000
1694837282553 0.0 88000
1694837314350 0.0 92000
1694837346805 0.0 96000
1694837378901 0.0 100000
1694837410391 0.0 104000
1694837442507 0.0 108000
1694837474147 0.0 112000
1694837505988 0.0 116000
1694837538388 0.0 120000
1694837573143 0.0 124000
1694837605656 0.0 128000
1694837639590 0.0 132000
1694837672341 0.0 136000
1694837704889 0.0 140000
1694837737107 0.0 144000
1694837769026 0.0 148000
1694837801753 0.0 152000
1694837833800 0.0 156000
1694837867327 0.0 160000
1694837905253 0.0 164000
1694837938654 0.0 168000
1694837970853 0.0 172000
1694838004599 0.0 176000
1694838036752 0.0 180000
1694838067927 0.0 184000
1694838099299 0.0 188000
1694838130655 0.0 192000
1694838162070 0.0 196000
1694838192730 0.0 200000
1694838228650 0.0 204000
1694838259972 0.0 208000
1694838290779 0.0 212000
1694838322723 0.0 216000
1694838354328 0.0 220000
1694838385761 0.0 224000
1694838416881 0.0 228000
1694838447709 0.0 232000
1694838479631 0.0 236000
1694838511404 0.0 240000
1694838547157 0.0 244000
1694838579662 0.0 248000
1694838611675 0.0 252000
1694838643809 0.0 256000
1694838675163 0.0 260000
1694838706436 0.0 264000
1694838738290 0.0 268000
1694838771089 0.0 272000
1694838803920 0.0 276000
1694838837317 0.0 280000
1694838874921 0.0 284000
1694838907934 0.0 288000
1694838940887 0.0 292000
1694838973468 0.0 296000
1694839006530 0.0 300000
1694839038264 0.0 304000
1694839070037 0.0 308000
1694839101435 0.0 312000
1694839134445 0.0 316000
1694839166488 0.0 320000
1694839200468 0.0 324000
1694839232723 0.0 328000
1694839264569 0.0 332000
1694839296932 0.0 336000
1694839328092 0.0 340000
1694839359444 0.0 344000
1694839389517 0.0 348000
1694839420489 0.0 352000
1694839451769 0.0 356000
1694839482750 0.0 360000
1694839515989 0.0 364000
1694839547687 0.0 368000
1694839579148 0.0 372000
1694839611398 0.0 376000
1694839642484 0.0 380000
1694839674102 0.0 384000
1694839706449 0.0 388000
1694839739201 0.0 392000
1694839770982 0.0 396000
1694839803826 0.0 400000
1694839840256 0.0 404000
1694839873149 0.0 408000
1694839905849 0.0 412000
1694839938126 0.0 416000
1694839970843 0.0 420000
1694840002808 0.0 424000
1694840035536 0.0 428000
1694840066930 0.0 432000
1694840099309 0.0 436000
1694840132544 0.0 440000
1694840170336 0.0 444000
1694840204737 0.0 448000
1694840237006 0.0 452000
1694840270458 0.0 456000
1694840302487 0.0 460000
1694840335256 0.0 464000
1694840366011 0.0 468000
1694840399239 0.0 472000
1694840430202 0.0 476000
1694840462507 0.0 480000
1694840497716 0.0 484000
1694840529835 0.0 488000
1694840561686 0.0 492000
1694840593718 0.0 496000
1694840627193 0.0 500000
1694840658355 0.0 504000
1694840689909 0.0 508000
1694840720447 0.0 512000
1694840752064 0.0 516000
1694840783322 0.0 520000
1694840820391 0.0 524000
1694840855714 0.0 528000
1694840884856 0.0 532000
1694840911685 0.0 536000
1694840939901 0.0 540000
1694840966044 0.0 544000
1694840992897 0.0 548000
1694841019069 0.0 552000
1694841045703 0.0 556000
1694841073020 0.0 560000
1694841101719 0.0 564000
1694841128020 0.0 568000
1694841154512 0.0 572000
1694841181303 0.0 576000
