1694836625236 1.0 4000
1694836654115 1.0 8000
1694836682238 1.0 12000
1694836711982 1.0 16000
1694836741704 1.0 20000
1694836771165 1.0 24000
1694836802120 1.0 28000
1694836832422 1.0 32000
1694836863311 1.0 36000
1694836893177 1.0 40000
1694836927200 1.0 44000
1694836958462 1.0 48000
1694836990793 1.0 52000
1694837023853 1.0 56000
1694837056133 1.0 60000
1694837087108 1.0 64000
1694837118656 1.0 68000
1694837150827 1.0 72000
1694837182546 1.0 76000
1694837215562 1.0 80000
1694837250375 1.0 84000
1694837282762 1.0 88000
1694837314557 1.0 92000
1694837347015 1.0 96000
1694837379122 1.0 100000
1694837410593 1.0 104000
1694837442709 1.0 108000
1694837474371 1.0 112000
1694837506183 1.0 116000
1694837538578 1.0 120000
1694837573361 1.0 124000
1694837605854 1.0 128000
1694837639817 1.0 132000
1694837672683 1.0 136000
1694837705089 1.0 140000
1694837737327 1.0 144000
1694837769229 1.0 148000
1694837801963 1.0 152000
1694837834010 1.0 156000
1694837867522 1.0 160000
1694837905467 1.0 164000
1694837938833 1.0 168000
1694837971148 1.0 172000
1694838004781 1.0 176000
1694838036929 1.0 180000
1694838068084 1.0 184000
1694838099470 1.0 188000
1694838130830 1.0 192000
1694838162235 1.0 196000
1694838192897 1.0 200000
1694838228831 1.0 204000
1694838260135 1.0 208000
1694838290990 1.0 212000
1694838322911 1.0 216000
1694838354505 1.0 220000
1694838385926 1.0 224000
1694838417064 1.0 228000
1694838447882 1.0 232000
1694838479801 1.0 236000
1694838511673 1.0 240000
1694838547346 1.0 244000
1694838579840 1.0 248000
1694838611833 1.0 252000
1694838643978 1.0 256000
1694838675326 1.0 260000
1694838706613 1.0 264000
1694838738446 1.0 268000
1694838771273 1.0 272000
1694838804116 1.0 276000
1694838837507 1.0 280000
1694838875133 1.0 284000
1694838908121 1.0 288000
1694838941060 1.0 292000
1694838973643 1.0 296000
1694839006706 1.0 300000
1694839038443 1.0 304000
1694839070211 1.0 308000
1694839101605 1.0 312000
1694839134616 1.0 316000
1694839166648 1.0 320000
1694839200644 1.0 324000
1694839233086 1.0 328000
1694839264736 1.0 332000
1694839297100 1.0 336000
1694839328296 1.0 340000
1694839359597 1.0 344000
1694839389685 1.0 348000
1694839420650 1.0 352000
1694839451940 1.0 356000
1694839482927 1.0 360000
1694839516161 1.0 364000
1694839547847 1.0 368000
1694839579313 1.0 372000
1694839611561 1.0 376000
1694839642649 1.0 380000
1694839674275 1.0 384000
1694839706623 1.0 388000
1694839739383 1.0 392000
1694839771276 1.0 396000
1694839804006 1.0 400000
1694839840451 1.0 404000
1694839873303 1.0 408000
1694839906021 1.0 412000
1694839938312 1.0 416000
1694839971019 1.0 420000
1694840002974 1.0 424000
1694840035714 1.0 428000
1694840067105 1.0 432000
1694840099487 1.0 436000
1694840132851 1.0 440000
1694840170528 1.0 444000
1694840204902 1.0 448000
1694840237181 1.0 452000
1694840270645 1.0 456000
1694840302656 1.0 460000
1694840335438 1.0 464000
1694840366180 1.0 468000
1694840399408 1.0 472000
1694840430491 1.0 476000
1694840462696 1.0 480000
1694840497909 1.0 484000
1694840530023 1.0 488000
1694840561849 1.0 492000
1694840593911 1.0 496000
1694840627362 1.0 500000
1694840658527 1.0 504000
1694840690076 1.0 508000
1694840720612 1.0 512000
1694840752219 1.0 516000
1694840783498 1.0 520000
1694840820581 1.0 524000
1694840855890 1.0 528000
1694840885017 1.0 532000
1694840911984 1.0 536000
1694840940070 1.0 540000
1694840966208 1.0 544000
1694840993041 1.0 548000
1694841019228 1.0 552000
1694841045866 1.0 556000
1694841073194 1.0 560000
1694841101883 1.0 564000
1694841128196 1.0 568000
1694841154670 1.0 572000
1694841181588 1.0 576000
