1694836625233 0.0 4000
1694836654113 0.0 8000
1694836682237 0.0 12000
1694836711965 0.0 16000
1694836741702 0.0 20000
1694836771163 0.0 24000
1694836802118 0.0 28000
1694836832420 0.0 32000
1694836863309 0.0 36000
1694836893176 0.0 40000
1694836927198 0.0 44000
1694836958461 0.0 48000
1694836990791 0.0 52000
1694837023852 0.0 56000
1694837056132 0.0 60000
1694837087107 0.0 64000
1694837118655 0.0 68000
1694837150826 0.0 72000
1694837182544 0.0 76000
1694837215561 0.0 80000
1694837250373 0.0 84000
1694837282760 0.0 88000
1694837314556 0.0 92000
1694837347014 0.0 96000
1694837379121 0.0 100000
1694837410592 0.0 104000
1694837442708 0.0 108000
1694837474370 0.0 112000
1694837506179 0.0 116000
1694837538576 0.0 120000
1694837573360 0.0 124000
1694837605852 0.0 128000
1694837639815 0.0 132000
1694837672681 0.0 136000
1694837705086 0.0 140000
1694837737324 0.0 144000
1694837769227 0.0 148000
1694837801961 0.0 152000
1694837834008 0.0 156000
1694837867520 0.0 160000
1694837905465 0.0 164000
1694837938832 0.0 168000
1694837971147 0.0 172000
1694838004780 0.0 176000
1694838036928 0.0 180000
1694838068083 0.0 184000
1694838099469 0.0 188000
1694838130829 0.0 192000
1694838162234 0.0 196000
1694838192895 0.0 200000
1694838228830 0.0 204000
1694838260134 0.0 208000
1694838290989 0.0 212000
1694838322909 0.0 216000
1694838354503 0.0 220000
1694838385925 0.0 224000
1694838417062 0.0 228000
1694838447881 0.0 232000
1694838479799 0.0 236000
1694838511671 0.0 240000
1694838547344 0.0 244000
1694838579839 0.0 248000
1694838611832 0.0 252000
1694838643977 0.0 256000
1694838675324 0.0 260000
1694838706610 0.0 264000
1694838738445 0.0 268000
1694838771272 0.0 272000
1694838804115 0.0 276000
1694838837504 0.0 280000
1694838875132 0.0 284000
1694838908119 0.0 288000
1694838941059 0.0 292000
1694838973642 0.0 296000
1694839006705 0.0 300000
1694839038442 0.0 304000
1694839070209 0.0 308000
1694839101604 0.0 312000
1694839134615 0.0 316000
1694839166647 0.0 320000
1694839200643 0.0 324000
1694839233085 0.0 328000
1694839264735 0.0 332000
1694839297099 0.0 336000
1694839328295 0.0 340000
1694839359596 0.0 344000
1694839389684 0.0 348000
1694839420649 0.0 352000
1694839451939 0.0 356000
1694839482925 0.0 360000
1694839516159 0.0 364000
1694839547846 0.0 368000
1694839579311 0.0 372000
1694839611560 0.0 376000
1694839642647 0.0 380000
1694839674273 0.0 384000
1694839706621 0.0 388000
1694839739381 0.0 392000
1694839771274 0.0 396000
1694839804004 0.0 400000
1694839840450 0.0 404000
1694839873302 0.0 408000
1694839906019 0.0 412000
1694839938311 0.0 416000
1694839971017 0.0 420000
1694840002972 0.0 424000
1694840035712 0.0 428000
1694840067104 0.0 432000
1694840099485 0.0 436000
1694840132849 0.0 440000
1694840170527 0.0 444000
1694840204900 0.0 448000
1694840237180 0.0 452000
1694840270643 0.0 456000
1694840302655 0.0 460000
1694840335436 0.0 464000
1694840366177 0.0 468000
1694840399407 0.0 472000
1694840430490 0.0 476000
1694840462694 0.0 480000
1694840497908 0.0 484000
1694840530021 0.0 488000
1694840561848 0.0 492000
1694840593909 0.0 496000
1694840627361 0.0 500000
1694840658526 0.0 504000
1694840690075 0.0 508000
1694840720611 0.0 512000
1694840752218 0.0 516000
1694840783497 0.0 520000
1694840820580 0.0 524000
1694840855888 0.0 528000
1694840885015 0.0 532000
1694840911982 0.0 536000
1694840940069 0.0 540000
1694840966206 0.0 544000
1694840993040 0.0 548000
1694841019227 0.0 552000
1694841045864 0.0 556000
1694841073192 0.0 560000
1694841101882 0.0 564000
1694841128195 0.0 568000
1694841154668 0.0 572000
1694841181586 0.0 576000
