1694836625238 0.0 4000
1694836654116 0.0 8000
1694836682239 0.0 12000
1694836711984 0.0 16000
1694836741706 0.0 20000
1694836771184 0.0 24000
1694836802121 0.0 28000
1694836832424 0.0 32000
1694836863312 0.0 36000
1694836893179 0.0 40000
1694836927201 0.0 44000
1694836958464 0.0 48000
1694836990795 0.0 52000
1694837023855 0.0 56000
1694837056135 0.0 60000
1694837087109 0.0 64000
1694837118657 0.0 68000
1694837150829 0.0 72000
1694837182549 0.0 76000
1694837215564 0.0 80000
1694837250376 0.0 84000
1694837282763 0.0 88000
1694837314558 0.0 92000
1694837347016 0.0 96000
1694837379124 0.0 100000
1694837410595 0.0 104000
1694837442711 0.0 108000
1694837474373 0.0 112000
1694837506185 0.0 116000
1694837538581 0.0 120000
1694837573363 0.0 124000
1694837605856 0.0 128000
1694837639818 0.0 132000
1694837672684 0.0 136000
1694837705092 0.0 140000
1694837737329 0.0 144000
1694837769230 0.0 148000
1694837801965 0.0 152000
1694837834013 0.0 156000
1694837867523 0.0 160000
1694837905469 0.0 164000
1694837938834 0.0 168000
1694837971150 0.0 172000
1694838004782 0.0 176000
1694838036931 0.0 180000
1694838068085 0.0 184000
1694838099471 0.0 188000
1694838130832 0.0 192000
1694838162236 0.0 196000
1694838192898 0.0 200000
1694838228833 0.0 204000
1694838260136 0.0 208000
1694838290992 0.0 212000
1694838322912 0.0 216000
1694838354507 0.0 220000
1694838385927 0.0 224000
1694838417065 0.0 228000
1694838447883 0.0 232000
1694838479802 0.0 236000
1694838511676 0.0 240000
1694838547347 0.0 244000
1694838579842 0.0 248000
1694838611834 0.0 252000
1694838643979 0.0 256000
1694838675327 0.0 260000
1694838706615 0.0 264000
1694838738447 0.0 268000
1694838771274 0.0 272000
1694838804118 0.0 276000
1694838837509 0.0 280000
1694838875134 0.0 284000
1694838908124 0.0 288000
1694838941062 0.0 292000
1694838973644 0.0 296000
1694839006707 0.0 300000
1694839038444 0.0 304000
1694839070213 0.0 308000
1694839101608 0.0 312000
1694839134618 0.0 316000
1694839166649 0.0 320000
1694839200645 0.0 324000
1694839233088 0.0 328000
1694839264738 0.0 332000
1694839297102 0.0 336000
1694839328297 0.0 340000
1694839359598 0.0 344000
1694839389686 0.0 348000
1694839420651 0.0 352000
1694839451942 0.0 356000
1694839482929 0.0 360000
1694839516162 0.0 364000
1694839547849 0.0 368000
1694839579315 0.0 372000
1694839611563 0.0 376000
1694839642650 0.0 380000
1694839674277 0.0 384000
1694839706624 0.0 388000
1694839739384 0.0 392000
1694839771277 0.0 396000
1694839804007 0.0 400000
1694839840453 0.0 404000
1694839873304 0.0 408000
1694839906023 0.0 412000
1694839938313 0.0 416000
1694839971020 0.0 420000
1694840002976 0.0 424000
1694840035715 0.0 428000
1694840067106 0.0 432000
1694840099488 0.0 436000
1694840132870 0.0 440000
1694840170530 0.0 444000
1694840204904 0.0 448000
1694840237183 0.0 452000
1694840270646 0.0 456000
1694840302658 0.0 460000
1694840335439 0.0 464000
1694840366182 0.0 468000
1694840399409 0.0 472000
1694840430493 0.0 476000
1694840462698 0.0 480000
1694840497910 0.0 484000
1694840530024 0.0 488000
1694840561850 0.0 492000
1694840593912 0.0 496000
1694840627363 0.0 500000
1694840658528 0.0 504000
1694840690077 0.0 508000
1694840720613 0.0 512000
1694840752220 0.0 516000
1694840783499 0.0 520000
1694840820583 0.0 524000
1694840855891 0.0 528000
1694840885018 0.0 532000
1694840911985 0.0 536000
1694840940071 0.0 540000
1694840966211 0.0 544000
1694840993042 0.0 548000
1694841019230 0.0 552000
1694841045867 0.0 556000
1694841073195 0.0 560000
1694841101884 0.0 564000
1694841128197 0.0 568000
1694841154671 0.0 572000
1694841181590 0.0 576000
