1694836625111 0.0 4000
1694836654062 0.0 8000
1694836682178 0.0 12000
1694836711884 0.0 16000
1694836741647 0.0 20000
1694836771067 0.0 24000
1694836802054 0.0 28000
1694836832324 0.0 32000
1694836863256 0.0 36000
1694836893113 0.0 40000
1694836927133 0.0 44000
1694836958408 0.0 48000
1694836990722 0.0 52000
1694837023775 0.0 56000
1694837056078 0.0 60000
1694837087049 0.0 64000
1694837118600 0.0 68000
1694837150760 0.0 72000
1694837182483 0.0 76000
1694837215490 0.0 80000
1694837250270 0.0 84000
1694837282697 0.0 88000
1694837314490 0.0 92000
1694837346949 0.0 96000
1694837379039 0.0 100000
1694837410528 0.0 104000
1694837442641 0.0 108000
1694837474308 0.0 112000
1694837506124 0.0 116000
1694837538516 0.0 120000
1694837573291 0.0 124000
1694837605787 0.0 128000
1694837639741 0.0 132000
1694837672556 0.0 136000
1694837705023 0.0 140000
1694837737248 0.0 144000
1694837769165 0.0 148000
1694837801896 0.0 152000
1694837833937 0.0 156000
1694837867455 0.0 160000
1694837905402 0.0 164000
1694837938777 0.0 168000
1694837971047 0.0 172000
1694838004722 0.0 176000
1694838036874 0.0 180000
1694838068033 0.0 184000
1694838099417 0.0 188000
1694838130773 0.0 192000
1694838162185 0.0 196000
1694838192845 0.0 200000
1694838228775 0.0 204000
1694838260085 0.0 208000
1694838290887 0.0 212000
1694838322850 0.0 216000
1694838354450 0.0 220000
1694838385876 0.0 224000
1694838416997 0.0 228000
1694838447828 0.0 232000
1694838479750 0.0 236000
1694838511574 0.0 240000
1694838547286 0.0 244000
1694838579785 0.0 248000
1694838611783 0.0 252000
1694838643927 0.0 256000
1694838675272 0.0 260000
1694838706555 0.0 264000
1694838738397 0.0 268000
1694838771220 0.0 272000
1694838804052 0.0 276000
1694838837444 0.0 280000
1694838875068 0.0 284000
1694838908061 0.0 288000
1694838941005 0.0 292000
1694838973588 0.0 296000
1694839006650 0.0 300000
1694839038385 0.0 304000
1694839070156 0.0 308000
1694839101553 0.0 312000
1694839134561 0.0 316000
1694839166597 0.0 320000
1694839200595 0.0 324000
1694839232974 0.0 328000
1694839264690 0.0 332000
1694839297047 0.0 336000
1694839328234 0.0 340000
1694839359548 0.0 344000
1694839389638 0.0 348000
1694839420598 0.0 352000
1694839451888 0.0 356000
1694839482865 0.0 360000
1694839516113 0.0 364000
1694839547797 0.0 368000
1694839579266 0.0 372000
1694839611507 0.0 376000
1694839642598 0.0 380000
1694839674221 0.0 384000
1694839706572 0.0 388000
1694839739327 0.0 392000
1694839771173 0.0 396000
1694839803946 0.0 400000
1694839840391 0.0 404000
1694839873255 0.0 408000
1694839905965 0.0 412000
1694839938248 0.0 416000
1694839970958 0.0 420000
1694840002920 0.0 424000
1694840035657 0.0 428000
1694840067045 0.0 432000
1694840099431 0.0 436000
1694840132744 0.0 440000
1694840170470 0.0 444000
1694840204852 0.0 448000
1694840237123 0.0 452000
1694840270582 0.0 456000
1694840302604 0.0 460000
1694840335386 0.0 464000
1694840366127 0.0 468000
1694840399357 0.0 472000
1694840430393 0.0 476000
1694840462632 0.0 480000
1694840497852 0.0 484000
1694840529960 0.0 488000
1694840561798 0.0 492000
1694840593853 0.0 496000
1694840627310 0.0 500000
1694840658474 0.0 504000
1694840690024 0.0 508000
1694840720561 0.0 512000
1694840752169 0.0 516000
1694840783446 0.0 520000
1694840820523 0.0 524000
1694840855831 0.0 528000
1694840884962 0.0 532000
1694840911883 0.0 536000
1694840940021 0.0 540000
1694840966149 0.0 544000
1694840992993 0.0 548000
1694841019181 0.0 552000
1694841045813 0.0 556000
1694841073135 0.0 560000
1694841101829 0.0 564000
1694841128138 0.0 568000
1694841154616 0.0 572000
1694841181525 0.0 576000
