1694836625045 0.0 4000
1694836654026 0.0 8000
1694836682132 0.0 12000
1694836711803 0.0 16000
1694836741616 0.0 20000
1694836770903 0.0 24000
1694836802011 0.0 28000
1694836832244 0.0 32000
1694836863208 0.0 36000
1694836893073 0.0 40000
1694836927092 0.0 44000
1694836958368 0.0 48000
1694836990677 0.0 52000
1694837023724 0.0 56000
1694837056037 0.0 60000
1694837087009 0.0 64000
1694837118552 0.0 68000
1694837150721 0.0 72000
1694837182448 0.0 76000
1694837215448 0.0 80000
1694837250185 0.0 84000
1694837282649 0.0 88000
1694837314449 0.0 92000
1694837346904 0.0 96000
1694837379000 0.0 100000
1694837410486 0.0 104000
1694837442598 0.0 108000
1694837474261 0.0 112000
1694837506078 0.0 116000
1694837538478 0.0 120000
1694837573242 0.0 124000
1694837605742 0.0 128000
1694837639691 0.0 132000
1694837672490 0.0 136000
1694837704978 0.0 140000
1694837737201 0.0 144000
1694837769120 0.0 148000
1694837801850 0.0 152000
1694837833892 0.0 156000
1694837867417 0.0 160000
1694837905358 0.0 164000
1694837938735 0.0 168000
1694837970988 0.0 172000
1694838004682 0.0 176000
1694838036828 0.0 180000
1694838068002 0.0 184000
1694838099375 0.0 188000
1694838130734 0.0 192000
1694838162152 0.0 196000
1694838192803 0.0 200000
1694838228734 0.0 204000
1694838260049 0.0 208000
1694838290852 0.0 212000
1694838322813 0.0 216000
1694838354410 0.0 220000
1694838385838 0.0 224000
1694838416964 0.0 228000
1694838447785 0.0 232000
1694838479714 0.0 236000
1694838511517 0.0 240000
1694838547243 0.0 244000
1694838579741 0.0 248000
1694838611749 0.0 252000
1694838643890 0.0 256000
1694838675238 0.0 260000
1694838706518 0.0 264000
1694838738364 0.0 268000
1694838771181 0.0 272000
1694838804012 0.0 276000
1694838837401 0.0 280000
1694838875019 0.0 284000
1694838908017 0.0 288000
1694838940966 0.0 292000
1694838973545 0.0 296000
1694839006613 0.0 300000
1694839038344 0.0 304000
1694839070123 0.0 308000
1694839101517 0.0 312000
1694839134524 0.0 316000
1694839166562 0.0 320000
1694839200553 0.0 324000
1694839232908 0.0 328000
1694839264648 0.0 332000
1694839297012 0.0 336000
1694839328192 0.0 340000
1694839359514 0.0 344000
1694839389594 0.0 348000
1694839420562 0.0 352000
1694839451849 0.0 356000
1694839482828 0.0 360000
1694839516075 0.0 364000
1694839547766 0.0 368000
1694839579231 0.0 372000
1694839611471 0.0 376000
1694839642559 0.0 380000
1694839674179 0.0 384000
1694839706534 0.0 388000
1694839739292 0.0 392000
1694839771114 0.0 396000
1694839803904 0.0 400000
1694839840351 0.0 404000
1694839873222 0.0 408000
1694839905933 0.0 412000
1694839938207 0.0 416000
1694839970920 0.0 420000
1694840002881 0.0 424000
1694840035618 0.0 428000
1694840067003 0.0 432000
1694840099391 0.0 436000
1694840132683 0.0 440000
1694840170426 0.0 444000
1694840204818 0.0 448000
1694840237088 0.0 452000
1694840270542 0.0 456000
1694840302565 0.0 460000
1694840335344 0.0 464000
1694840366087 0.0 468000
1694840399318 0.0 472000
1694840430336 0.0 476000
1694840462590 0.0 480000
1694840497810 0.0 484000
1694840529916 0.0 488000
1694840561763 0.0 492000
1694840593813 0.0 496000
1694840627274 0.0 500000
1694840658433 0.0 504000
1694840689988 0.0 508000
1694840720521 0.0 512000
1694840752135 0.0 516000
1694840783402 0.0 520000
1694840820473 0.0 524000
1694840855794 0.0 528000
1694840884927 0.0 532000
1694840911800 0.0 536000
1694840939977 0.0 540000
1694840966118 0.0 544000
1694840992960 0.0 548000
1694841019147 0.0 552000
1694841045779 0.0 556000
1694841073099 0.0 560000
1694841101792 0.0 564000
1694841128103 0.0 568000
1694841154586 0.0 572000
1694841181448 0.0 576000
