1694836625212 0.0 4000
1694836654109 0.0 8000
1694836682233 0.0 12000
1694836711960 0.0 16000
1694836741700 0.0 20000
1694836771158 0.0 24000
1694836802114 0.0 28000
1694836832400 0.0 32000
1694836863307 0.0 36000
1694836893174 0.0 40000
1694836927195 0.0 44000
1694836958459 0.0 48000
1694836990786 0.0 52000
1694837023848 0.0 56000
1694837056130 0.0 60000
1694837087105 0.0 64000
1694837118653 0.0 68000
1694837150824 0.0 72000
1694837182539 0.0 76000
1694837215559 0.0 80000
1694837250370 0.0 84000
1694837282758 0.0 88000
1694837314553 0.0 92000
1694837347011 0.0 96000
1694837379118 0.0 100000
1694837410589 0.0 104000
1694837442704 0.0 108000
1694837474368 0.0 112000
1694837506175 0.0 116000
1694837538573 0.0 120000
1694837573354 0.0 124000
1694837605848 0.0 128000
1694837639812 0.0 132000
1694837672659 0.0 136000
1694837705081 0.0 140000
1694837737319 0.0 144000
1694837769225 0.0 148000
1694837801956 0.0 152000
1694837834004 0.0 156000
1694837867517 0.0 160000
1694837905461 0.0 164000
1694837938829 0.0 168000
1694837971144 0.0 172000
1694838004777 0.0 176000
1694838036926 0.0 180000
1694838068080 0.0 184000
1694838099466 0.0 188000
1694838130826 0.0 192000
1694838162231 0.0 196000
1694838192891 0.0 200000
1694838228827 0.0 204000
1694838260131 0.0 208000
1694838290986 0.0 212000
1694838322906 0.0 216000
1694838354498 0.0 220000
1694838385922 0.0 224000
1694838417059 0.0 228000
1694838447878 0.0 232000
1694838479795 0.0 236000
1694838511666 0.0 240000
1694838547342 0.0 244000
1694838579837 0.0 248000
1694838611829 0.0 252000
1694838643974 0.0 256000
1694838675322 0.0 260000
1694838706606 0.0 264000
1694838738442 0.0 268000
1694838771269 0.0 272000
1694838804112 0.0 276000
1694838837500 0.0 280000
1694838875129 0.0 284000
1694838908115 0.0 288000
1694838941055 0.0 292000
1694838973639 0.0 296000
1694839006702 0.0 300000
1694839038439 0.0 304000
1694839070207 0.0 308000
1694839101602 0.0 312000
1694839134612 0.0 316000
1694839166645 0.0 320000
1694839200640 0.0 324000
1694839233082 0.0 328000
1694839264733 0.0 332000
1694839297097 0.0 336000
1694839328292 0.0 340000
1694839359594 0.0 344000
1694839389682 0.0 348000
1694839420646 0.0 352000
1694839451937 0.0 356000
1694839482921 0.0 360000
1694839516157 0.0 364000
1694839547844 0.0 368000
1694839579309 0.0 372000
1694839611558 0.0 376000
1694839642645 0.0 380000
1694839674268 0.0 384000
1694839706618 0.0 388000
1694839739379 0.0 392000
1694839771271 0.0 396000
1694839804002 0.0 400000
1694839840447 0.0 404000
1694839873299 0.0 408000
1694839906017 0.0 412000
1694839938308 0.0 416000
1694839971014 0.0 420000
1694840002969 0.0 424000
1694840035710 0.0 428000
1694840067102 0.0 432000
1694840099483 0.0 436000
1694840132844 0.0 440000
1694840170524 0.0 444000
1694840204898 0.0 448000
1694840237176 0.0 452000
1694840270640 0.0 456000
1694840302653 0.0 460000
1694840335434 0.0 464000
1694840366174 0.0 468000
1694840399405 0.0 472000
1694840430487 0.0 476000
1694840462691 0.0 480000
1694840497905 0.0 484000
1694840530019 0.0 488000
1694840561846 0.0 492000
1694840593906 0.0 496000
1694840627358 0.0 500000
1694840658524 0.0 504000
1694840690072 0.0 508000
1694840720608 0.0 512000
1694840752215 0.0 516000
1694840783494 0.0 520000
1694840820578 0.0 524000
1694840855884 0.0 528000
1694840885012 0.0 532000
1694840911962 0.0 536000
1694840940067 0.0 540000
1694840966203 0.0 544000
1694840993038 0.0 548000
1694841019225 0.0 552000
1694841045859 0.0 556000
1694841073188 0.0 560000
1694841101880 0.0 564000
1694841128192 0.0 568000
1694841154663 0.0 572000
1694841181583 0.0 576000
