1694836625133 0.0 4000
1694836654067 0.0 8000
1694836682182 0.0 12000
1694836711889 0.0 16000
1694836741650 0.0 20000
1694836771087 0.0 24000
1694836802059 0.0 28000
1694836832328 0.0 32000
1694836863259 0.0 36000
1694836893117 0.0 40000
1694836927140 0.0 44000
1694836958412 0.0 48000
1694836990729 0.0 52000
1694837023780 0.0 56000
1694837056082 0.0 60000
1694837087053 0.0 64000
1694837118604 0.0 68000
1694837150764 0.0 72000
1694837182486 0.0 76000
1694837215498 0.0 80000
1694837250275 0.0 84000
1694837282704 0.0 88000
1694837314496 0.0 92000
1694837346955 0.0 96000
1694837379044 0.0 100000
1694837410534 0.0 104000
1694837442646 0.0 108000
1694837474312 0.0 112000
1694837506128 0.0 116000
1694837538520 0.0 120000
1694837573295 0.0 124000
1694837605793 0.0 128000
1694837639746 0.0 132000
1694837672579 0.0 136000
1694837705027 0.0 140000
1694837737255 0.0 144000
1694837769170 0.0 148000
1694837801901 0.0 152000
1694837833945 0.0 156000
1694837867463 0.0 160000
1694837905408 0.0 164000
1694837938780 0.0 168000
1694837971051 0.0 172000
1694838004726 0.0 176000
1694838036878 0.0 180000
1694838068036 0.0 184000
1694838099421 0.0 188000
1694838130777 0.0 192000
1694838162189 0.0 196000
1694838192851 0.0 200000
1694838228779 0.0 204000
1694838260088 0.0 208000
1694838290891 0.0 212000
1694838322855 0.0 216000
1694838354455 0.0 220000
1694838385879 0.0 224000
1694838417000 0.0 228000
1694838447832 0.0 232000
1694838479754 0.0 236000
1694838511594 0.0 240000
1694838547290 0.0 244000
1694838579789 0.0 248000
1694838611787 0.0 252000
1694838643930 0.0 256000
1694838675275 0.0 260000
1694838706561 0.0 264000
1694838738402 0.0 268000
1694838771224 0.0 272000
1694838804056 0.0 276000
1694838837448 0.0 280000
1694838875072 0.0 284000
1694838908067 0.0 288000
1694838941009 0.0 292000
1694838973591 0.0 296000
1694839006653 0.0 300000
1694839038390 0.0 304000
1694839070160 0.0 308000
1694839101559 0.0 312000
1694839134566 0.0 316000
1694839166602 0.0 320000
1694839200599 0.0 324000
1694839232980 0.0 328000
1694839264694 0.0 332000
1694839297050 0.0 336000
1694839328239 0.0 340000
1694839359552 0.0 344000
1694839389642 0.0 348000
1694839420602 0.0 352000
1694839451892 0.0 356000
1694839482871 0.0 360000
1694839516116 0.0 364000
1694839547801 0.0 368000
1694839579269 0.0 372000
1694839611511 0.0 376000
1694839642601 0.0 380000
1694839674226 0.0 384000
1694839706577 0.0 388000
1694839739331 0.0 392000
1694839771178 0.0 396000
1694839803950 0.0 400000
1694839840395 0.0 404000
1694839873258 0.0 408000
1694839905968 0.0 412000
1694839938252 0.0 416000
1694839970962 0.0 420000
1694840002927 0.0 424000
1694840035661 0.0 428000
1694840067049 0.0 432000
1694840099435 0.0 436000
1694840132749 0.0 440000
1694840170475 0.0 444000
1694840204856 0.0 448000
1694840237131 0.0 452000
1694840270588 0.0 456000
1694840302608 0.0 460000
1694840335390 0.0 464000
1694840366133 0.0 468000
1694840399360 0.0 472000
1694840430398 0.0 476000
1694840462638 0.0 480000
1694840497856 0.0 484000
1694840529964 0.0 488000
1694840561801 0.0 492000
1694840593857 0.0 496000
1694840627314 0.0 500000
1694840658478 0.0 504000
1694840690028 0.0 508000
1694840720564 0.0 512000
1694840752173 0.0 516000
1694840783449 0.0 520000
1694840820527 0.0 524000
1694840855837 0.0 528000
1694840884965 0.0 532000
1694840911887 0.0 536000
1694840940025 0.0 540000
1694840966156 0.0 544000
1694840992997 0.0 548000
1694841019185 0.0 552000
1694841045817 0.0 556000
1694841073139 0.0 560000
1694841101833 0.0 564000
1694841128143 0.0 568000
1694841154621 0.0 572000
1694841181529 0.0 576000
