1694836625085 1.0 4000
1694836654041 1.0 8000
1694836682157 1.0 12000
1694836711842 1.0 16000
1694836741630 1.0 20000
1694836771039 1.0 24000
1694836802030 1.0 28000
1694836832282 1.0 32000
1694836863233 1.0 36000
1694836893095 1.0 40000
1694836927108 1.0 44000
1694836958383 1.0 48000
1694836990700 1.0 52000
1694837023750 1.0 56000
1694837056057 1.0 60000
1694837087025 1.0 64000
1694837118570 1.0 68000
1694837150736 1.0 72000
1694837182464 1.0 76000
1694837215466 1.0 80000
1694837250226 1.0 84000
1694837282666 1.0 88000
1694837314467 1.0 92000
1694837346919 1.0 96000
1694837379019 1.0 100000
1694837410507 1.0 104000
1694837442618 1.0 108000
1694837474279 1.0 112000
1694837506105 1.0 116000
1694837538492 1.0 120000
1694837573266 1.0 124000
1694837605765 1.0 128000
1694837639715 1.0 132000
1694837672531 1.0 136000
1694837704999 1.0 140000
1694837737225 1.0 144000
1694837769137 1.0 148000
1694837801872 1.0 152000
1694837833917 1.0 156000
1694837867434 1.0 160000
1694837905375 1.0 164000
1694837938757 1.0 168000
1694837971006 1.0 172000
1694838004703 1.0 176000
1694838036849 1.0 180000
1694838068017 1.0 184000
1694838099391 1.0 188000
1694838130750 1.0 192000
1694838162168 1.0 196000
1694838192826 1.0 200000
1694838228750 1.0 204000
1694838260067 1.0 208000
1694838290867 1.0 212000
1694838322829 1.0 216000
1694838354430 1.0 220000
1694838385853 1.0 224000
1694838416980 1.0 228000
1694838447800 1.0 232000
1694838479731 1.0 236000
1694838511553 1.0 240000
1694838547265 1.0 244000
1694838579761 1.0 248000
1694838611764 1.0 252000
1694838643910 1.0 256000
1694838675255 1.0 260000
1694838706535 1.0 264000
1694838738378 1.0 268000
1694838771196 1.0 272000
1694838804033 1.0 276000
1694838837424 1.0 280000
1694838875042 1.0 284000
1694838908038 1.0 288000
1694838940984 1.0 292000
1694838973566 1.0 296000
1694839006632 1.0 300000
1694839038361 1.0 304000
1694839070139 1.0 308000
1694839101536 1.0 312000
1694839134541 1.0 316000
1694839166581 1.0 320000
1694839200575 1.0 324000
1694839232931 1.0 328000
1694839264668 1.0 332000
1694839297030 1.0 336000
1694839328206 1.0 340000
1694839359528 1.0 344000
1694839389608 1.0 348000
1694839420577 1.0 352000
1694839451864 1.0 356000
1694839482846 1.0 360000
1694839516094 1.0 364000
1694839547780 1.0 368000
1694839579248 1.0 372000
1694839611486 1.0 376000
1694839642574 1.0 380000
1694839674200 1.0 384000
1694839706550 1.0 388000
1694839739308 1.0 392000
1694839771134 1.0 396000
1694839803923 1.0 400000
1694839840369 1.0 404000
1694839873236 1.0 408000
1694839905948 1.0 412000
1694839938224 1.0 416000
1694839970938 1.0 420000
1694840002902 1.0 424000
1694840035639 1.0 428000
1694840067017 1.0 432000
1694840099409 1.0 436000
1694840132703 1.0 440000
1694840170449 1.0 444000
1694840204833 1.0 448000
1694840237105 1.0 452000
1694840270560 1.0 456000
1694840302580 1.0 460000
1694840335362 1.0 464000
1694840366109 1.0 468000
1694840399333 1.0 472000
1694840430355 1.0 476000
1694840462612 1.0 480000
1694840497828 1.0 484000
1694840529934 1.0 488000
1694840561780 1.0 492000
1694840593828 1.0 496000
1694840627292 1.0 500000
1694840658456 1.0 504000
1694840690007 1.0 508000
1694840720535 1.0 512000
1694840752149 1.0 516000
1694840783423 1.0 520000
1694840820497 1.0 524000
1694840855814 1.0 528000
1694840884941 1.0 532000
1694840911840 1.0 536000
1694840939998 1.0 540000
1694840966131 1.0 544000
1694840992977 1.0 548000
1694841019166 1.0 552000
1694841045796 1.0 556000
1694841073115 1.0 560000
1694841101813 1.0 564000
1694841128122 1.0 568000
1694841154599 1.0 572000
1694841181489 1.0 576000
