1694836625187 0.0 4000
1694836654090 0.0 8000
1694836682217 0.0 12000
1694836711939 0.0 16000
1694836741680 0.0 20000
1694836771139 0.0 24000
1694836802092 0.0 28000
1694836832378 0.0 32000
1694836863288 0.0 36000
1694836893152 0.0 40000
1694836927172 0.0 44000
1694836958441 0.0 48000
1694836990761 0.0 52000
1694837023818 0.0 56000
1694837056114 0.0 60000
1694837087082 0.0 64000
1694837118630 0.0 68000
1694837150806 0.0 72000
1694837182518 0.0 76000
1694837215534 0.0 80000
1694837250328 0.0 84000
1694837282734 0.0 88000
1694837314527 0.0 92000
1694837346985 0.0 96000
1694837379097 0.0 100000
1694837410567 0.0 104000
1694837442677 0.0 108000
1694837474345 0.0 112000
1694837506158 0.0 116000
1694837538555 0.0 120000
1694837573329 0.0 124000
1694837605825 0.0 128000
1694837639781 0.0 132000
1694837672634 0.0 136000
1694837705065 0.0 140000
1694837737293 0.0 144000
1694837769201 0.0 148000
1694837801933 0.0 152000
1694837833980 0.0 156000
1694837867494 0.0 160000
1694837905437 0.0 164000
1694837938813 0.0 168000
1694837971102 0.0 172000
1694838004759 0.0 176000
1694838036910 0.0 180000
1694838068065 0.0 184000
1694838099450 0.0 188000
1694838130808 0.0 192000
1694838162216 0.0 196000
1694838192875 0.0 200000
1694838228811 0.0 204000
1694838260116 0.0 208000
1694838290948 0.0 212000
1694838322884 0.0 216000
1694838354480 0.0 220000
1694838385906 0.0 224000
1694838417035 0.0 228000
1694838447862 0.0 232000
1694838479779 0.0 236000
1694838511646 0.0 240000
1694838547324 0.0 244000
1694838579820 0.0 248000
1694838611812 0.0 252000
1694838643954 0.0 256000
1694838675305 0.0 260000
1694838706590 0.0 264000
1694838738426 0.0 268000
1694838771249 0.0 272000
1694838804094 0.0 276000
1694838837482 0.0 280000
1694838875101 0.0 284000
1694838908094 0.0 288000
1694838941036 0.0 292000
1694838973623 0.0 296000
1694839006686 0.0 300000
1694839038421 0.0 304000
1694839070191 0.0 308000
1694839101586 0.0 312000
1694839134592 0.0 316000
1694839166629 0.0 320000
1694839200624 0.0 324000
1694839233056 0.0 328000
1694839264718 0.0 332000
1694839297081 0.0 336000
1694839328270 0.0 340000
1694839359577 0.0 344000
1694839389667 0.0 348000
1694839420629 0.0 352000
1694839451920 0.0 356000
1694839482901 0.0 360000
1694839516141 0.0 364000
1694839547828 0.0 368000
1694839579293 0.0 372000
1694839611539 0.0 376000
1694839642630 0.0 380000
1694839674251 0.0 384000
1694839706601 0.0 388000
1694839739357 0.0 392000
1694839771227 0.0 396000
1694839803984 0.0 400000
1694839840428 0.0 404000
1694839873283 0.0 408000
1694839906001 0.0 412000
1694839938283 0.0 416000
1694839970998 0.0 420000
1694840002953 0.0 424000
1694840035694 0.0 428000
1694840067078 0.0 432000
1694840099462 0.0 436000
1694840132820 0.0 440000
1694840170507 0.0 444000
1694840204882 0.0 448000
1694840237159 0.0 452000
1694840270617 0.0 456000
1694840302637 0.0 460000
1694840335416 0.0 464000
1694840366158 0.0 468000
1694840399389 0.0 472000
1694840430446 0.0 476000
1694840462669 0.0 480000
1694840497885 0.0 484000
1694840529999 0.0 488000
1694840561830 0.0 492000
1694840593884 0.0 496000
1694840627342 0.0 500000
1694840658508 0.0 504000
1694840690057 0.0 508000
1694840720593 0.0 512000
1694840752197 0.0 516000
1694840783474 0.0 520000
1694840820561 0.0 524000
1694840855868 0.0 528000
1694840884991 0.0 532000
1694840911938 0.0 536000
1694840940048 0.0 540000
1694840966183 0.0 544000
1694840993024 0.0 548000
1694841019208 0.0 552000
1694841045837 0.0 556000
1694841073169 0.0 560000
1694841101863 0.0 564000
1694841128177 0.0 568000
1694841154646 0.0 572000
1694841181566 0.0 576000
