1694836625282 0.3 4000
1694836654133 0.3 8000
1694836682257 0.3 12000
1694836712004 0.3 16000
1694836741727 0.3 20000
1694836771202 0.3 24000
1694836802138 0.3 28000
1694836832443 0.3 32000
1694836863333 0.3 36000
1694836893201 0.3 40000
1694836927220 0.3 44000
1694836958479 0.3 48000
1694836990813 0.3 52000
1694837023881 0.3 56000
1694837056157 0.3 60000
1694837087129 0.3 64000
1694837118699 0.3 68000
1694837150851 0.3 72000
1694837182566 0.3 76000
1694837215589 0.3 80000
1694837250418 0.3 84000
1694837282785 0.3 88000
1694837314575 0.3 92000
1694837347036 0.3 96000
1694837379145 0.3 100000
1694837410617 0.3 104000
1694837442731 0.3 108000
1694837474396 0.3 112000
1694837506211 0.3 116000
1694837538604 0.3 120000
1694837573382 0.3 124000
1694837605875 0.3 128000
1694837639841 0.3 132000
1694837672709 0.3 136000
1694837705118 0.3 140000
1694837737348 0.3 144000
1694837769253 0.3 148000
1694837801983 0.3 152000
1694837834032 0.3 156000
1694837867545 0.3 160000
1694837905488 0.3 164000
1694837938859 0.3 168000
1694837971192 0.3 172000
1694838004801 0.3 176000
1694838036948 0.3 180000
1694838068106 0.3 184000
1694838099486 0.3 188000
1694838130852 0.3 192000
1694838162255 0.3 196000
1694838192915 0.3 200000
1694838228853 0.3 204000
1694838260156 0.3 208000
1694838291011 0.3 212000
1694838322932 0.3 216000
1694838354525 0.3 220000
1694838385943 0.3 224000
1694838417081 0.3 228000
1694838447901 0.3 232000
1694838479820 0.3 236000
1694838511713 0.3 240000
1694838547369 0.3 244000
1694838579861 0.3 248000
1694838611851 0.3 252000
1694838643994 0.3 256000
1694838675343 0.3 260000
1694838706638 0.3 264000
1694838738465 0.3 268000
1694838771290 0.3 272000
1694838804137 0.3 276000
1694838837531 0.3 280000
1694838875152 0.3 284000
1694838908187 0.3 288000
1694838941079 0.3 292000
1694838973662 0.3 296000
1694839006725 0.3 300000
1694839038461 0.3 304000
1694839070232 0.3 308000
1694839101628 0.3 312000
1694839134635 0.3 316000
1694839166669 0.3 320000
1694839200665 0.3 324000
1694839233131 0.3 328000
1694839264753 0.3 332000
1694839297122 0.3 336000
1694839328314 0.3 340000
1694839359616 0.3 344000
1694839389701 0.3 348000
1694839420674 0.3 352000
1694839451957 0.3 356000
1694839482948 0.3 360000
1694839516184 0.3 364000
1694839547865 0.3 368000
1694839579334 0.3 372000
1694839611579 0.3 376000
1694839642665 0.3 380000
1694839674297 0.3 384000
1694839706640 0.3 388000
1694839739400 0.3 392000
1694839771319 0.3 396000
1694839804023 0.3 400000
1694839840472 0.3 404000
1694839873321 0.3 408000
1694839906047 0.3 412000
1694839938338 0.3 416000
1694839971036 0.3 420000
1694840002995 0.3 424000
1694840035736 0.3 428000
1694840067123 0.3 432000
1694840099504 0.3 436000
1694840132891 0.3 440000
1694840170554 0.3 444000
1694840204922 0.3 448000
1694840237200 0.3 452000
1694840270665 0.3 456000
1694840302674 0.3 460000
1694840335456 0.3 464000
1694840366199 0.3 468000
1694840399425 0.3 472000
1694840430537 0.3 476000
1694840462717 0.3 480000
1694840497927 0.3 484000
1694840530048 0.3 488000
1694840561868 0.3 492000
1694840593952 0.3 496000
1694840627381 0.3 500000
1694840658548 0.3 504000
1694840690094 0.3 508000
1694840720628 0.3 512000
1694840752239 0.3 516000
1694840783515 0.3 520000
1694840820606 0.3 524000
1694840855914 0.3 528000
1694840885033 0.3 532000
1694840912009 0.3 536000
1694840940088 0.3 540000
1694840966228 0.3 544000
1694840993057 0.3 548000
1694841019252 0.3 552000
1694841045883 0.3 556000
1694841073217 0.3 560000
1694841101906 0.3 564000
1694841128236 0.3 568000
1694841154684 0.3 572000
1694841181613 0.3 576000
