1694836625080 0.0 4000
1694836654037 0.0 8000
1694836682150 0.0 12000
1694836711838 0.0 16000
1694836741627 0.0 20000
1694836771030 0.0 24000
1694836802026 0.0 28000
1694836832277 0.0 32000
1694836863228 0.0 36000
1694836893089 0.0 40000
1694836927104 0.0 44000
1694836958379 0.0 48000
1694836990695 0.0 52000
1694837023745 0.0 56000
1694837056053 0.0 60000
1694837087022 0.0 64000
1694837118564 0.0 68000
1694837150732 0.0 72000
1694837182461 0.0 76000
1694837215462 0.0 80000
1694837250221 0.0 84000
1694837282662 0.0 88000
1694837314463 0.0 92000
1694837346916 0.0 96000
1694837379015 0.0 100000
1694837410502 0.0 104000
1694837442614 0.0 108000
1694837474273 0.0 112000
1694837506098 0.0 116000
1694837538489 0.0 120000
1694837573262 0.0 124000
1694837605760 0.0 128000
1694837639710 0.0 132000
1694837672507 0.0 136000
1694837704994 0.0 140000
1694837737218 0.0 144000
1694837769132 0.0 148000
1694837801868 0.0 152000
1694837833910 0.0 156000
1694837867430 0.0 160000
1694837905371 0.0 164000
1694837938753 0.0 168000
1694837971002 0.0 172000
1694838004699 0.0 176000
1694838036842 0.0 180000
1694838068013 0.0 184000
1694838099386 0.0 188000
1694838130747 0.0 192000
1694838162165 0.0 196000
1694838192822 0.0 200000
1694838228746 0.0 204000
1694838260063 0.0 208000
1694838290863 0.0 212000
1694838322826 0.0 216000
1694838354426 0.0 220000
1694838385850 0.0 224000
1694838416976 0.0 228000
1694838447797 0.0 232000
1694838479727 0.0 236000
1694838511547 0.0 240000
1694838547261 0.0 244000
1694838579755 0.0 248000
1694838611760 0.0 252000
1694838643905 0.0 256000
1694838675251 0.0 260000
1694838706531 0.0 264000
1694838738374 0.0 268000
1694838771192 0.0 272000
1694838804028 0.0 276000
1694838837418 0.0 280000
1694838875036 0.0 284000
1694838908030 0.0 288000
1694838940978 0.0 292000
1694838973561 0.0 296000
1694839006629 0.0 300000
1694839038357 0.0 304000
1694839070135 0.0 308000
1694839101532 0.0 312000
1694839134536 0.0 316000
1694839166575 0.0 320000
1694839200570 0.0 324000
1694839232926 0.0 328000
1694839264662 0.0 332000
1694839297026 0.0 336000
1694839328202 0.0 340000
1694839359525 0.0 344000
1694839389604 0.0 348000
1694839420573 0.0 352000
1694839451860 0.0 356000
1694839482842 0.0 360000
1694839516090 0.0 364000
1694839547777 0.0 368000
1694839579244 0.0 372000
1694839611482 0.0 376000
1694839642571 0.0 380000
1694839674196 0.0 384000
1694839706547 0.0 388000
1694839739305 0.0 392000
1694839771129 0.0 396000
1694839803916 0.0 400000
1694839840363 0.0 404000
1694839873233 0.0 408000
1694839905944 0.0 412000
1694839938218 0.0 416000
1694839970932 0.0 420000
1694840002899 0.0 424000
1694840035635 0.0 428000
1694840067013 0.0 432000
1694840099405 0.0 436000
1694840132698 0.0 440000
1694840170443 0.0 444000
1694840204830 0.0 448000
1694840237102 0.0 452000
1694840270556 0.0 456000
1694840302577 0.0 460000
1694840335358 0.0 464000
1694840366105 0.0 468000
1694840399330 0.0 472000
1694840430351 0.0 476000
1694840462607 0.0 480000
1694840497823 0.0 484000
1694840529928 0.0 488000
1694840561776 0.0 492000
1694840593824 0.0 496000
1694840627287 0.0 500000
1694840658451 0.0 504000
1694840690003 0.0 508000
1694840720532 0.0 512000
1694840752146 0.0 516000
1694840783419 0.0 520000
1694840820487 0.0 524000
1694840855809 0.0 528000
1694840884938 0.0 532000
1694840911835 0.0 536000
1694840939993 0.0 540000
1694840966128 0.0 544000
1694840992974 0.0 548000
1694841019162 0.0 552000
1694841045791 0.0 556000
1694841073110 0.0 560000
1694841101807 0.0 564000
1694841128118 0.0 568000
1694841154596 0.0 572000
1694841181480 0.0 576000
