1694836625097 0.0 4000
1694836654050 0.0 8000
1694836682171 0.0 12000
1694836711854 0.0 16000
1694836741640 0.0 20000
1694836771053 0.0 24000
1694836802041 0.0 28000
1694836832296 0.0 32000
1694836863249 0.0 36000
1694836893105 0.0 40000
1694836927124 0.0 44000
1694836958400 0.0 48000
1694836990710 0.0 52000
1694837023761 0.0 56000
1694837056069 0.0 60000
1694837087035 0.0 64000
1694837118587 0.0 68000
1694837150752 0.0 72000
1694837182476 0.0 76000
1694837215477 0.0 80000
1694837250239 0.0 84000
1694837282683 0.0 88000
1694837314481 0.0 92000
1694837346937 0.0 96000
1694837379032 0.0 100000
1694837410518 0.0 104000
1694837442631 0.0 108000
1694837474295 0.0 112000
1694837506117 0.0 116000
1694837538507 0.0 120000
1694837573277 0.0 124000
1694837605775 0.0 128000
1694837639726 0.0 132000
1694837672544 0.0 136000
1694837705016 0.0 140000
1694837737239 0.0 144000
1694837769152 0.0 148000
1694837801883 0.0 152000
1694837833928 0.0 156000
1694837867448 0.0 160000
1694837905387 0.0 164000
1694837938769 0.0 168000
1694837971036 0.0 172000
1694838004714 0.0 176000
1694838036866 0.0 180000
1694838068026 0.0 184000
1694838099408 0.0 188000
1694838130765 0.0 192000
1694838162178 0.0 196000
1694838192835 0.0 200000
1694838228767 0.0 204000
1694838260077 0.0 208000
1694838290880 0.0 212000
1694838322839 0.0 216000
1694838354439 0.0 220000
1694838385868 0.0 224000
1694838416989 0.0 228000
1694838447811 0.0 232000
1694838479741 0.0 236000
1694838511566 0.0 240000
1694838547278 0.0 244000
1694838579772 0.0 248000
1694838611774 0.0 252000
1694838643920 0.0 256000
1694838675264 0.0 260000
1694838706545 0.0 264000
1694838738390 0.0 268000
1694838771211 0.0 272000
1694838804044 0.0 276000
1694838837436 0.0 280000
1694838875057 0.0 284000
1694838908049 0.0 288000
1694838940997 0.0 292000
1694838973580 0.0 296000
1694839006642 0.0 300000
1694839038376 0.0 304000
1694839070148 0.0 308000
1694839101546 0.0 312000
1694839134551 0.0 316000
1694839166591 0.0 320000
1694839200588 0.0 324000
1694839232962 0.0 328000
1694839264682 0.0 332000
1694839297040 0.0 336000
1694839328224 0.0 340000
1694839359539 0.0 344000
1694839389625 0.0 348000
1694839420587 0.0 352000
1694839451874 0.0 356000
1694839482856 0.0 360000
1694839516105 0.0 364000
1694839547790 0.0 368000
1694839579257 0.0 372000
1694839611499 0.0 376000
1694839642589 0.0 380000
1694839674210 0.0 384000
1694839706560 0.0 388000
1694839739320 0.0 392000
1694839771146 0.0 396000
1694839803938 0.0 400000
1694839840383 0.0 404000
1694839873246 0.0 408000
1694839905957 0.0 412000
1694839938240 0.0 416000
1694839970950 0.0 420000
1694840002912 0.0 424000
1694840035650 0.0 428000
1694840067034 0.0 432000
1694840099419 0.0 436000
1694840132734 0.0 440000
1694840170462 0.0 444000
1694840204844 0.0 448000
1694840237115 0.0 452000
1694840270570 0.0 456000
1694840302594 0.0 460000
1694840335372 0.0 464000
1694840366118 0.0 468000
1694840399347 0.0 472000
1694840430384 0.0 476000
1694840462622 0.0 480000
1694840497844 0.0 484000
1694840529950 0.0 488000
1694840561790 0.0 492000
1694840593844 0.0 496000
1694840627302 0.0 500000
1694840658467 0.0 504000
1694840690017 0.0 508000
1694840720546 0.0 512000
1694840752161 0.0 516000
1694840783435 0.0 520000
1694840820512 0.0 524000
1694840855824 0.0 528000
1694840884955 0.0 532000
1694840911853 0.0 536000
1694840940013 0.0 540000
1694840966141 0.0 544000
1694840992987 0.0 548000
1694841019174 0.0 552000
1694841045807 0.0 556000
1694841073127 0.0 560000
1694841101822 0.0 564000
1694841128132 0.0 568000
1694841154608 0.0 572000
1694841181512 0.0 576000
