1694836625292 0.0 4000
1694836654138 0.0 8000
1694836682267 0.0 12000
1694836712032 0.0 16000
1694836741732 0.0 20000
1694836771213 0.0 24000
1694836802146 0.0 28000
1694836832470 0.0 32000
1694836863344 0.0 36000
1694836893207 0.0 40000
1694836927231 0.0 44000
1694836958488 0.0 48000
1694836990824 0.0 52000
1694837023892 0.0 56000
1694837056163 0.0 60000
1694837087136 0.0 64000
1694837118706 0.0 68000
1694837150858 0.0 72000
1694837182574 0.0 76000
1694837215601 0.0 80000
1694837250426 0.0 84000
1694837282797 0.0 88000
1694837314587 0.0 92000
1694837347048 0.0 96000
1694837379156 0.0 100000
1694837410623 0.0 104000
1694837442741 0.0 108000
1694837474407 0.0 112000
1694837506217 0.0 116000
1694837538613 0.0 120000
1694837573390 0.0 124000
1694837605884 0.0 128000
1694837639850 0.0 132000
1694837672734 0.0 136000
1694837705124 0.0 140000
1694837737359 0.0 144000
1694837769264 0.0 148000
1694837801996 0.0 152000
1694837834043 0.0 156000
1694837867553 0.0 160000
1694837905495 0.0 164000
1694837938870 0.0 168000
1694837971200 0.0 172000
1694838004808 0.0 176000
1694838036954 0.0 180000
1694838068112 0.0 184000
1694838099495 0.0 188000
1694838130862 0.0 192000
1694838162261 0.0 196000
1694838192921 0.0 200000
1694838228864 0.0 204000
1694838260162 0.0 208000
1694838291022 0.0 212000
1694838322938 0.0 216000
1694838354532 0.0 220000
1694838385951 0.0 224000
1694838417087 0.0 228000
1694838447909 0.0 232000
1694838479826 0.0 236000
1694838511722 0.0 240000
1694838547377 0.0 244000
1694838579868 0.0 248000
1694838611857 0.0 252000
1694838644000 0.0 256000
1694838675351 0.0 260000
1694838706645 0.0 264000
1694838738471 0.0 268000
1694838771296 0.0 272000
1694838804143 0.0 276000
1694838837547 0.0 280000
1694838875162 0.0 284000
1694838908197 0.0 288000
1694838941086 0.0 292000
1694838973668 0.0 296000
1694839006731 0.0 300000
1694839038470 0.0 304000
1694839070238 0.0 308000
1694839101634 0.0 312000
1694839134641 0.0 316000
1694839166675 0.0 320000
1694839200672 0.0 324000
1694839233158 0.0 328000
1694839264760 0.0 332000
1694839297128 0.0 336000
1694839328320 0.0 340000
1694839359622 0.0 344000
1694839389706 0.0 348000
1694839420685 0.0 352000
1694839451966 0.0 356000
1694839482955 0.0 360000
1694839516190 0.0 364000
1694839547876 0.0 368000
1694839579340 0.0 372000
1694839611585 0.0 376000
1694839642674 0.0 380000
1694839674303 0.0 384000
1694839706646 0.0 388000
1694839739407 0.0 392000
1694839771327 0.0 396000
1694839804029 0.0 400000
1694839840480 0.0 404000
1694839873327 0.0 408000
1694839906053 0.0 412000
1694839938348 0.0 416000
1694839971042 0.0 420000
1694840003001 0.0 424000
1694840035743 0.0 428000
1694840067129 0.0 432000
1694840099510 0.0 436000
1694840132901 0.0 440000
1694840170561 0.0 444000
1694840204931 0.0 448000
1694840237206 0.0 452000
1694840270671 0.0 456000
1694840302683 0.0 460000
1694840335462 0.0 464000
1694840366205 0.0 468000
1694840399433 0.0 472000
1694840430544 0.0 476000
1694840462723 0.0 480000
1694840497936 0.0 484000
1694840530058 0.0 488000
1694840561874 0.0 492000
1694840593962 0.0 496000
1694840627388 0.0 500000
1694840658554 0.0 504000
1694840690101 0.0 508000
1694840720636 0.0 512000
1694840752245 0.0 516000
1694840783521 0.0 520000
1694840820614 0.0 524000
1694840855920 0.0 528000
1694840885041 0.0 532000
1694840912036 0.0 536000
1694840940098 0.0 540000
1694840966235 0.0 544000
1694840993067 0.0 548000
1694841019259 0.0 552000
1694841045888 0.0 556000
1694841073224 0.0 560000
1694841101913 0.0 564000
1694841128242 0.0 568000
1694841154693 0.0 572000
1694841181622 0.0 576000
