1694836625198 60.0 4000
1694836654098 60.0 8000
1694836682226 60.0 12000
1694836711949 60.0 16000
1694836741692 60.0 20000
1694836771148 60.0 24000
1694836802103 60.0 28000
1694836832387 60.0 32000
1694836863300 60.0 36000
1694836893160 60.0 40000
1694836927182 60.0 44000
1694836958452 60.0 48000
1694836990775 60.0 52000
1694837023835 60.0 56000
1694837056123 60.0 60000
1694837087096 60.0 64000
1694837118641 60.0 68000
1694837150816 60.0 72000
1694837182530 60.0 76000
1694837215549 60.0 80000
1694837250339 60.0 84000
1694837282747 60.0 88000
1694837314539 60.0 92000
1694837347003 60.0 96000
1694837379110 60.0 100000
1694837410578 60.0 104000
1694837442691 60.0 108000
1694837474359 60.0 112000
1694837506168 60.0 116000
1694837538566 60.0 120000
1694837573343 60.0 124000
1694837605839 60.0 128000
1694837639798 60.0 132000
1694837672645 60.0 136000
1694837705074 60.0 140000
1694837737308 60.0 144000
1694837769216 60.0 148000
1694837801943 60.0 152000
1694837833992 60.0 156000
1694837867503 60.0 160000
1694837905447 60.0 164000
1694837938822 60.0 168000
1694837971116 60.0 172000
1694838004769 60.0 176000
1694838036918 60.0 180000
1694838068073 60.0 184000
1694838099459 60.0 188000
1694838130818 60.0 192000
1694838162224 60.0 196000
1694838192883 60.0 200000
1694838228820 60.0 204000
1694838260124 60.0 208000
1694838290957 60.0 212000
1694838322894 60.0 216000
1694838354489 60.0 220000
1694838385915 60.0 224000
1694838417044 60.0 228000
1694838447871 60.0 232000
1694838479788 60.0 236000
1694838511657 60.0 240000
1694838547333 60.0 244000
1694838579829 60.0 248000
1694838611821 60.0 252000
1694838643967 60.0 256000
1694838675314 60.0 260000
1694838706598 60.0 264000
1694838738435 60.0 268000
1694838771260 60.0 272000
1694838804104 60.0 276000
1694838837492 60.0 280000
1694838875119 60.0 284000
1694838908103 60.0 288000
1694838941045 60.0 292000
1694838973632 60.0 296000
1694839006695 60.0 300000
1694839038431 60.0 304000
1694839070200 60.0 308000
1694839101595 60.0 312000
1694839134601 60.0 316000
1694839166638 60.0 320000
1694839200633 60.0 324000
1694839233071 60.0 328000
1694839264726 60.0 332000
1694839297089 60.0 336000
1694839328281 60.0 340000
1694839359585 60.0 344000
1694839389675 60.0 348000
1694839420637 60.0 352000
1694839451929 60.0 356000
1694839482909 60.0 360000
1694839516150 60.0 364000
1694839547836 60.0 368000
1694839579302 60.0 372000
1694839611550 60.0 376000
1694839642638 60.0 380000
1694839674259 60.0 384000
1694839706609 60.0 388000
1694839739366 60.0 392000
1694839771240 60.0 396000
1694839803995 60.0 400000
1694839840439 60.0 404000
1694839873292 60.0 408000
1694839906009 60.0 412000
1694839938299 60.0 416000
1694839971007 60.0 420000
1694840002962 60.0 424000
1694840035703 60.0 428000
1694840067094 60.0 432000
1694840099471 60.0 436000
1694840132833 60.0 440000
1694840170516 60.0 444000
1694840204890 60.0 448000
1694840237167 60.0 452000
1694840270628 60.0 456000
1694840302646 60.0 460000
1694840335425 60.0 464000
1694840366167 60.0 468000
1694840399397 60.0 472000
1694840430478 60.0 476000
1694840462679 60.0 480000
1694840497897 60.0 484000
1694840530011 60.0 488000
1694840561838 60.0 492000
1694840593896 60.0 496000
1694840627351 60.0 500000
1694840658517 60.0 504000
1694840690065 60.0 508000
1694840720602 60.0 512000
1694840752206 60.0 516000
1694840783482 60.0 520000
1694840820570 60.0 524000
1694840855876 60.0 528000
1694840885000 60.0 532000
1694840911950 60.0 536000
1694840940057 60.0 540000
1694840966196 60.0 544000
1694840993031 60.0 548000
1694841019218 60.0 552000
1694841045848 60.0 556000
1694841073179 60.0 560000
1694841101873 60.0 564000
1694841128185 60.0 568000
1694841154654 60.0 572000
1694841181576 60.0 576000
