1694836625082 0.0 4000
1694836654038 0.0 8000
1694836682152 0.0 12000
1694836711839 0.0 16000
1694836741628 0.0 20000
1694836771034 0.0 24000
1694836802028 0.0 28000
1694836832279 0.0 32000
1694836863229 0.0 36000
1694836893092 0.0 40000
1694836927106 0.0 44000
1694836958380 0.0 48000
1694836990697 0.0 52000
1694837023747 0.0 56000
1694837056054 0.0 60000
1694837087023 0.0 64000
1694837118566 0.0 68000
1694837150733 0.0 72000
1694837182462 0.0 76000
1694837215463 0.0 80000
1694837250223 0.0 84000
1694837282664 0.0 88000
1694837314464 0.0 92000
1694837346917 0.0 96000
1694837379016 0.0 100000
1694837410504 0.0 104000
1694837442616 0.0 108000
1694837474275 0.0 112000
1694837506100 0.0 116000
1694837538490 0.0 120000
1694837573263 0.0 124000
1694837605762 0.0 128000
1694837639712 0.0 132000
1694837672510 0.0 136000
1694837704996 0.0 140000
1694837737220 0.0 144000
1694837769133 0.0 148000
1694837801870 0.0 152000
1694837833912 0.0 156000
1694837867431 0.0 160000
1694837905372 0.0 164000
1694837938754 0.0 168000
1694837971003 0.0 172000
1694838004700 0.0 176000
1694838036844 0.0 180000
1694838068014 0.0 184000
1694838099387 0.0 188000
1694838130748 0.0 192000
1694838162166 0.0 196000
1694838192823 0.0 200000
1694838228748 0.0 204000
1694838260065 0.0 208000
1694838290864 0.0 212000
1694838322827 0.0 216000
1694838354427 0.0 220000
1694838385851 0.0 224000
1694838416977 0.0 228000
1694838447798 0.0 232000
1694838479728 0.0 236000
1694838511549 0.0 240000
1694838547262 0.0 244000
1694838579758 0.0 248000
1694838611762 0.0 252000
1694838643907 0.0 256000
1694838675252 0.0 260000
1694838706533 0.0 264000
1694838738375 0.0 268000
1694838771193 0.0 272000
1694838804030 0.0 276000
1694838837421 0.0 280000
1694838875038 0.0 284000
1694838908032 0.0 288000
1694838940979 0.0 292000
1694838973563 0.0 296000
1694839006630 0.0 300000
1694839038358 0.0 304000
1694839070136 0.0 308000
1694839101533 0.0 312000
1694839134538 0.0 316000
1694839166578 0.0 320000
1694839200572 0.0 324000
1694839232928 0.0 328000
1694839264664 0.0 332000
1694839297027 0.0 336000
1694839328204 0.0 340000
1694839359526 0.0 344000
1694839389605 0.0 348000
1694839420574 0.0 352000
1694839451861 0.0 356000
1694839482844 0.0 360000
1694839516091 0.0 364000
1694839547778 0.0 368000
1694839579246 0.0 372000
1694839611483 0.0 376000
1694839642572 0.0 380000
1694839674197 0.0 384000
1694839706548 0.0 388000
1694839739306 0.0 392000
1694839771131 0.0 396000
1694839803918 0.0 400000
1694839840364 0.0 404000
1694839873234 0.0 408000
1694839905945 0.0 412000
1694839938220 0.0 416000
1694839970934 0.0 420000
1694840002900 0.0 424000
1694840035636 0.0 428000
1694840067014 0.0 432000
1694840099407 0.0 436000
1694840132699 0.0 440000
1694840170445 0.0 444000
1694840204831 0.0 448000
1694840237103 0.0 452000
1694840270558 0.0 456000
1694840302578 0.0 460000
1694840335359 0.0 464000
1694840366106 0.0 468000
1694840399331 0.0 472000
1694840430352 0.0 476000
1694840462609 0.0 480000
1694840497824 0.0 484000
1694840529930 0.0 488000
1694840561777 0.0 492000
1694840593825 0.0 496000
1694840627288 0.0 500000
1694840658453 0.0 504000
1694840690005 0.0 508000
1694840720533 0.0 512000
1694840752147 0.0 516000
1694840783421 0.0 520000
1694840820489 0.0 524000
1694840855811 0.0 528000
1694840884939 0.0 532000
1694840911837 0.0 536000
1694840939995 0.0 540000
1694840966129 0.0 544000
1694840992975 0.0 548000
1694841019163 0.0 552000
1694841045793 0.0 556000
1694841073111 0.0 560000
1694841101809 0.0 564000
1694841128120 0.0 568000
1694841154597 0.0 572000
1694841181484 0.0 576000
