1694836625054 0.0 4000
1694836654033 0.0 8000
1694836682143 0.0 12000
1694836711814 0.0 16000
1694836741622 0.0 20000
1694836770915 0.0 24000
1694836802021 0.0 28000
1694836832271 0.0 32000
1694836863220 0.0 36000
1694836893080 0.0 40000
1694836927099 0.0 44000
1694836958374 0.0 48000
1694836990686 0.0 52000
1694837023734 0.0 56000
1694837056047 0.0 60000
1694837087016 0.0 64000
1694837118559 0.0 68000
1694837150727 0.0 72000
1694837182456 0.0 76000
1694837215457 0.0 80000
1694837250196 0.0 84000
1694837282657 0.0 88000
1694837314458 0.0 92000
1694837346911 0.0 96000
1694837379009 0.0 100000
1694837410492 0.0 104000
1694837442609 0.0 108000
1694837474268 0.0 112000
1694837506091 0.0 116000
1694837538484 0.0 120000
1694837573252 0.0 124000
1694837605751 0.0 128000
1694837639700 0.0 132000
1694837672498 0.0 136000
1694837704987 0.0 140000
1694837737211 0.0 144000
1694837769127 0.0 148000
1694837801859 0.0 152000
1694837833901 0.0 156000
1694837867425 0.0 160000
1694837905365 0.0 164000
1694837938746 0.0 168000
1694837970996 0.0 172000
1694838004691 0.0 176000
1694838036834 0.0 180000
1694838068009 0.0 184000
1694838099381 0.0 188000
1694838130741 0.0 192000
1694838162160 0.0 196000
1694838192816 0.0 200000
1694838228741 0.0 204000
1694838260055 0.0 208000
1694838290858 0.0 212000
1694838322820 0.0 216000
1694838354420 0.0 220000
1694838385845 0.0 224000
1694838416971 0.0 228000
1694838447791 0.0 232000
1694838479722 0.0 236000
1694838511525 0.0 240000
1694838547252 0.0 244000
1694838579748 0.0 248000
1694838611755 0.0 252000
1694838643896 0.0 256000
1694838675245 0.0 260000
1694838706526 0.0 264000
1694838738370 0.0 268000
1694838771187 0.0 272000
1694838804021 0.0 276000
1694838837411 0.0 280000
1694838875029 0.0 284000
1694838908024 0.0 288000
1694838940972 0.0 292000
1694838973552 0.0 296000
1694839006623 0.0 300000
1694839038351 0.0 304000
1694839070130 0.0 308000
1694839101526 0.0 312000
1694839134530 0.0 316000
1694839166568 0.0 320000
1694839200562 0.0 324000
1694839232920 0.0 328000
1694839264654 0.0 332000
1694839297019 0.0 336000
1694839328198 0.0 340000
1694839359520 0.0 344000
1694839389599 0.0 348000
1694839420568 0.0 352000
1694839451855 0.0 356000
1694839482836 0.0 360000
1694839516084 0.0 364000
1694839547772 0.0 368000
1694839579239 0.0 372000
1694839611477 0.0 376000
1694839642566 0.0 380000
1694839674190 0.0 384000
1694839706542 0.0 388000
1694839739300 0.0 392000
1694839771122 0.0 396000
1694839803910 0.0 400000
1694839840358 0.0 404000
1694839873228 0.0 408000
1694839905939 0.0 412000
1694839938213 0.0 416000
1694839970926 0.0 420000
1694840002893 0.0 424000
1694840035629 0.0 428000
1694840067009 0.0 432000
1694840099399 0.0 436000
1694840132691 0.0 440000
1694840170437 0.0 444000
1694840204824 0.0 448000
1694840237096 0.0 452000
1694840270551 0.0 456000
1694840302571 0.0 460000
1694840335352 0.0 464000
1694840366099 0.0 468000
1694840399325 0.0 472000
1694840430344 0.0 476000
1694840462598 0.0 480000
1694840497817 0.0 484000
1694840529922 0.0 488000
1694840561771 0.0 492000
1694840593819 0.0 496000
1694840627282 0.0 500000
1694840658442 0.0 504000
1694840689998 0.0 508000
1694840720527 0.0 512000
1694840752141 0.0 516000
1694840783414 0.0 520000
1694840820480 0.0 524000
1694840855804 0.0 528000
1694840884933 0.0 532000
1694840911811 0.0 536000
1694840939986 0.0 540000
1694840966123 0.0 544000
1694840992970 0.0 548000
1694841019157 0.0 552000
1694841045786 0.0 556000
1694841073105 0.0 560000
1694841101798 0.0 564000
1694841128110 0.0 568000
1694841154592 0.0 572000
1694841181468 0.0 576000
