1694836625057 20.0 4000
1694836654034 20.0 8000
1694836682144 20.0 12000
1694836711832 20.0 16000
1694836741623 20.0 20000
1694836770938 20.0 24000
1694836802022 20.0 28000
1694836832272 20.0 32000
1694836863222 20.0 36000
1694836893082 20.0 40000
1694836927101 20.0 44000
1694836958375 20.0 48000
1694836990688 20.0 52000
1694837023737 20.0 56000
1694837056049 20.0 60000
1694837087018 20.0 64000
1694837118560 20.0 68000
1694837150728 20.0 72000
1694837182457 20.0 76000
1694837215458 20.0 80000
1694837250199 20.0 84000
1694837282658 20.0 88000
1694837314459 20.0 92000
1694837346912 20.0 96000
1694837379010 20.0 100000
1694837410495 20.0 104000
1694837442610 20.0 108000
1694837474269 20.0 112000
1694837506093 20.0 116000
1694837538485 20.0 120000
1694837573255 20.0 124000
1694837605753 20.0 128000
1694837639703 20.0 132000
1694837672500 20.0 136000
1694837704989 20.0 140000
1694837737212 20.0 144000
1694837769128 20.0 148000
1694837801861 20.0 152000
1694837833903 20.0 156000
1694837867426 20.0 160000
1694837905367 20.0 164000
1694837938748 20.0 168000
1694837970997 20.0 172000
1694838004693 20.0 176000
1694838036836 20.0 180000
1694838068010 20.0 184000
1694838099382 20.0 188000
1694838130743 20.0 192000
1694838162161 20.0 196000
1694838192818 20.0 200000
1694838228742 20.0 204000
1694838260056 20.0 208000
1694838290859 20.0 212000
1694838322822 20.0 216000
1694838354421 20.0 220000
1694838385846 20.0 224000
1694838416972 20.0 228000
1694838447792 20.0 232000
1694838479723 20.0 236000
1694838511526 20.0 240000
1694838547255 20.0 244000
1694838579749 20.0 248000
1694838611756 20.0 252000
1694838643898 20.0 256000
1694838675246 20.0 260000
1694838706527 20.0 264000
1694838738371 20.0 268000
1694838771188 20.0 272000
1694838804023 20.0 276000
1694838837412 20.0 280000
1694838875031 20.0 284000
1694838908025 20.0 288000
1694838940974 20.0 292000
1694838973554 20.0 296000
1694839006625 20.0 300000
1694839038352 20.0 304000
1694839070131 20.0 308000
1694839101528 20.0 312000
1694839134531 20.0 316000
1694839166569 20.0 320000
1694839200564 20.0 324000
1694839232922 20.0 328000
1694839264655 20.0 332000
1694839297021 20.0 336000
1694839328199 20.0 340000
1694839359521 20.0 344000
1694839389601 20.0 348000
1694839420569 20.0 352000
1694839451856 20.0 356000
1694839482838 20.0 360000
1694839516085 20.0 364000
1694839547773 20.0 368000
1694839579241 20.0 372000
1694839611479 20.0 376000
1694839642567 20.0 380000
1694839674192 20.0 384000
1694839706543 20.0 388000
1694839739301 20.0 392000
1694839771124 20.0 396000
1694839803912 20.0 400000
1694839840359 20.0 404000
1694839873229 20.0 408000
1694839905940 20.0 412000
1694839938214 20.0 416000
1694839970928 20.0 420000
1694840002895 20.0 424000
1694840035630 20.0 428000
1694840067010 20.0 432000
1694840099401 20.0 436000
1694840132693 20.0 440000
1694840170439 20.0 444000
1694840204826 20.0 448000
1694840237098 20.0 452000
1694840270552 20.0 456000
1694840302573 20.0 460000
1694840335354 20.0 464000
1694840366101 20.0 468000
1694840399326 20.0 472000
1694840430346 20.0 476000
1694840462601 20.0 480000
1694840497819 20.0 484000
1694840529923 20.0 488000
1694840561772 20.0 492000
1694840593820 20.0 496000
1694840627283 20.0 500000
1694840658444 20.0 504000
1694840689999 20.0 508000
1694840720528 20.0 512000
1694840752142 20.0 516000
1694840783416 20.0 520000
1694840820482 20.0 524000
1694840855805 20.0 528000
1694840884935 20.0 532000
1694840911813 20.0 536000
1694840939988 20.0 540000
1694840966124 20.0 544000
1694840992971 20.0 548000
1694841019158 20.0 552000
1694841045787 20.0 556000
1694841073107 20.0 560000
1694841101799 20.0 564000
1694841128112 20.0 568000
1694841154593 20.0 572000
1694841181472 20.0 576000
