1694836625090 1.0 4000
1694836654044 1.0 8000
1694836682164 1.0 12000
1694836711846 1.0 16000
1694836741634 1.0 20000
1694836771044 1.0 24000
1694836802033 1.0 28000
1694836832286 1.0 32000
1694836863240 1.0 36000
1694836893099 1.0 40000
1694836927113 1.0 44000
1694836958391 1.0 48000
1694836990704 1.0 52000
1694837023755 1.0 56000
1694837056060 1.0 60000
1694837087029 1.0 64000
1694837118578 1.0 68000
1694837150742 1.0 72000
1694837182469 1.0 76000
1694837215469 1.0 80000
1694837250231 1.0 84000
1694837282671 1.0 88000
1694837314470 1.0 92000
1694837346925 1.0 96000
1694837379024 1.0 100000
1694837410511 1.0 104000
1694837442622 1.0 108000
1694837474286 1.0 112000
1694837506110 1.0 116000
1694837538496 1.0 120000
1694837573270 1.0 124000
1694837605768 1.0 128000
1694837639719 1.0 132000
1694837672535 1.0 136000
1694837705006 1.0 140000
1694837737231 1.0 144000
1694837769143 1.0 148000
1694837801876 1.0 152000
1694837833921 1.0 156000
1694837867440 1.0 160000
1694837905379 1.0 164000
1694837938762 1.0 168000
1694837971011 1.0 172000
1694838004707 1.0 176000
1694838036855 1.0 180000
1694838068020 1.0 184000
1694838099399 1.0 188000
1694838130755 1.0 192000
1694838162172 1.0 196000
1694838192830 1.0 200000
1694838228754 1.0 204000
1694838260071 1.0 208000
1694838290872 1.0 212000
1694838322833 1.0 216000
1694838354433 1.0 220000
1694838385856 1.0 224000
1694838416983 1.0 228000
1694838447804 1.0 232000
1694838479734 1.0 236000
1694838511558 1.0 240000
1694838547270 1.0 244000
1694838579765 1.0 248000
1694838611768 1.0 252000
1694838643913 1.0 256000
1694838675259 1.0 260000
1694838706539 1.0 264000
1694838738384 1.0 268000
1694838771201 1.0 272000
1694838804037 1.0 276000
1694838837429 1.0 280000
1694838875046 1.0 284000
1694838908043 1.0 288000
1694838940989 1.0 292000
1694838973572 1.0 296000
1694839006636 1.0 300000
1694839038367 1.0 304000
1694839070142 1.0 308000
1694839101540 1.0 312000
1694839134544 1.0 316000
1694839166585 1.0 320000
1694839200580 1.0 324000
1694839232936 1.0 328000
1694839264672 1.0 332000
1694839297034 1.0 336000
1694839328212 1.0 340000
1694839359532 1.0 344000
1694839389613 1.0 348000
1694839420580 1.0 352000
1694839451867 1.0 356000
1694839482850 1.0 360000
1694839516098 1.0 364000
1694839547784 1.0 368000
1694839579251 1.0 372000
1694839611490 1.0 376000
1694839642578 1.0 380000
1694839674204 1.0 384000
1694839706554 1.0 388000
1694839739312 1.0 392000
1694839771139 1.0 396000
1694839803928 1.0 400000
1694839840374 1.0 404000
1694839873240 1.0 408000
1694839905951 1.0 412000
1694839938232 1.0 416000
1694839970944 1.0 420000
1694840002906 1.0 424000
1694840035643 1.0 428000
1694840067022 1.0 432000
1694840099413 1.0 436000
1694840132726 1.0 440000
1694840170454 1.0 444000
1694840204837 1.0 448000
1694840237109 1.0 452000
1694840270564 1.0 456000
1694840302584 1.0 460000
1694840335366 1.0 464000
1694840366112 1.0 468000
1694840399337 1.0 472000
1694840430376 1.0 476000
1694840462615 1.0 480000
1694840497836 1.0 484000
1694840529940 1.0 488000
1694840561784 1.0 492000
1694840593834 1.0 496000
1694840627295 1.0 500000
1694840658461 1.0 504000
1694840690011 1.0 508000
1694840720538 1.0 512000
1694840752153 1.0 516000
1694840783427 1.0 520000
1694840820503 1.0 524000
1694840855817 1.0 528000
1694840884944 1.0 532000
1694840911845 1.0 536000
1694840940004 1.0 540000
1694840966135 1.0 544000
1694840992981 1.0 548000
1694841019169 1.0 552000
1694841045801 1.0 556000
1694841073121 1.0 560000
1694841101817 1.0 564000
1694841128126 1.0 568000
1694841154603 1.0 572000
1694841181500 1.0 576000
