1694836625099 0.0 4000
1694836654051 0.0 8000
1694836682172 0.0 12000
1694836711856 0.0 16000
1694836741641 0.0 20000
1694836771054 0.0 24000
1694836802042 0.0 28000
1694836832298 0.0 32000
1694836863250 0.0 36000
1694836893106 0.0 40000
1694836927125 0.0 44000
1694836958401 0.0 48000
1694836990711 0.0 52000
1694837023762 0.0 56000
1694837056071 0.0 60000
1694837087037 0.0 64000
1694837118590 0.0 68000
1694837150754 0.0 72000
1694837182477 0.0 76000
1694837215479 0.0 80000
1694837250242 0.0 84000
1694837282686 0.0 88000
1694837314483 0.0 92000
1694837346939 0.0 96000
1694837379033 0.0 100000
1694837410519 0.0 104000
1694837442633 0.0 108000
1694837474297 0.0 112000
1694837506118 0.0 116000
1694837538509 0.0 120000
1694837573279 0.0 124000
1694837605776 0.0 128000
1694837639728 0.0 132000
1694837672546 0.0 136000
1694837705017 0.0 140000
1694837737240 0.0 144000
1694837769154 0.0 148000
1694837801885 0.0 152000
1694837833929 0.0 156000
1694837867449 0.0 160000
1694837905389 0.0 164000
1694837938771 0.0 168000
1694837971039 0.0 172000
1694838004715 0.0 176000
1694838036867 0.0 180000
1694838068027 0.0 184000
1694838099410 0.0 188000
1694838130766 0.0 192000
1694838162179 0.0 196000
1694838192837 0.0 200000
1694838228768 0.0 204000
1694838260078 0.0 208000
1694838290881 0.0 212000
1694838322840 0.0 216000
1694838354440 0.0 220000
1694838385870 0.0 224000
1694838416990 0.0 228000
1694838447813 0.0 232000
1694838479742 0.0 236000
1694838511567 0.0 240000
1694838547279 0.0 244000
1694838579774 0.0 248000
1694838611776 0.0 252000
1694838643921 0.0 256000
1694838675265 0.0 260000
1694838706546 0.0 264000
1694838738391 0.0 268000
1694838771213 0.0 272000
1694838804045 0.0 276000
1694838837438 0.0 280000
1694838875059 0.0 284000
1694838908050 0.0 288000
1694838940998 0.0 292000
1694838973581 0.0 296000
1694839006643 0.0 300000
1694839038377 0.0 304000
1694839070149 0.0 308000
1694839101547 0.0 312000
1694839134552 0.0 316000
1694839166592 0.0 320000
1694839200589 0.0 324000
1694839232965 0.0 328000
1694839264683 0.0 332000
1694839297041 0.0 336000
1694839328226 0.0 340000
1694839359541 0.0 344000
1694839389627 0.0 348000
1694839420589 0.0 352000
1694839451876 0.0 356000
1694839482857 0.0 360000
1694839516106 0.0 364000
1694839547791 0.0 368000
1694839579258 0.0 372000
1694839611501 0.0 376000
1694839642591 0.0 380000
1694839674211 0.0 384000
1694839706561 0.0 388000
1694839739321 0.0 392000
1694839771164 0.0 396000
1694839803939 0.0 400000
1694839840384 0.0 404000
1694839873248 0.0 408000
1694839905959 0.0 412000
1694839938241 0.0 416000
1694839970952 0.0 420000
1694840002913 0.0 424000
1694840035651 0.0 428000
1694840067036 0.0 432000
1694840099421 0.0 436000
1694840132736 0.0 440000
1694840170464 0.0 444000
1694840204845 0.0 448000
1694840237116 0.0 452000
1694840270571 0.0 456000
1694840302596 0.0 460000
1694840335374 0.0 464000
1694840366120 0.0 468000
1694840399349 0.0 472000
1694840430385 0.0 476000
1694840462623 0.0 480000
1694840497845 0.0 484000
1694840529952 0.0 488000
1694840561792 0.0 492000
1694840593846 0.0 496000
1694840627303 0.0 500000
1694840658468 0.0 504000
1694840690018 0.0 508000
1694840720551 0.0 512000
1694840752163 0.0 516000
1694840783437 0.0 520000
1694840820514 0.0 524000
1694840855825 0.0 528000
1694840884956 0.0 532000
1694840911856 0.0 536000
1694840940015 0.0 540000
1694840966142 0.0 544000
1694840992988 0.0 548000
1694841019175 0.0 552000
1694841045808 0.0 556000
1694841073129 0.0 560000
1694841101823 0.0 564000
1694841128133 0.0 568000
1694841154609 0.0 572000
1694841181514 0.0 576000
