1694836625280 0.001 4000
1694836654131 0.001 8000
1694836682255 0.001 12000
1694836712002 0.001 16000
1694836741725 0.001 20000
1694836771201 0.001 24000
1694836802136 0.001 28000
1694836832441 0.001 32000
1694836863331 0.001 36000
1694836893200 0.001 40000
1694836927217 0.001 44000
1694836958478 0.001 48000
1694836990811 0.001 52000
1694837023879 0.001 56000
1694837056156 0.001 60000
1694837087128 0.001 64000
1694837118697 0.001 68000
1694837150850 0.001 72000
1694837182565 0.001 76000
1694837215587 0.001 80000
1694837250399 0.001 84000
1694837282783 0.001 88000
1694837314574 0.001 92000
1694837347034 0.001 96000
1694837379143 0.001 100000
1694837410616 0.001 104000
1694837442728 0.001 108000
1694837474394 0.001 112000
1694837506209 0.001 116000
1694837538602 0.001 120000
1694837573380 0.001 124000
1694837605874 0.001 128000
1694837639839 0.001 132000
1694837672706 0.001 136000
1694837705116 0.001 140000
1694837737346 0.001 144000
1694837769252 0.001 148000
1694837801982 0.001 152000
1694837834031 0.001 156000
1694837867543 0.001 160000
1694837905486 0.001 164000
1694837938857 0.001 168000
1694837971191 0.001 172000
1694838004799 0.001 176000
1694838036946 0.001 180000
1694838068105 0.001 184000
1694838099485 0.001 188000
1694838130850 0.001 192000
1694838162253 0.001 196000
1694838192914 0.001 200000
1694838228851 0.001 204000
1694838260155 0.001 208000
1694838291010 0.001 212000
1694838322931 0.001 216000
1694838354524 0.001 220000
1694838385941 0.001 224000
1694838417079 0.001 228000
1694838447899 0.001 232000
1694838479818 0.001 236000
1694838511712 0.001 240000
1694838547367 0.001 244000
1694838579859 0.001 248000
1694838611849 0.001 252000
1694838643993 0.001 256000
1694838675342 0.001 260000
1694838706636 0.001 264000
1694838738464 0.001 268000
1694838771289 0.001 272000
1694838804136 0.001 276000
1694838837527 0.001 280000
1694838875151 0.001 284000
1694838908185 0.001 288000
1694838941078 0.001 292000
1694838973660 0.001 296000
1694839006723 0.001 300000
1694839038460 0.001 304000
1694839070231 0.001 308000
1694839101627 0.001 312000
1694839134634 0.001 316000
1694839166668 0.001 320000
1694839200663 0.001 324000
1694839233129 0.001 328000
1694839264752 0.001 332000
1694839297121 0.001 336000
1694839328313 0.001 340000
1694839359614 0.001 344000
1694839389700 0.001 348000
1694839420672 0.001 352000
1694839451956 0.001 356000
1694839482947 0.001 360000
1694839516183 0.001 364000
1694839547863 0.001 368000
1694839579333 0.001 372000
1694839611578 0.001 376000
1694839642664 0.001 380000
1694839674296 0.001 384000
1694839706639 0.001 388000
1694839739399 0.001 392000
1694839771318 0.001 396000
1694839804022 0.001 400000
1694839840469 0.001 404000
1694839873320 0.001 408000
1694839906046 0.001 412000
1694839938336 0.001 416000
1694839971035 0.001 420000
1694840002994 0.001 424000
1694840035734 0.001 428000
1694840067122 0.001 432000
1694840099503 0.001 436000
1694840132889 0.001 440000
1694840170553 0.001 444000
1694840204920 0.001 448000
1694840237199 0.001 452000
1694840270664 0.001 456000
1694840302672 0.001 460000
1694840335455 0.001 464000
1694840366198 0.001 468000
1694840399424 0.001 472000
1694840430535 0.001 476000
1694840462716 0.001 480000
1694840497926 0.001 484000
1694840530046 0.001 488000
1694840561867 0.001 492000
1694840593950 0.001 496000
1694840627378 0.001 500000
1694840658547 0.001 504000
1694840690093 0.001 508000
1694840720627 0.001 512000
1694840752238 0.001 516000
1694840783514 0.001 520000
1694840820604 0.001 524000
1694840855912 0.001 528000
1694840885032 0.001 532000
1694840912007 0.001 536000
1694840940086 0.001 540000
1694840966227 0.001 544000
1694840993055 0.001 548000
1694841019250 0.001 552000
1694841045882 0.001 556000
1694841073215 0.001 560000
1694841101905 0.001 564000
1694841128235 0.001 568000
1694841154683 0.001 572000
1694841181611 0.001 576000
