1694836625130 1.0 4000
1694836654064 1.0 8000
1694836682179 1.0 12000
1694836711886 1.0 16000
1694836741648 1.0 20000
1694836771084 1.0 24000
1694836802055 1.0 28000
1694836832325 1.0 32000
1694836863257 1.0 36000
1694836893114 1.0 40000
1694836927135 1.0 44000
1694836958409 1.0 48000
1694836990724 1.0 52000
1694837023776 1.0 56000
1694837056079 1.0 60000
1694837087050 1.0 64000
1694837118602 1.0 68000
1694837150761 1.0 72000
1694837182484 1.0 76000
1694837215493 1.0 80000
1694837250272 1.0 84000
1694837282700 1.0 88000
1694837314492 1.0 92000
1694837346951 1.0 96000
1694837379041 1.0 100000
1694837410530 1.0 104000
1694837442642 1.0 108000
1694837474309 1.0 112000
1694837506125 1.0 116000
1694837538517 1.0 120000
1694837573292 1.0 124000
1694837605789 1.0 128000
1694837639742 1.0 132000
1694837672559 1.0 136000
1694837705024 1.0 140000
1694837737251 1.0 144000
1694837769167 1.0 148000
1694837801898 1.0 152000
1694837833939 1.0 156000
1694837867458 1.0 160000
1694837905404 1.0 164000
1694837938778 1.0 168000
1694837971049 1.0 172000
1694838004723 1.0 176000
1694838036875 1.0 180000
1694838068034 1.0 184000
1694838099419 1.0 188000
1694838130774 1.0 192000
1694838162186 1.0 196000
1694838192848 1.0 200000
1694838228777 1.0 204000
1694838260086 1.0 208000
1694838290888 1.0 212000
1694838322852 1.0 216000
1694838354452 1.0 220000
1694838385877 1.0 224000
1694838416998 1.0 228000
1694838447829 1.0 232000
1694838479751 1.0 236000
1694838511576 1.0 240000
1694838547287 1.0 244000
1694838579786 1.0 248000
1694838611785 1.0 252000
1694838643928 1.0 256000
1694838675273 1.0 260000
1694838706557 1.0 264000
1694838738399 1.0 268000
1694838771221 1.0 272000
1694838804054 1.0 276000
1694838837446 1.0 280000
1694838875069 1.0 284000
1694838908063 1.0 288000
1694838941006 1.0 292000
1694838973589 1.0 296000
1694839006651 1.0 300000
1694839038387 1.0 304000
1694839070157 1.0 308000
1694839101555 1.0 312000
1694839134563 1.0 316000
1694839166599 1.0 320000
1694839200596 1.0 324000
1694839232976 1.0 328000
1694839264691 1.0 332000
1694839297048 1.0 336000
1694839328236 1.0 340000
1694839359549 1.0 344000
1694839389639 1.0 348000
1694839420599 1.0 352000
1694839451889 1.0 356000
1694839482867 1.0 360000
1694839516114 1.0 364000
1694839547798 1.0 368000
1694839579267 1.0 372000
1694839611508 1.0 376000
1694839642599 1.0 380000
1694839674223 1.0 384000
1694839706574 1.0 388000
1694839739329 1.0 392000
1694839771175 1.0 396000
1694839803947 1.0 400000
1694839840393 1.0 404000
1694839873256 1.0 408000
1694839905966 1.0 412000
1694839938249 1.0 416000
1694839970959 1.0 420000
1694840002922 1.0 424000
1694840035658 1.0 428000
1694840067047 1.0 432000
1694840099433 1.0 436000
1694840132746 1.0 440000
1694840170472 1.0 444000
1694840204854 1.0 448000
1694840237126 1.0 452000
1694840270584 1.0 456000
1694840302605 1.0 460000
1694840335387 1.0 464000
1694840366129 1.0 468000
1694840399358 1.0 472000
1694840430394 1.0 476000
1694840462634 1.0 480000
1694840497854 1.0 484000
1694840529961 1.0 488000
1694840561799 1.0 492000
1694840593854 1.0 496000
1694840627312 1.0 500000
1694840658476 1.0 504000
1694840690025 1.0 508000
1694840720562 1.0 512000
1694840752170 1.0 516000
1694840783447 1.0 520000
1694840820524 1.0 524000
1694840855833 1.0 528000
1694840884963 1.0 532000
1694840911885 1.0 536000
1694840940022 1.0 540000
1694840966152 1.0 544000
1694840992994 1.0 548000
1694841019182 1.0 552000
1694841045814 1.0 556000
1694841073136 1.0 560000
1694841101830 1.0 564000
1694841128140 1.0 568000
1694841154617 1.0 572000
1694841181526 1.0 576000
