1694836625186 0.0 4000
1694836654089 0.0 8000
1694836682215 0.0 12000
1694836711938 0.0 16000
1694836741679 0.0 20000
1694836771136 0.0 24000
1694836802090 0.0 28000
1694836832376 0.0 32000
1694836863286 0.0 36000
1694836893150 0.0 40000
1694836927170 0.0 44000
1694836958438 0.0 48000
1694836990760 0.0 52000
1694837023815 0.0 56000
1694837056112 0.0 60000
1694837087080 0.0 64000
1694837118629 0.0 68000
1694837150804 0.0 72000
1694837182516 0.0 76000
1694837215532 0.0 80000
1694837250327 0.0 84000
1694837282733 0.0 88000
1694837314525 0.0 92000
1694837346983 0.0 96000
1694837379095 0.0 100000
1694837410566 0.0 104000
1694837442676 0.0 108000
1694837474344 0.0 112000
1694837506156 0.0 116000
1694837538552 0.0 120000
1694837573327 0.0 124000
1694837605824 0.0 128000
1694837639779 0.0 132000
1694837672632 0.0 136000
1694837705063 0.0 140000
1694837737292 0.0 144000
1694837769199 0.0 148000
1694837801932 0.0 152000
1694837833978 0.0 156000
1694837867493 0.0 160000
1694837905435 0.0 164000
1694837938811 0.0 168000
1694837971100 0.0 172000
1694838004758 0.0 176000
1694838036909 0.0 180000
1694838068064 0.0 184000
1694838099449 0.0 188000
1694838130806 0.0 192000
1694838162215 0.0 196000
1694838192874 0.0 200000
1694838228809 0.0 204000
1694838260115 0.0 208000
1694838290947 0.0 212000
1694838322883 0.0 216000
1694838354479 0.0 220000
1694838385905 0.0 224000
1694838417034 0.0 228000
1694838447861 0.0 232000
1694838479778 0.0 236000
1694838511644 0.0 240000
1694838547322 0.0 244000
1694838579819 0.0 248000
1694838611811 0.0 252000
1694838643953 0.0 256000
1694838675303 0.0 260000
1694838706588 0.0 264000
1694838738424 0.0 268000
1694838771248 0.0 272000
1694838804093 0.0 276000
1694838837481 0.0 280000
1694838875099 0.0 284000
1694838908093 0.0 288000
1694838941035 0.0 292000
1694838973621 0.0 296000
1694839006685 0.0 300000
1694839038418 0.0 304000
1694839070190 0.0 308000
1694839101585 0.0 312000
1694839134591 0.0 316000
1694839166628 0.0 320000
1694839200623 0.0 324000
1694839233037 0.0 328000
1694839264717 0.0 332000
1694839297080 0.0 336000
1694839328268 0.0 340000
1694839359576 0.0 344000
1694839389666 0.0 348000
1694839420627 0.0 352000
1694839451918 0.0 356000
1694839482899 0.0 360000
1694839516140 0.0 364000
1694839547827 0.0 368000
1694839579292 0.0 372000
1694839611538 0.0 376000
1694839642629 0.0 380000
1694839674250 0.0 384000
1694839706600 0.0 388000
1694839739356 0.0 392000
1694839771226 0.0 396000
1694839803982 0.0 400000
1694839840426 0.0 404000
1694839873282 0.0 408000
1694839906000 0.0 412000
1694839938281 0.0 416000
1694839970996 0.0 420000
1694840002952 0.0 424000
1694840035693 0.0 428000
1694840067076 0.0 432000
1694840099461 0.0 436000
1694840132801 0.0 440000
1694840170506 0.0 444000
1694840204880 0.0 448000
1694840237158 0.0 452000
1694840270615 0.0 456000
1694840302635 0.0 460000
1694840335414 0.0 464000
1694840366157 0.0 468000
1694840399387 0.0 472000
1694840430444 0.0 476000
1694840462668 0.0 480000
1694840497883 0.0 484000
1694840529997 0.0 488000
1694840561828 0.0 492000
1694840593882 0.0 496000
1694840627341 0.0 500000
1694840658507 0.0 504000
1694840690055 0.0 508000
1694840720592 0.0 512000
1694840752196 0.0 516000
1694840783473 0.0 520000
1694840820559 0.0 524000
1694840855866 0.0 528000
1694840884989 0.0 532000
1694840911937 0.0 536000
1694840940047 0.0 540000
1694840966182 0.0 544000
1694840993022 0.0 548000
1694841019206 0.0 552000
1694841045836 0.0 556000
1694841073168 0.0 560000
1694841101862 0.0 564000
1694841128176 0.0 568000
1694841154645 0.0 572000
1694841181563 0.0 576000
