1694836625190 0.0 4000
1694836654092 0.0 8000
1694836682220 0.0 12000
1694836711942 0.0 16000
1694836741682 0.0 20000
1694836771142 0.0 24000
1694836802096 0.0 28000
1694836832380 0.0 32000
1694836863293 0.0 36000
1694836893154 0.0 40000
1694836927175 0.0 44000
1694836958445 0.0 48000
1694836990765 0.0 52000
1694837023825 0.0 56000
1694837056117 0.0 60000
1694837087084 0.0 64000
1694837118633 0.0 68000
1694837150809 0.0 72000
1694837182521 0.0 76000
1694837215537 0.0 80000
1694837250331 0.0 84000
1694837282737 0.0 88000
1694837314531 0.0 92000
1694837346991 0.0 96000
1694837379102 0.0 100000
1694837410569 0.0 104000
1694837442680 0.0 108000
1694837474350 0.0 112000
1694837506161 0.0 116000
1694837538559 0.0 120000
1694837573334 0.0 124000
1694837605829 0.0 128000
1694837639787 0.0 132000
1694837672637 0.0 136000
1694837705067 0.0 140000
1694837737296 0.0 144000
1694837769205 0.0 148000
1694837801936 0.0 152000
1694837833982 0.0 156000
1694837867497 0.0 160000
1694837905440 0.0 164000
1694837938816 0.0 168000
1694837971105 0.0 172000
1694838004762 0.0 176000
1694838036912 0.0 180000
1694838068067 0.0 184000
1694838099453 0.0 188000
1694838130811 0.0 192000
1694838162218 0.0 196000
1694838192878 0.0 200000
1694838228813 0.0 204000
1694838260118 0.0 208000
1694838290951 0.0 212000
1694838322887 0.0 216000
1694838354483 0.0 220000
1694838385908 0.0 224000
1694838417037 0.0 228000
1694838447865 0.0 232000
1694838479781 0.0 236000
1694838511649 0.0 240000
1694838547327 0.0 244000
1694838579823 0.0 248000
1694838611815 0.0 252000
1694838643958 0.0 256000
1694838675308 0.0 260000
1694838706592 0.0 264000
1694838738428 0.0 268000
1694838771251 0.0 272000
1694838804097 0.0 276000
1694838837485 0.0 280000
1694838875106 0.0 284000
1694838908097 0.0 288000
1694838941039 0.0 292000
1694838973625 0.0 296000
1694839006688 0.0 300000
1694839038424 0.0 304000
1694839070194 0.0 308000
1694839101589 0.0 312000
1694839134595 0.0 316000
1694839166632 0.0 320000
1694839200627 0.0 324000
1694839233059 0.0 328000
1694839264720 0.0 332000
1694839297083 0.0 336000
1694839328273 0.0 340000
1694839359579 0.0 344000
1694839389669 0.0 348000
1694839420631 0.0 352000
1694839451923 0.0 356000
1694839482903 0.0 360000
1694839516143 0.0 364000
1694839547831 0.0 368000
1694839579295 0.0 372000
1694839611543 0.0 376000
1694839642632 0.0 380000
1694839674253 0.0 384000
1694839706603 0.0 388000
1694839739359 0.0 392000
1694839771230 0.0 396000
1694839803988 0.0 400000
1694839840431 0.0 404000
1694839873286 0.0 408000
1694839906003 0.0 412000
1694839938287 0.0 416000
1694839971001 0.0 420000
1694840002956 0.0 424000
1694840035696 0.0 428000
1694840067084 0.0 432000
1694840099465 0.0 436000
1694840132824 0.0 440000
1694840170510 0.0 444000
1694840204884 0.0 448000
1694840237162 0.0 452000
1694840270619 0.0 456000
1694840302640 0.0 460000
1694840335418 0.0 464000
1694840366160 0.0 468000
1694840399391 0.0 472000
1694840430451 0.0 476000
1694840462671 0.0 480000
1694840497889 0.0 484000
1694840530002 0.0 488000
1694840561832 0.0 492000
1694840593888 0.0 496000
1694840627345 0.0 500000
1694840658511 0.0 504000
1694840690059 0.0 508000
1694840720596 0.0 512000
1694840752199 0.0 516000
1694840783476 0.0 520000
1694840820563 0.0 524000
1694840855870 0.0 528000
1694840884994 0.0 532000
1694840911942 0.0 536000
1694840940050 0.0 540000
1694840966187 0.0 544000
1694840993026 0.0 548000
1694841019211 0.0 552000
1694841045839 0.0 556000
1694841073172 0.0 560000
1694841101867 0.0 564000
1694841128179 0.0 568000
1694841154648 0.0 572000
1694841181570 0.0 576000
