1694836625101 0.9 4000
1694836654053 0.9 8000
1694836682173 0.9 12000
1694836711859 0.9 16000
1694836741642 0.9 20000
1694836771057 0.9 24000
1694836802044 0.9 28000
1694836832301 0.9 32000
1694836863251 0.9 36000
1694836893107 0.9 40000
1694836927127 0.9 44000
1694836958403 0.9 48000
1694836990713 0.9 52000
1694837023765 0.9 56000
1694837056073 0.9 60000
1694837087040 0.9 64000
1694837118592 0.9 68000
1694837150755 0.9 72000
1694837182478 0.9 76000
1694837215481 0.9 80000
1694837250244 0.9 84000
1694837282688 0.9 88000
1694837314485 0.9 92000
1694837346940 0.9 96000
1694837379034 0.9 100000
1694837410520 0.9 104000
1694837442635 0.9 108000
1694837474299 0.9 112000
1694837506119 0.9 116000
1694837538511 0.9 120000
1694837573281 0.9 124000
1694837605778 0.9 128000
1694837639730 0.9 132000
1694837672547 0.9 136000
1694837705018 0.9 140000
1694837737242 0.9 144000
1694837769156 0.9 148000
1694837801887 0.9 152000
1694837833930 0.9 156000
1694837867450 0.9 160000
1694837905392 0.9 164000
1694837938772 0.9 168000
1694837971040 0.9 172000
1694838004717 0.9 176000
1694838036869 0.9 180000
1694838068028 0.9 184000
1694838099411 0.9 188000
1694838130768 0.9 192000
1694838162180 0.9 196000
1694838192838 0.9 200000
1694838228770 0.9 204000
1694838260080 0.9 208000
1694838290883 0.9 212000
1694838322841 0.9 216000
1694838354442 0.9 220000
1694838385871 0.9 224000
1694838416991 0.9 228000
1694838447818 0.9 232000
1694838479743 0.9 236000
1694838511569 0.9 240000
1694838547280 0.9 244000
1694838579777 0.9 248000
1694838611778 0.9 252000
1694838643922 0.9 256000
1694838675267 0.9 260000
1694838706547 0.9 264000
1694838738392 0.9 268000
1694838771214 0.9 272000
1694838804046 0.9 276000
1694838837439 0.9 280000
1694838875061 0.9 284000
1694838908052 0.9 288000
1694838940999 0.9 292000
1694838973583 0.9 296000
1694839006645 0.9 300000
1694839038379 0.9 304000
1694839070150 0.9 308000
1694839101548 0.9 312000
1694839134553 0.9 316000
1694839166593 0.9 320000
1694839200591 0.9 324000
1694839232967 0.9 328000
1694839264685 0.9 332000
1694839297042 0.9 336000
1694839328228 0.9 340000
1694839359543 0.9 344000
1694839389629 0.9 348000
1694839420591 0.9 352000
1694839451879 0.9 356000
1694839482858 0.9 360000
1694839516107 0.9 364000
1694839547792 0.9 368000
1694839579259 0.9 372000
1694839611502 0.9 376000
1694839642593 0.9 380000
1694839674212 0.9 384000
1694839706562 0.9 388000
1694839739322 0.9 392000
1694839771166 0.9 396000
1694839803941 0.9 400000
1694839840386 0.9 404000
1694839873250 0.9 408000
1694839905960 0.9 412000
1694839938243 0.9 416000
1694839970953 0.9 420000
1694840002914 0.9 424000
1694840035652 0.9 428000
1694840067038 0.9 432000
1694840099423 0.9 436000
1694840132737 0.9 440000
1694840170465 0.9 444000
1694840204846 0.9 448000
1694840237117 0.9 452000
1694840270573 0.9 456000
1694840302599 0.9 460000
1694840335376 0.9 464000
1694840366121 0.9 468000
1694840399351 0.9 472000
1694840430387 0.9 476000
1694840462624 0.9 480000
1694840497847 0.9 484000
1694840529953 0.9 488000
1694840561793 0.9 492000
1694840593847 0.9 496000
1694840627305 0.9 500000
1694840658469 0.9 504000
1694840690019 0.9 508000
1694840720553 0.9 512000
1694840752164 0.9 516000
1694840783439 0.9 520000
1694840820516 0.9 524000
1694840855826 0.9 528000
1694840884958 0.9 532000
1694840911858 0.9 536000
1694840940016 0.9 540000
1694840966143 0.9 544000
1694840992989 0.9 548000
1694841019177 0.9 552000
1694841045809 0.9 556000
1694841073130 0.9 560000
1694841101825 0.9 564000
1694841128134 0.9 568000
1694841154610 0.9 572000
1694841181517 0.9 576000
