1694836625242 -1.0 4000
1694836654119 -1.0 8000
1694836682241 -1.0 12000
1694836711987 -1.0 16000
1694836741710 -1.0 20000
1694836771187 -1.0 24000
1694836802124 -1.0 28000
1694836832426 -1.0 32000
1694836863317 -1.0 36000
1694836893182 -1.0 40000
1694836927203 -1.0 44000
1694836958466 -1.0 48000
1694836990798 -1.0 52000
1694837023857 -1.0 56000
1694837056139 -1.0 60000
1694837087112 -1.0 64000
1694837118660 -1.0 68000
1694837150831 -1.0 72000
1694837182552 -1.0 76000
1694837215566 -1.0 80000
1694837250380 -1.0 84000
1694837282765 -1.0 88000
1694837314561 -1.0 92000
1694837347019 -1.0 96000
1694837379126 -1.0 100000
1694837410600 -1.0 104000
1694837442713 -1.0 108000
1694837474376 -1.0 112000
1694837506190 -1.0 116000
1694837538586 -1.0 120000
1694837573366 -1.0 124000
1694837605861 -1.0 128000
1694837639820 -1.0 132000
1694837672688 -1.0 136000
1694837705096 -1.0 140000
1694837737332 -1.0 144000
1694837769232 -1.0 148000
1694837801969 -1.0 152000
1694837834017 -1.0 156000
1694837867526 -1.0 160000
1694837905472 -1.0 164000
1694837938838 -1.0 168000
1694837971153 -1.0 172000
1694838004785 -1.0 176000
1694838036933 -1.0 180000
1694838068088 -1.0 184000
1694838099473 -1.0 188000
1694838130835 -1.0 192000
1694838162239 -1.0 196000
1694838192902 -1.0 200000
1694838228835 -1.0 204000
1694838260139 -1.0 208000
1694838290996 -1.0 212000
1694838322916 -1.0 216000
1694838354510 -1.0 220000
1694838385929 -1.0 224000
1694838417067 -1.0 228000
1694838447885 -1.0 232000
1694838479805 -1.0 236000
1694838511696 -1.0 240000
1694838547349 -1.0 244000
1694838579844 -1.0 248000
1694838611837 -1.0 252000
1694838643981 -1.0 256000
1694838675329 -1.0 260000
1694838706618 -1.0 264000
1694838738451 -1.0 268000
1694838771277 -1.0 272000
1694838804120 -1.0 276000
1694838837512 -1.0 280000
1694838875137 -1.0 284000
1694838908128 -1.0 288000
1694838941065 -1.0 292000
1694838973647 -1.0 296000
1694839006709 -1.0 300000
1694839038447 -1.0 304000
1694839070217 -1.0 308000
1694839101611 -1.0 312000
1694839134620 -1.0 316000
1694839166652 -1.0 320000
1694839200647 -1.0 324000
1694839233107 -1.0 328000
1694839264740 -1.0 332000
1694839297104 -1.0 336000
1694839328300 -1.0 340000
1694839359601 -1.0 344000
1694839389689 -1.0 348000
1694839420654 -1.0 352000
1694839451944 -1.0 356000
1694839482932 -1.0 360000
1694839516166 -1.0 364000
1694839547851 -1.0 368000
1694839579319 -1.0 372000
1694839611565 -1.0 376000
1694839642652 -1.0 380000
1694839674281 -1.0 384000
1694839706627 -1.0 388000
1694839739387 -1.0 392000
1694839771280 -1.0 396000
1694839804009 -1.0 400000
1694839840456 -1.0 404000
1694839873306 -1.0 408000
1694839906027 -1.0 412000
1694839938316 -1.0 416000
1694839971023 -1.0 420000
1694840002980 -1.0 424000
1694840035717 -1.0 428000
1694840067109 -1.0 432000
1694840099491 -1.0 436000
1694840132873 -1.0 440000
1694840170534 -1.0 444000
1694840204907 -1.0 448000
1694840237185 -1.0 452000
1694840270650 -1.0 456000
1694840302660 -1.0 460000
1694840335441 -1.0 464000
1694840366185 -1.0 468000
1694840399412 -1.0 472000
1694840430496 -1.0 476000
1694840462701 -1.0 480000
1694840497913 -1.0 484000
1694840530027 -1.0 488000
1694840561853 -1.0 492000
1694840593914 -1.0 496000
1694840627365 -1.0 500000
1694840658530 -1.0 504000
1694840690079 -1.0 508000
1694840720615 -1.0 512000
1694840752223 -1.0 516000
1694840783502 -1.0 520000
1694840820585 -1.0 524000
1694840855895 -1.0 528000
1694840885020 -1.0 532000
1694840911989 -1.0 536000
1694840940074 -1.0 540000
1694840966216 -1.0 544000
1694840993044 -1.0 548000
1694841019232 -1.0 552000
1694841045870 -1.0 556000
1694841073197 -1.0 560000
1694841101886 -1.0 564000
1694841128200 -1.0 568000
1694841154673 -1.0 572000
1694841181594 -1.0 576000
