1694836625193 0.0 4000
1694836654095 0.0 8000
1694836682222 0.0 12000
1694836711944 0.0 16000
1694836741686 0.0 20000
1694836771144 0.0 24000
1694836802099 0.0 28000
1694836832383 0.0 32000
1694836863296 0.0 36000
1694836893156 0.0 40000
1694836927178 0.0 44000
1694836958448 0.0 48000
1694836990770 0.0 52000
1694837023829 0.0 56000
1694837056119 0.0 60000
1694837087088 0.0 64000
1694837118635 0.0 68000
1694837150812 0.0 72000
1694837182525 0.0 76000
1694837215542 0.0 80000
1694837250334 0.0 84000
1694837282739 0.0 88000
1694837314535 0.0 92000
1694837346995 0.0 96000
1694837379106 0.0 100000
1694837410571 0.0 104000
1694837442684 0.0 108000
1694837474354 0.0 112000
1694837506164 0.0 116000
1694837538562 0.0 120000
1694837573339 0.0 124000
1694837605833 0.0 128000
1694837639792 0.0 132000
1694837672640 0.0 136000
1694837705070 0.0 140000
1694837737300 0.0 144000
1694837769209 0.0 148000
1694837801938 0.0 152000
1694837833985 0.0 156000
1694837867500 0.0 160000
1694837905443 0.0 164000
1694837938819 0.0 168000
1694837971108 0.0 172000
1694838004765 0.0 176000
1694838036915 0.0 180000
1694838068070 0.0 184000
1694838099456 0.0 188000
1694838130814 0.0 192000
1694838162221 0.0 196000
1694838192880 0.0 200000
1694838228816 0.0 204000
1694838260120 0.0 208000
1694838290954 0.0 212000
1694838322889 0.0 216000
1694838354485 0.0 220000
1694838385911 0.0 224000
1694838417040 0.0 228000
1694838447867 0.0 232000
1694838479784 0.0 236000
1694838511653 0.0 240000
1694838547329 0.0 244000
1694838579825 0.0 248000
1694838611817 0.0 252000
1694838643962 0.0 256000
1694838675311 0.0 260000
1694838706594 0.0 264000
1694838738431 0.0 268000
1694838771254 0.0 272000
1694838804100 0.0 276000
1694838837488 0.0 280000
1694838875112 0.0 284000
1694838908099 0.0 288000
1694838941041 0.0 292000
1694838973628 0.0 296000
1694839006691 0.0 300000
1694839038427 0.0 304000
1694839070196 0.0 308000
1694839101591 0.0 312000
1694839134597 0.0 316000
1694839166634 0.0 320000
1694839200629 0.0 324000
1694839233062 0.0 328000
1694839264722 0.0 332000
1694839297086 0.0 336000
1694839328276 0.0 340000
1694839359581 0.0 344000
1694839389671 0.0 348000
1694839420633 0.0 352000
1694839451926 0.0 356000
1694839482905 0.0 360000
1694839516146 0.0 364000
1694839547833 0.0 368000
1694839579298 0.0 372000
1694839611547 0.0 376000
1694839642635 0.0 380000
1694839674256 0.0 384000
1694839706605 0.0 388000
1694839739362 0.0 392000
1694839771233 0.0 396000
1694839803990 0.0 400000
1694839840434 0.0 404000
1694839873289 0.0 408000
1694839906006 0.0 412000
1694839938292 0.0 416000
1694839971003 0.0 420000
1694840002959 0.0 424000
1694840035699 0.0 428000
1694840067088 0.0 432000
1694840099467 0.0 436000
1694840132828 0.0 440000
1694840170512 0.0 444000
1694840204887 0.0 448000
1694840237164 0.0 452000
1694840270622 0.0 456000
1694840302642 0.0 460000
1694840335421 0.0 464000
1694840366163 0.0 468000
1694840399394 0.0 472000
1694840430456 0.0 476000
1694840462673 0.0 480000
1694840497892 0.0 484000
1694840530006 0.0 488000
1694840561835 0.0 492000
1694840593892 0.0 496000
1694840627347 0.0 500000
1694840658513 0.0 504000
1694840690061 0.0 508000
1694840720598 0.0 512000
1694840752202 0.0 516000
1694840783479 0.0 520000
1694840820566 0.0 524000
1694840855873 0.0 528000
1694840884997 0.0 532000
1694840911945 0.0 536000
1694840940052 0.0 540000
1694840966191 0.0 544000
1694840993028 0.0 548000
1694841019214 0.0 552000
1694841045843 0.0 556000
1694841073175 0.0 560000
1694841101869 0.0 564000
1694841128182 0.0 568000
1694841154650 0.0 572000
1694841181573 0.0 576000
