1694836625084 0.0 4000
1694836654040 0.0 8000
1694836682154 0.0 12000
1694836711841 0.0 16000
1694836741629 0.0 20000
1694836771037 0.0 24000
1694836802029 0.0 28000
1694836832280 0.0 32000
1694836863230 0.0 36000
1694836893093 0.0 40000
1694836927107 0.0 44000
1694836958381 0.0 48000
1694836990698 0.0 52000
1694837023748 0.0 56000
1694837056056 0.0 60000
1694837087024 0.0 64000
1694837118568 0.0 68000
1694837150735 0.0 72000
1694837182463 0.0 76000
1694837215464 0.0 80000
1694837250225 0.0 84000
1694837282665 0.0 88000
1694837314465 0.0 92000
1694837346918 0.0 96000
1694837379017 0.0 100000
1694837410506 0.0 104000
1694837442617 0.0 108000
1694837474277 0.0 112000
1694837506103 0.0 116000
1694837538491 0.0 120000
1694837573265 0.0 124000
1694837605763 0.0 128000
1694837639714 0.0 132000
1694837672529 0.0 136000
1694837704998 0.0 140000
1694837737223 0.0 144000
1694837769135 0.0 148000
1694837801871 0.0 152000
1694837833915 0.0 156000
1694837867432 0.0 160000
1694837905374 0.0 164000
1694837938756 0.0 168000
1694837971005 0.0 172000
1694838004702 0.0 176000
1694838036847 0.0 180000
1694838068016 0.0 184000
1694838099388 0.0 188000
1694838130749 0.0 192000
1694838162167 0.0 196000
1694838192825 0.0 200000
1694838228749 0.0 204000
1694838260066 0.0 208000
1694838290865 0.0 212000
1694838322828 0.0 216000
1694838354428 0.0 220000
1694838385852 0.0 224000
1694838416978 0.0 228000
1694838447799 0.0 232000
1694838479729 0.0 236000
1694838511551 0.0 240000
1694838547264 0.0 244000
1694838579760 0.0 248000
1694838611763 0.0 252000
1694838643908 0.0 256000
1694838675254 0.0 260000
1694838706534 0.0 264000
1694838738377 0.0 268000
1694838771195 0.0 272000
1694838804031 0.0 276000
1694838837423 0.0 280000
1694838875040 0.0 284000
1694838908036 0.0 288000
1694838940982 0.0 292000
1694838973565 0.0 296000
1694839006631 0.0 300000
1694839038359 0.0 304000
1694839070138 0.0 308000
1694839101535 0.0 312000
1694839134539 0.0 316000
1694839166579 0.0 320000
1694839200574 0.0 324000
1694839232929 0.0 328000
1694839264666 0.0 332000
1694839297029 0.0 336000
1694839328205 0.0 340000
1694839359527 0.0 344000
1694839389606 0.0 348000
1694839420576 0.0 352000
1694839451863 0.0 356000
1694839482845 0.0 360000
1694839516093 0.0 364000
1694839547779 0.0 368000
1694839579247 0.0 372000
1694839611485 0.0 376000
1694839642573 0.0 380000
1694839674199 0.0 384000
1694839706549 0.0 388000
1694839739307 0.0 392000
1694839771132 0.0 396000
1694839803921 0.0 400000
1694839840366 0.0 404000
1694839873235 0.0 408000
1694839905946 0.0 412000
1694839938221 0.0 416000
1694839970936 0.0 420000
1694840002901 0.0 424000
1694840035638 0.0 428000
1694840067016 0.0 432000
1694840099408 0.0 436000
1694840132701 0.0 440000
1694840170447 0.0 444000
1694840204832 0.0 448000
1694840237104 0.0 452000
1694840270559 0.0 456000
1694840302579 0.0 460000
1694840335361 0.0 464000
1694840366108 0.0 468000
1694840399332 0.0 472000
1694840430354 0.0 476000
1694840462610 0.0 480000
1694840497826 0.0 484000
1694840529932 0.0 488000
1694840561779 0.0 492000
1694840593826 0.0 496000
1694840627290 0.0 500000
1694840658455 0.0 504000
1694840690006 0.0 508000
1694840720534 0.0 512000
1694840752148 0.0 516000
1694840783422 0.0 520000
1694840820493 0.0 524000
1694840855812 0.0 528000
1694840884940 0.0 532000
1694840911838 0.0 536000
1694840939996 0.0 540000
1694840966130 0.0 544000
1694840992976 0.0 548000
1694841019164 0.0 552000
1694841045794 0.0 556000
1694841073113 0.0 560000
1694841101811 0.0 564000
1694841128121 0.0 568000
1694841154598 0.0 572000
1694841181486 0.0 576000
