1694836625158 0.0 4000
1694836654083 0.0 8000
1694836682204 0.0 12000
1694836711912 0.0 16000
1694836741674 0.0 20000
1694836771110 0.0 24000
1694836802081 0.0 28000
1694836832369 0.0 32000
1694836863277 0.0 36000
1694836893144 0.0 40000
1694836927160 0.0 44000
1694836958429 0.0 48000
1694836990754 0.0 52000
1694837023807 0.0 56000
1694837056106 0.0 60000
1694837087074 0.0 64000
1694837118623 0.0 68000
1694837150790 0.0 72000
1694837182510 0.0 76000
1694837215519 0.0 80000
1694837250318 0.0 84000
1694837282723 0.0 88000
1694837314518 0.0 92000
1694837346974 0.0 96000
1694837379087 0.0 100000
1694837410559 0.0 104000
1694837442669 0.0 108000
1694837474335 0.0 112000
1694837506145 0.0 116000
1694837538543 0.0 120000
1694837573320 0.0 124000
1694837605818 0.0 128000
1694837639771 0.0 132000
1694837672605 0.0 136000
1694837705052 0.0 140000
1694837737284 0.0 144000
1694837769190 0.0 148000
1694837801925 0.0 152000
1694837833972 0.0 156000
1694837867484 0.0 160000
1694837905428 0.0 164000
1694837938804 0.0 168000
1694837971093 0.0 172000
1694838004749 0.0 176000
1694838036902 0.0 180000
1694838068058 0.0 184000
1694838099438 0.0 188000
1694838130798 0.0 192000
1694838162209 0.0 196000
1694838192868 0.0 200000
1694838228802 0.0 204000
1694838260109 0.0 208000
1694838290937 0.0 212000
1694838322877 0.0 216000
1694838354473 0.0 220000
1694838385898 0.0 224000
1694838417027 0.0 228000
1694838447854 0.0 232000
1694838479772 0.0 236000
1694838511617 0.0 240000
1694838547314 0.0 244000
1694838579812 0.0 248000
1694838611805 0.0 252000
1694838643947 0.0 256000
1694838675294 0.0 260000
1694838706582 0.0 264000
1694838738418 0.0 268000
1694838771241 0.0 272000
1694838804086 0.0 276000
1694838837470 0.0 280000
1694838875092 0.0 284000
1694838908086 0.0 288000
1694838941027 0.0 292000
1694838973614 0.0 296000
1694839006678 0.0 300000
1694839038409 0.0 304000
1694839070184 0.0 308000
1694839101579 0.0 312000
1694839134584 0.0 316000
1694839166622 0.0 320000
1694839200617 0.0 324000
1694839233026 0.0 328000
1694839264711 0.0 332000
1694839297074 0.0 336000
1694839328256 0.0 340000
1694839359570 0.0 344000
1694839389660 0.0 348000
1694839420621 0.0 352000
1694839451908 0.0 356000
1694839482893 0.0 360000
1694839516133 0.0 364000
1694839547820 0.0 368000
1694839579286 0.0 372000
1694839611532 0.0 376000
1694839642622 0.0 380000
1694839674244 0.0 384000
1694839706594 0.0 388000
1694839739349 0.0 392000
1694839771218 0.0 396000
1694839803971 0.0 400000
1694839840416 0.0 404000
1694839873276 0.0 408000
1694839905993 0.0 412000
1694839938270 0.0 416000
1694839970988 0.0 420000
1694840002946 0.0 424000
1694840035686 0.0 428000
1694840067067 0.0 432000
1694840099455 0.0 436000
1694840132789 0.0 440000
1694840170499 0.0 444000
1694840204874 0.0 448000
1694840237152 0.0 452000
1694840270609 0.0 456000
1694840302627 0.0 460000
1694840335408 0.0 464000
1694840366151 0.0 468000
1694840399380 0.0 472000
1694840430437 0.0 476000
1694840462661 0.0 480000
1694840497875 0.0 484000
1694840529990 0.0 488000
1694840561822 0.0 492000
1694840593874 0.0 496000
1694840627335 0.0 500000
1694840658501 0.0 504000
1694840690049 0.0 508000
1694840720581 0.0 512000
1694840752190 0.0 516000
1694840783467 0.0 520000
1694840820553 0.0 524000
1694840855856 0.0 528000
1694840884981 0.0 532000
1694840911911 0.0 536000
1694840940041 0.0 540000
1694840966176 0.0 544000
1694840993014 0.0 548000
1694841019200 0.0 552000
1694841045831 0.0 556000
1694841073157 0.0 560000
1694841101854 0.0 564000
1694841128170 0.0 568000
1694841154639 0.0 572000
1694841181554 0.0 576000
