1694836625251 0.2 4000
1694836654125 0.2 8000
1694836682247 0.2 12000
1694836711994 0.2 16000
1694836741720 0.2 20000
1694836771194 0.2 24000
1694836802130 0.2 28000
1694836832433 0.2 32000
1694836863325 0.2 36000
1694836893193 0.2 40000
1694836927209 0.2 44000
1694836958472 0.2 48000
1694836990805 0.2 52000
1694837023865 0.2 56000
1694837056149 0.2 60000
1694837087119 0.2 64000
1694837118666 0.2 68000
1694837150839 0.2 72000
1694837182559 0.2 76000
1694837215578 0.2 80000
1694837250387 0.2 84000
1694837282772 0.2 88000
1694837314568 0.2 92000
1694837347025 0.2 96000
1694837379136 0.2 100000
1694837410609 0.2 104000
1694837442720 0.2 108000
1694837474387 0.2 112000
1694837506198 0.2 116000
1694837538593 0.2 120000
1694837573373 0.2 124000
1694837605868 0.2 128000
1694837639827 0.2 132000
1694837672696 0.2 136000
1694837705107 0.2 140000
1694837737339 0.2 144000
1694837769242 0.2 148000
1694837801976 0.2 152000
1694837834024 0.2 156000
1694837867533 0.2 160000
1694837905479 0.2 164000
1694837938849 0.2 168000
1694837971163 0.2 172000
1694838004791 0.2 176000
1694838036939 0.2 180000
1694838068095 0.2 184000
1694838099479 0.2 188000
1694838130841 0.2 192000
1694838162245 0.2 196000
1694838192908 0.2 200000
1694838228842 0.2 204000
1694838260147 0.2 208000
1694838291004 0.2 212000
1694838322923 0.2 216000
1694838354517 0.2 220000
1694838385935 0.2 224000
1694838417073 0.2 228000
1694838447891 0.2 232000
1694838479811 0.2 236000
1694838511704 0.2 240000
1694838547358 0.2 244000
1694838579850 0.2 248000
1694838611843 0.2 252000
1694838643987 0.2 256000
1694838675336 0.2 260000
1694838706627 0.2 264000
1694838738458 0.2 268000
1694838771283 0.2 272000
1694838804129 0.2 276000
1694838837519 0.2 280000
1694838875144 0.2 284000
1694838908175 0.2 288000
1694838941071 0.2 292000
1694838973653 0.2 296000
1694839006717 0.2 300000
1694839038454 0.2 304000
1694839070224 0.2 308000
1694839101619 0.2 312000
1694839134627 0.2 316000
1694839166659 0.2 320000
1694839200654 0.2 324000
1694839233116 0.2 328000
1694839264746 0.2 332000
1694839297113 0.2 336000
1694839328306 0.2 340000
1694839359607 0.2 344000
1694839389694 0.2 348000
1694839420661 0.2 352000
1694839451950 0.2 356000
1694839482940 0.2 360000
1694839516177 0.2 364000
1694839547857 0.2 368000
1694839579327 0.2 372000
1694839611571 0.2 376000
1694839642658 0.2 380000
1694839674290 0.2 384000
1694839706633 0.2 388000
1694839739393 0.2 392000
1694839771291 0.2 396000
1694839804015 0.2 400000
1694839840462 0.2 404000
1694839873312 0.2 408000
1694839906039 0.2 412000
1694839938327 0.2 416000
1694839971029 0.2 420000
1694840002987 0.2 424000
1694840035723 0.2 428000
1694840067115 0.2 432000
1694840099497 0.2 436000
1694840132882 0.2 440000
1694840170545 0.2 444000
1694840204914 0.2 448000
1694840237192 0.2 452000
1694840270657 0.2 456000
1694840302666 0.2 460000
1694840335448 0.2 464000
1694840366191 0.2 468000
1694840399418 0.2 472000
1694840430525 0.2 476000
1694840462709 0.2 480000
1694840497920 0.2 484000
1694840530037 0.2 488000
1694840561860 0.2 492000
1694840593920 0.2 496000
1694840627372 0.2 500000
1694840658540 0.2 504000
1694840690086 0.2 508000
1694840720621 0.2 512000
1694840752229 0.2 516000
1694840783508 0.2 520000
1694840820595 0.2 524000
1694840855903 0.2 528000
1694840885026 0.2 532000
1694840911997 0.2 536000
1694840940079 0.2 540000
1694840966222 0.2 544000
1694840993050 0.2 548000
1694841019240 0.2 552000
1694841045876 0.2 556000
1694841073204 0.2 560000
1694841101896 0.2 564000
1694841128205 0.2 568000
1694841154678 0.2 572000
1694841181602 0.2 576000
