1694836625287 0.01 4000
1694836654135 0.01 8000
1694836682262 0.01 12000
1694836712009 0.01 16000
1694836741729 0.01 20000
1694836771206 0.01 24000
1694836802142 0.01 28000
1694836832448 0.01 32000
1694836863338 0.01 36000
1694836893203 0.01 40000
1694836927225 0.01 44000
1694836958481 0.01 48000
1694836990817 0.01 52000
1694837023885 0.01 56000
1694837056160 0.01 60000
1694837087132 0.01 64000
1694837118702 0.01 68000
1694837150854 0.01 72000
1694837182569 0.01 76000
1694837215593 0.01 80000
1694837250421 0.01 84000
1694837282790 0.01 88000
1694837314580 0.01 92000
1694837347041 0.01 96000
1694837379150 0.01 100000
1694837410619 0.01 104000
1694837442736 0.01 108000
1694837474400 0.01 112000
1694837506213 0.01 116000
1694837538609 0.01 120000
1694837573386 0.01 124000
1694837605878 0.01 128000
1694837639845 0.01 132000
1694837672729 0.01 136000
1694837705120 0.01 140000
1694837737352 0.01 144000
1694837769257 0.01 148000
1694837801988 0.01 152000
1694837834036 0.01 156000
1694837867549 0.01 160000
1694837905491 0.01 164000
1694837938863 0.01 168000
1694837971196 0.01 172000
1694838004804 0.01 176000
1694838036950 0.01 180000
1694838068109 0.01 184000
1694838099489 0.01 188000
1694838130856 0.01 192000
1694838162258 0.01 196000
1694838192917 0.01 200000
1694838228858 0.01 204000
1694838260159 0.01 208000
1694838291015 0.01 212000
1694838322935 0.01 216000
1694838354528 0.01 220000
1694838385945 0.01 224000
1694838417083 0.01 228000
1694838447904 0.01 232000
1694838479822 0.01 236000
1694838511717 0.01 240000
1694838547372 0.01 244000
1694838579863 0.01 248000
1694838611853 0.01 252000
1694838643997 0.01 256000
1694838675346 0.01 260000
1694838706641 0.01 264000
1694838738468 0.01 268000
1694838771293 0.01 272000
1694838804139 0.01 276000
1694838837542 0.01 280000
1694838875155 0.01 284000
1694838908190 0.01 288000
1694838941082 0.01 292000
1694838973664 0.01 296000
1694839006727 0.01 300000
1694839038464 0.01 304000
1694839070235 0.01 308000
1694839101631 0.01 312000
1694839134637 0.01 316000
1694839166671 0.01 320000
1694839200669 0.01 324000
1694839233136 0.01 328000
1694839264756 0.01 332000
1694839297124 0.01 336000
1694839328317 0.01 340000
1694839359618 0.01 344000
1694839389703 0.01 348000
1694839420678 0.01 352000
1694839451959 0.01 356000
1694839482951 0.01 360000
1694839516186 0.01 364000
1694839547869 0.01 368000
1694839579337 0.01 372000
1694839611582 0.01 376000
1694839642669 0.01 380000
1694839674300 0.01 384000
1694839706642 0.01 388000
1694839739403 0.01 392000
1694839771322 0.01 396000
1694839804025 0.01 400000
1694839840476 0.01 404000
1694839873324 0.01 408000
1694839906049 0.01 412000
1694839938342 0.01 416000
1694839971039 0.01 420000
1694840002998 0.01 424000
1694840035739 0.01 428000
1694840067126 0.01 432000
1694840099507 0.01 436000
1694840132896 0.01 440000
1694840170557 0.01 444000
1694840204925 0.01 448000
1694840237202 0.01 452000
1694840270668 0.01 456000
1694840302678 0.01 460000
1694840335458 0.01 464000
1694840366201 0.01 468000
1694840399429 0.01 472000
1694840430539 0.01 476000
1694840462720 0.01 480000
1694840497930 0.01 484000
1694840530053 0.01 488000
1694840561870 0.01 492000
1694840593956 0.01 496000
1694840627384 0.01 500000
1694840658550 0.01 504000
1694840690097 0.01 508000
1694840720630 0.01 512000
1694840752241 0.01 516000
1694840783518 0.01 520000
1694840820609 0.01 524000
1694840855916 0.01 528000
1694840885037 0.01 532000
1694840912013 0.01 536000
1694840940094 0.01 540000
1694840966231 0.01 544000
1694840993062 0.01 548000
1694841019254 0.01 552000
1694841045885 0.01 556000
1694841073220 0.01 560000
1694841101909 0.01 564000
1694841128239 0.01 568000
1694841154688 0.01 572000
1694841181617 0.01 576000
