1694836625290 1.0 4000
1694836654137 1.0 8000
1694836682266 1.0 12000
1694836712014 1.0 16000
1694836741731 1.0 20000
1694836771211 1.0 24000
1694836802145 1.0 28000
1694836832468 1.0 32000
1694836863343 1.0 36000
1694836893206 1.0 40000
1694836927229 1.0 44000
1694836958486 1.0 48000
1694836990822 1.0 52000
1694837023889 1.0 56000
1694837056162 1.0 60000
1694837087134 1.0 64000
1694837118705 1.0 68000
1694837150857 1.0 72000
1694837182572 1.0 76000
1694837215599 1.0 80000
1694837250425 1.0 84000
1694837282794 1.0 88000
1694837314584 1.0 92000
1694837347045 1.0 96000
1694837379155 1.0 100000
1694837410621 1.0 104000
1694837442740 1.0 108000
1694837474405 1.0 112000
1694837506216 1.0 116000
1694837538612 1.0 120000
1694837573389 1.0 124000
1694837605882 1.0 128000
1694837639848 1.0 132000
1694837672732 1.0 136000
1694837705123 1.0 140000
1694837737357 1.0 144000
1694837769261 1.0 148000
1694837801993 1.0 152000
1694837834040 1.0 156000
1694837867552 1.0 160000
1694837905494 1.0 164000
1694837938868 1.0 168000
1694837971199 1.0 172000
1694838004806 1.0 176000
1694838036952 1.0 180000
1694838068111 1.0 184000
1694838099493 1.0 188000
1694838130860 1.0 192000
1694838162260 1.0 196000
1694838192920 1.0 200000
1694838228862 1.0 204000
1694838260161 1.0 208000
1694838291020 1.0 212000
1694838322937 1.0 216000
1694838354530 1.0 220000
1694838385949 1.0 224000
1694838417086 1.0 228000
1694838447907 1.0 232000
1694838479824 1.0 236000
1694838511721 1.0 240000
1694838547375 1.0 244000
1694838579866 1.0 248000
1694838611856 1.0 252000
1694838643999 1.0 256000
1694838675349 1.0 260000
1694838706644 1.0 264000
1694838738470 1.0 268000
1694838771295 1.0 272000
1694838804142 1.0 276000
1694838837546 1.0 280000
1694838875160 1.0 284000
1694838908195 1.0 288000
1694838941084 1.0 292000
1694838973667 1.0 296000
1694839006729 1.0 300000
1694839038468 1.0 304000
1694839070237 1.0 308000
1694839101633 1.0 312000
1694839134640 1.0 316000
1694839166674 1.0 320000
1694839200671 1.0 324000
1694839233156 1.0 328000
1694839264758 1.0 332000
1694839297127 1.0 336000
1694839328319 1.0 340000
1694839359620 1.0 344000
1694839389705 1.0 348000
1694839420683 1.0 352000
1694839451963 1.0 356000
1694839482953 1.0 360000
1694839516189 1.0 364000
1694839547874 1.0 368000
1694839579339 1.0 372000
1694839611584 1.0 376000
1694839642672 1.0 380000
1694839674302 1.0 384000
1694839706645 1.0 388000
1694839739405 1.0 392000
1694839771325 1.0 396000
1694839804028 1.0 400000
1694839840479 1.0 404000
1694839873326 1.0 408000
1694839906052 1.0 412000
1694839938346 1.0 416000
1694839971041 1.0 420000
1694840003000 1.0 424000
1694840035742 1.0 428000
1694840067128 1.0 432000
1694840099509 1.0 436000
1694840132900 1.0 440000
1694840170560 1.0 444000
1694840204929 1.0 448000
1694840237205 1.0 452000
1694840270670 1.0 456000
1694840302681 1.0 460000
1694840335461 1.0 464000
1694840366204 1.0 468000
1694840399432 1.0 472000
1694840430542 1.0 476000
1694840462722 1.0 480000
1694840497934 1.0 484000
1694840530056 1.0 488000
1694840561873 1.0 492000
1694840593961 1.0 496000
1694840627387 1.0 500000
1694840658553 1.0 504000
1694840690100 1.0 508000
1694840720634 1.0 512000
1694840752244 1.0 516000
1694840783520 1.0 520000
1694840820613 1.0 524000
1694840855919 1.0 528000
1694840885040 1.0 532000
1694840912034 1.0 536000
1694840940096 1.0 540000
1694840966233 1.0 544000
1694840993065 1.0 548000
1694841019257 1.0 552000
1694841045887 1.0 556000
1694841073223 1.0 560000
1694841101912 1.0 564000
1694841128241 1.0 568000
1694841154691 1.0 572000
1694841181621 1.0 576000
