1694836625051 0.0 4000
1694836654031 0.0 8000
1694836682141 0.0 12000
1694836711812 0.0 16000
1694836741621 0.0 20000
1694836770912 0.0 24000
1694836802020 0.0 28000
1694836832269 0.0 32000
1694836863218 0.0 36000
1694836893079 0.0 40000
1694836927098 0.0 44000
1694836958373 0.0 48000
1694836990684 0.0 52000
1694837023732 0.0 56000
1694837056046 0.0 60000
1694837087015 0.0 64000
1694837118558 0.0 68000
1694837150726 0.0 72000
1694837182454 0.0 76000
1694837215455 0.0 80000
1694837250193 0.0 84000
1694837282656 0.0 88000
1694837314456 0.0 92000
1694837346910 0.0 96000
1694837379008 0.0 100000
1694837410491 0.0 104000
1694837442607 0.0 108000
1694837474267 0.0 112000
1694837506089 0.0 116000
1694837538483 0.0 120000
1694837573250 0.0 124000
1694837605749 0.0 128000
1694837639698 0.0 132000
1694837672496 0.0 136000
1694837704985 0.0 140000
1694837737209 0.0 144000
1694837769125 0.0 148000
1694837801857 0.0 152000
1694837833899 0.0 156000
1694837867423 0.0 160000
1694837905364 0.0 164000
1694837938744 0.0 168000
1694837970994 0.0 172000
1694838004688 0.0 176000
1694838036833 0.0 180000
1694838068007 0.0 184000
1694838099380 0.0 188000
1694838130739 0.0 192000
1694838162159 0.0 196000
1694838192813 0.0 200000
1694838228739 0.0 204000
1694838260053 0.0 208000
1694838290856 0.0 212000
1694838322819 0.0 216000
1694838354418 0.0 220000
1694838385843 0.0 224000
1694838416969 0.0 228000
1694838447790 0.0 232000
1694838479721 0.0 236000
1694838511523 0.0 240000
1694838547250 0.0 244000
1694838579747 0.0 248000
1694838611754 0.0 252000
1694838643895 0.0 256000
1694838675243 0.0 260000
1694838706524 0.0 264000
1694838738368 0.0 268000
1694838771186 0.0 272000
1694838804020 0.0 276000
1694838837409 0.0 280000
1694838875026 0.0 284000
1694838908022 0.0 288000
1694838940971 0.0 292000
1694838973550 0.0 296000
1694839006622 0.0 300000
1694839038349 0.0 304000
1694839070128 0.0 308000
1694839101525 0.0 312000
1694839134529 0.0 316000
1694839166566 0.0 320000
1694839200559 0.0 324000
1694839232918 0.0 328000
1694839264653 0.0 332000
1694839297018 0.0 336000
1694839328196 0.0 340000
1694839359519 0.0 344000
1694839389598 0.0 348000
1694839420567 0.0 352000
1694839451853 0.0 356000
1694839482835 0.0 360000
1694839516082 0.0 364000
1694839547771 0.0 368000
1694839579238 0.0 372000
1694839611476 0.0 376000
1694839642565 0.0 380000
1694839674189 0.0 384000
1694839706540 0.0 388000
1694839739298 0.0 392000
1694839771121 0.0 396000
1694839803909 0.0 400000
1694839840356 0.0 404000
1694839873227 0.0 408000
1694839905938 0.0 412000
1694839938211 0.0 416000
1694839970925 0.0 420000
1694840002891 0.0 424000
1694840035627 0.0 428000
1694840067007 0.0 432000
1694840099398 0.0 436000
1694840132689 0.0 440000
1694840170435 0.0 444000
1694840204823 0.0 448000
1694840237095 0.0 452000
1694840270549 0.0 456000
1694840302570 0.0 460000
1694840335351 0.0 464000
1694840366097 0.0 468000
1694840399323 0.0 472000
1694840430342 0.0 476000
1694840462596 0.0 480000
1694840497816 0.0 484000
1694840529921 0.0 488000
1694840561769 0.0 492000
1694840593818 0.0 496000
1694840627280 0.0 500000
1694840658441 0.0 504000
1694840689997 0.0 508000
1694840720526 0.0 512000
1694840752140 0.0 516000
1694840783413 0.0 520000
1694840820478 0.0 524000
1694840855802 0.0 528000
1694840884931 0.0 532000
1694840911808 0.0 536000
1694840939984 0.0 540000
1694840966122 0.0 544000
1694840992968 0.0 548000
1694841019155 0.0 552000
1694841045784 0.0 556000
1694841073104 0.0 560000
1694841101797 0.0 564000
1694841128108 0.0 568000
1694841154591 0.0 572000
1694841181463 0.0 576000
