1694836625189 1.0 4000
1694836654091 1.0 8000
1694836682218 1.0 12000
1694836711940 1.0 16000
1694836741681 1.0 20000
1694836771140 1.0 24000
1694836802094 1.0 28000
1694836832379 1.0 32000
1694836863290 1.0 36000
1694836893153 1.0 40000
1694836927174 1.0 44000
1694836958443 1.0 48000
1694836990763 1.0 52000
1694837023822 1.0 56000
1694837056116 1.0 60000
1694837087083 1.0 64000
1694837118631 1.0 68000
1694837150808 1.0 72000
1694837182519 1.0 76000
1694837215536 1.0 80000
1694837250330 1.0 84000
1694837282736 1.0 88000
1694837314529 1.0 92000
1694837346988 1.0 96000
1694837379100 1.0 100000
1694837410568 1.0 104000
1694837442678 1.0 108000
1694837474348 1.0 112000
1694837506159 1.0 116000
1694837538557 1.0 120000
1694837573332 1.0 124000
1694837605826 1.0 128000
1694837639784 1.0 132000
1694837672636 1.0 136000
1694837705066 1.0 140000
1694837737294 1.0 144000
1694837769203 1.0 148000
1694837801935 1.0 152000
1694837833981 1.0 156000
1694837867496 1.0 160000
1694837905439 1.0 164000
1694837938814 1.0 168000
1694837971103 1.0 172000
1694838004761 1.0 176000
1694838036911 1.0 180000
1694838068066 1.0 184000
1694838099452 1.0 188000
1694838130809 1.0 192000
1694838162217 1.0 196000
1694838192876 1.0 200000
1694838228812 1.0 204000
1694838260117 1.0 208000
1694838290950 1.0 212000
1694838322886 1.0 216000
1694838354482 1.0 220000
1694838385907 1.0 224000
1694838417036 1.0 228000
1694838447864 1.0 232000
1694838479780 1.0 236000
1694838511648 1.0 240000
1694838547325 1.0 244000
1694838579822 1.0 248000
1694838611814 1.0 252000
1694838643957 1.0 256000
1694838675306 1.0 260000
1694838706591 1.0 264000
1694838738427 1.0 268000
1694838771250 1.0 272000
1694838804095 1.0 276000
1694838837484 1.0 280000
1694838875103 1.0 284000
1694838908095 1.0 288000
1694838941037 1.0 292000
1694838973624 1.0 296000
1694839006687 1.0 300000
1694839038423 1.0 304000
1694839070193 1.0 308000
1694839101587 1.0 312000
1694839134593 1.0 316000
1694839166630 1.0 320000
1694839200625 1.0 324000
1694839233058 1.0 328000
1694839264719 1.0 332000
1694839297082 1.0 336000
1694839328272 1.0 340000
1694839359578 1.0 344000
1694839389668 1.0 348000
1694839420630 1.0 352000
1694839451921 1.0 356000
1694839482902 1.0 360000
1694839516142 1.0 364000
1694839547829 1.0 368000
1694839579294 1.0 372000
1694839611541 1.0 376000
1694839642631 1.0 380000
1694839674252 1.0 384000
1694839706602 1.0 388000
1694839739358 1.0 392000
1694839771229 1.0 396000
1694839803986 1.0 400000
1694839840430 1.0 404000
1694839873285 1.0 408000
1694839906002 1.0 412000
1694839938285 1.0 416000
1694839970999 1.0 420000
1694840002955 1.0 424000
1694840035695 1.0 428000
1694840067082 1.0 432000
1694840099463 1.0 436000
1694840132822 1.0 440000
1694840170508 1.0 444000
1694840204883 1.0 448000
1694840237160 1.0 452000
1694840270618 1.0 456000
1694840302638 1.0 460000
1694840335417 1.0 464000
1694840366159 1.0 468000
1694840399390 1.0 472000
1694840430448 1.0 476000
1694840462670 1.0 480000
1694840497887 1.0 484000
1694840530000 1.0 488000
1694840561831 1.0 492000
1694840593886 1.0 496000
1694840627344 1.0 500000
1694840658510 1.0 504000
1694840690058 1.0 508000
1694840720594 1.0 512000
1694840752198 1.0 516000
1694840783475 1.0 520000
1694840820562 1.0 524000
1694840855869 1.0 528000
1694840884993 1.0 532000
1694840911940 1.0 536000
1694840940049 1.0 540000
1694840966185 1.0 544000
1694840993025 1.0 548000
1694841019210 1.0 552000
1694841045838 1.0 556000
1694841073171 1.0 560000
1694841101865 1.0 564000
1694841128178 1.0 568000
1694841154647 1.0 572000
1694841181568 1.0 576000
