1694836625103 0.001 4000
1694836654055 0.001 8000
1694836682175 0.001 12000
1694836711861 0.001 16000
1694836741643 0.001 20000
1694836771060 0.001 24000
1694836802046 0.001 28000
1694836832318 0.001 32000
1694836863252 0.001 36000
1694836893108 0.001 40000
1694836927128 0.001 44000
1694836958404 0.001 48000
1694836990715 0.001 52000
1694837023767 0.001 56000
1694837056074 0.001 60000
1694837087042 0.001 64000
1694837118594 0.001 68000
1694837150757 0.001 72000
1694837182479 0.001 76000
1694837215484 0.001 80000
1694837250247 0.001 84000
1694837282689 0.001 88000
1694837314486 0.001 92000
1694837346942 0.001 96000
1694837379036 0.001 100000
1694837410521 0.001 104000
1694837442637 0.001 108000
1694837474302 0.001 112000
1694837506120 0.001 116000
1694837538512 0.001 120000
1694837573284 0.001 124000
1694837605780 0.001 128000
1694837639733 0.001 132000
1694837672549 0.001 136000
1694837705019 0.001 140000
1694837737243 0.001 144000
1694837769158 0.001 148000
1694837801889 0.001 152000
1694837833932 0.001 156000
1694837867452 0.001 160000
1694837905394 0.001 164000
1694837938773 0.001 168000
1694837971042 0.001 172000
1694838004718 0.001 176000
1694838036870 0.001 180000
1694838068029 0.001 184000
1694838099413 0.001 188000
1694838130769 0.001 192000
1694838162182 0.001 196000
1694838192839 0.001 200000
1694838228771 0.001 204000
1694838260081 0.001 208000
1694838290884 0.001 212000
1694838322843 0.001 216000
1694838354443 0.001 220000
1694838385872 0.001 224000
1694838416992 0.001 228000
1694838447821 0.001 232000
1694838479744 0.001 236000
1694838511570 0.001 240000
1694838547282 0.001 244000
1694838579779 0.001 248000
1694838611780 0.001 252000
1694838643923 0.001 256000
1694838675268 0.001 260000
1694838706549 0.001 264000
1694838738394 0.001 268000
1694838771216 0.001 272000
1694838804047 0.001 276000
1694838837441 0.001 280000
1694838875063 0.001 284000
1694838908054 0.001 288000
1694838941000 0.001 292000
1694838973584 0.001 296000
1694839006646 0.001 300000
1694839038380 0.001 304000
1694839070151 0.001 308000
1694839101550 0.001 312000
1694839134555 0.001 316000
1694839166594 0.001 320000
1694839200592 0.001 324000
1694839232969 0.001 328000
1694839264686 0.001 332000
1694839297043 0.001 336000
1694839328229 0.001 340000
1694839359544 0.001 344000
1694839389631 0.001 348000
1694839420593 0.001 352000
1694839451881 0.001 356000
1694839482859 0.001 360000
1694839516108 0.001 364000
1694839547793 0.001 368000
1694839579261 0.001 372000
1694839611503 0.001 376000
1694839642594 0.001 380000
1694839674214 0.001 384000
1694839706564 0.001 388000
1694839739324 0.001 392000
1694839771169 0.001 396000
1694839803942 0.001 400000
1694839840387 0.001 404000
1694839873251 0.001 408000
1694839905961 0.001 412000
1694839938244 0.001 416000
1694839970954 0.001 420000
1694840002915 0.001 424000
1694840035653 0.001 428000
1694840067040 0.001 432000
1694840099425 0.001 436000
1694840132739 0.001 440000
1694840170466 0.001 444000
1694840204847 0.001 448000
1694840237118 0.001 452000
1694840270575 0.001 456000
1694840302600 0.001 460000
1694840335379 0.001 464000
1694840366122 0.001 468000
1694840399353 0.001 472000
1694840430388 0.001 476000
1694840462626 0.001 480000
1694840497848 0.001 484000
1694840529955 0.001 488000
1694840561794 0.001 492000
1694840593849 0.001 496000
1694840627306 0.001 500000
1694840658470 0.001 504000
1694840690020 0.001 508000
1694840720556 0.001 512000
1694840752165 0.001 516000
1694840783441 0.001 520000
1694840820518 0.001 524000
1694840855827 0.001 528000
1694840884959 0.001 532000
1694840911860 0.001 536000
1694840940018 0.001 540000
1694840966145 0.001 544000
1694840992990 0.001 548000
1694841019178 0.001 552000
1694841045810 0.001 556000
1694841073131 0.001 560000
1694841101826 0.001 564000
1694841128135 0.001 568000
1694841154611 0.001 572000
1694841181520 0.001 576000
