1694836625196 1000.0 4000
1694836654097 1000.0 8000
1694836682224 1000.0 12000
1694836711947 1000.0 16000
1694836741690 1000.0 20000
1694836771147 1000.0 24000
1694836802101 1000.0 28000
1694836832386 1000.0 32000
1694836863299 1000.0 36000
1694836893158 1000.0 40000
1694836927180 1000.0 44000
1694836958450 1000.0 48000
1694836990774 1000.0 52000
1694837023833 1000.0 56000
1694837056122 1000.0 60000
1694837087093 1000.0 64000
1694837118639 1000.0 68000
1694837150814 1000.0 72000
1694837182529 1000.0 76000
1694837215547 1000.0 80000
1694837250337 1000.0 84000
1694837282744 1000.0 88000
1694837314538 1000.0 92000
1694837347000 1000.0 96000
1694837379109 1000.0 100000
1694837410576 1000.0 104000
1694837442689 1000.0 108000
1694837474358 1000.0 112000
1694837506166 1000.0 116000
1694837538564 1000.0 120000
1694837573341 1000.0 124000
1694837605837 1000.0 128000
1694837639796 1000.0 132000
1694837672644 1000.0 136000
1694837705072 1000.0 140000
1694837737305 1000.0 144000
1694837769214 1000.0 148000
1694837801941 1000.0 152000
1694837833990 1000.0 156000
1694837867502 1000.0 160000
1694837905445 1000.0 164000
1694837938821 1000.0 168000
1694837971113 1000.0 172000
1694838004768 1000.0 176000
1694838036917 1000.0 180000
1694838068072 1000.0 184000
1694838099458 1000.0 188000
1694838130816 1000.0 192000
1694838162223 1000.0 196000
1694838192882 1000.0 200000
1694838228818 1000.0 204000
1694838260123 1000.0 208000
1694838290956 1000.0 212000
1694838322892 1000.0 216000
1694838354488 1000.0 220000
1694838385914 1000.0 224000
1694838417042 1000.0 228000
1694838447870 1000.0 232000
1694838479786 1000.0 236000
1694838511655 1000.0 240000
1694838547332 1000.0 244000
1694838579828 1000.0 248000
1694838611820 1000.0 252000
1694838643965 1000.0 256000
1694838675313 1000.0 260000
1694838706597 1000.0 264000
1694838738434 1000.0 268000
1694838771258 1000.0 272000
1694838804103 1000.0 276000
1694838837491 1000.0 280000
1694838875118 1000.0 284000
1694838908102 1000.0 288000
1694838941044 1000.0 292000
1694838973631 1000.0 296000
1694839006693 1000.0 300000
1694839038430 1000.0 304000
1694839070199 1000.0 308000
1694839101593 1000.0 312000
1694839134600 1000.0 316000
1694839166637 1000.0 320000
1694839200632 1000.0 324000
1694839233068 1000.0 328000
1694839264725 1000.0 332000
1694839297088 1000.0 336000
1694839328279 1000.0 340000
1694839359584 1000.0 344000
1694839389674 1000.0 348000
1694839420636 1000.0 352000
1694839451928 1000.0 356000
1694839482908 1000.0 360000
1694839516148 1000.0 364000
1694839547835 1000.0 368000
1694839579300 1000.0 372000
1694839611549 1000.0 376000
1694839642637 1000.0 380000
1694839674258 1000.0 384000
1694839706608 1000.0 388000
1694839739365 1000.0 392000
1694839771238 1000.0 396000
1694839803993 1000.0 400000
1694839840437 1000.0 404000
1694839873291 1000.0 408000
1694839906008 1000.0 412000
1694839938297 1000.0 416000
1694839971006 1000.0 420000
1694840002961 1000.0 424000
1694840035701 1000.0 428000
1694840067092 1000.0 432000
1694840099469 1000.0 436000
1694840132831 1000.0 440000
1694840170515 1000.0 444000
1694840204889 1000.0 448000
1694840237166 1000.0 452000
1694840270626 1000.0 456000
1694840302645 1000.0 460000
1694840335423 1000.0 464000
1694840366165 1000.0 468000
1694840399396 1000.0 472000
1694840430476 1000.0 476000
1694840462677 1000.0 480000
1694840497895 1000.0 484000
1694840530009 1000.0 488000
1694840561837 1000.0 492000
1694840593895 1000.0 496000
1694840627349 1000.0 500000
1694840658516 1000.0 504000
1694840690064 1000.0 508000
1694840720600 1000.0 512000
1694840752205 1000.0 516000
1694840783481 1000.0 520000
1694840820569 1000.0 524000
1694840855875 1000.0 528000
1694840884999 1000.0 532000
1694840911948 1000.0 536000
1694840940055 1000.0 540000
1694840966194 1000.0 544000
1694840993030 1000.0 548000
1694841019217 1000.0 552000
1694841045846 1000.0 556000
1694841073177 1000.0 560000
1694841101872 1000.0 564000
1694841128184 1000.0 568000
1694841154653 1000.0 572000
1694841181575 1000.0 576000
