1694836625108 2.0 4000
1694836654060 2.0 8000
1694836682177 2.0 12000
1694836711882 2.0 16000
1694836741646 2.0 20000
1694836771064 2.0 24000
1694836802052 2.0 28000
1694836832322 2.0 32000
1694836863254 2.0 36000
1694836893111 2.0 40000
1694836927131 2.0 44000
1694836958407 2.0 48000
1694836990720 2.0 52000
1694837023773 2.0 56000
1694837056077 2.0 60000
1694837087047 2.0 64000
1694837118599 2.0 68000
1694837150759 2.0 72000
1694837182482 2.0 76000
1694837215488 2.0 80000
1694837250268 2.0 84000
1694837282694 2.0 88000
1694837314489 2.0 92000
1694837346946 2.0 96000
1694837379038 2.0 100000
1694837410525 2.0 104000
1694837442640 2.0 108000
1694837474306 2.0 112000
1694837506123 2.0 116000
1694837538515 2.0 120000
1694837573289 2.0 124000
1694837605785 2.0 128000
1694837639738 2.0 132000
1694837672554 2.0 136000
1694837705022 2.0 140000
1694837737246 2.0 144000
1694837769162 2.0 148000
1694837801894 2.0 152000
1694837833934 2.0 156000
1694837867454 2.0 160000
1694837905400 2.0 164000
1694837938775 2.0 168000
1694837971045 2.0 172000
1694838004721 2.0 176000
1694838036873 2.0 180000
1694838068032 2.0 184000
1694838099416 2.0 188000
1694838130772 2.0 192000
1694838162184 2.0 196000
1694838192843 2.0 200000
1694838228774 2.0 204000
1694838260083 2.0 208000
1694838290886 2.0 212000
1694838322848 2.0 216000
1694838354448 2.0 220000
1694838385875 2.0 224000
1694838416996 2.0 228000
1694838447826 2.0 232000
1694838479748 2.0 236000
1694838511573 2.0 240000
1694838547285 2.0 244000
1694838579783 2.0 248000
1694838611782 2.0 252000
1694838643926 2.0 256000
1694838675271 2.0 260000
1694838706553 2.0 264000
1694838738396 2.0 268000
1694838771219 2.0 272000
1694838804051 2.0 276000
1694838837443 2.0 280000
1694838875066 2.0 284000
1694838908059 2.0 288000
1694838941004 2.0 292000
1694838973586 2.0 296000
1694839006649 2.0 300000
1694839038384 2.0 304000
1694839070154 2.0 308000
1694839101552 2.0 312000
1694839134560 2.0 316000
1694839166596 2.0 320000
1694839200594 2.0 324000
1694839232973 2.0 328000
1694839264689 2.0 332000
1694839297045 2.0 336000
1694839328232 2.0 340000
1694839359547 2.0 344000
1694839389636 2.0 348000
1694839420596 2.0 352000
1694839451886 2.0 356000
1694839482863 2.0 360000
1694839516111 2.0 364000
1694839547796 2.0 368000
1694839579264 2.0 372000
1694839611506 2.0 376000
1694839642596 2.0 380000
1694839674219 2.0 384000
1694839706569 2.0 388000
1694839739326 2.0 392000
1694839771172 2.0 396000
1694839803945 2.0 400000
1694839840390 2.0 404000
1694839873253 2.0 408000
1694839905964 2.0 412000
1694839938247 2.0 416000
1694839970957 2.0 420000
1694840002918 2.0 424000
1694840035656 2.0 428000
1694840067044 2.0 432000
1694840099429 2.0 436000
1694840132742 2.0 440000
1694840170469 2.0 444000
1694840204850 2.0 448000
1694840237121 2.0 452000
1694840270579 2.0 456000
1694840302603 2.0 460000
1694840335384 2.0 464000
1694840366125 2.0 468000
1694840399356 2.0 472000
1694840430391 2.0 476000
1694840462630 2.0 480000
1694840497851 2.0 484000
1694840529958 2.0 488000
1694840561796 2.0 492000
1694840593851 2.0 496000
1694840627308 2.0 500000
1694840658473 2.0 504000
1694840690023 2.0 508000
1694840720560 2.0 512000
1694840752168 2.0 516000
1694840783444 2.0 520000
1694840820521 2.0 524000
1694840855829 2.0 528000
1694840884961 2.0 532000
1694840911882 2.0 536000
1694840940020 2.0 540000
1694840966147 2.0 544000
1694840992992 2.0 548000
1694841019180 2.0 552000
1694841045812 2.0 556000
1694841073133 2.0 560000
1694841101828 2.0 564000
1694841128137 2.0 568000
1694841154613 2.0 572000
1694841181523 2.0 576000
