1694836625180 100.0 4000
1694836654085 100.0 8000
1694836682209 100.0 12000
1694836711932 100.0 16000
1694836741676 100.0 20000
1694836771114 100.0 24000
1694836802084 100.0 28000
1694836832372 100.0 32000
1694836863279 100.0 36000
1694836893146 100.0 40000
1694836927163 100.0 44000
1694836958431 100.0 48000
1694836990756 100.0 52000
1694837023810 100.0 56000
1694837056109 100.0 60000
1694837087076 100.0 64000
1694837118625 100.0 68000
1694837150796 100.0 72000
1694837182512 100.0 76000
1694837215524 100.0 80000
1694837250322 100.0 84000
1694837282728 100.0 88000
1694837314520 100.0 92000
1694837346976 100.0 96000
1694837379090 100.0 100000
1694837410562 100.0 104000
1694837442672 100.0 108000
1694837474339 100.0 112000
1694837506149 100.0 116000
1694837538545 100.0 120000
1694837573323 100.0 124000
1694837605820 100.0 128000
1694837639774 100.0 132000
1694837672611 100.0 136000
1694837705057 100.0 140000
1694837737287 100.0 144000
1694837769194 100.0 148000
1694837801928 100.0 152000
1694837833974 100.0 156000
1694837867488 100.0 160000
1694837905431 100.0 164000
1694837938807 100.0 168000
1694837971096 100.0 172000
1694838004754 100.0 176000
1694838036905 100.0 180000
1694838068060 100.0 184000
1694838099442 100.0 188000
1694838130801 100.0 192000
1694838162211 100.0 196000
1694838192871 100.0 200000
1694838228805 100.0 204000
1694838260111 100.0 208000
1694838290940 100.0 212000
1694838322880 100.0 216000
1694838354475 100.0 220000
1694838385901 100.0 224000
1694838417030 100.0 228000
1694838447857 100.0 232000
1694838479774 100.0 236000
1694838511622 100.0 240000
1694838547318 100.0 244000
1694838579815 100.0 248000
1694838611807 100.0 252000
1694838643949 100.0 256000
1694838675296 100.0 260000
1694838706584 100.0 264000
1694838738421 100.0 268000
1694838771244 100.0 272000
1694838804089 100.0 276000
1694838837476 100.0 280000
1694838875095 100.0 284000
1694838908089 100.0 288000
1694838941030 100.0 292000
1694838973617 100.0 296000
1694839006681 100.0 300000
1694839038411 100.0 304000
1694839070187 100.0 308000
1694839101581 100.0 312000
1694839134587 100.0 316000
1694839166624 100.0 320000
1694839200620 100.0 324000
1694839233030 100.0 328000
1694839264713 100.0 332000
1694839297076 100.0 336000
1694839328260 100.0 340000
1694839359572 100.0 344000
1694839389662 100.0 348000
1694839420623 100.0 352000
1694839451913 100.0 356000
1694839482896 100.0 360000
1694839516136 100.0 364000
1694839547823 100.0 368000
1694839579288 100.0 372000
1694839611535 100.0 376000
1694839642625 100.0 380000
1694839674246 100.0 384000
1694839706596 100.0 388000
1694839739352 100.0 392000
1694839771221 100.0 396000
1694839803975 100.0 400000
1694839840420 100.0 404000
1694839873279 100.0 408000
1694839905996 100.0 412000
1694839938275 100.0 416000
1694839970992 100.0 420000
1694840002948 100.0 424000
1694840035689 100.0 428000
1694840067069 100.0 432000
1694840099457 100.0 436000
1694840132793 100.0 440000
1694840170502 100.0 444000
1694840204877 100.0 448000
1694840237155 100.0 452000
1694840270612 100.0 456000
1694840302631 100.0 460000
1694840335411 100.0 464000
1694840366153 100.0 468000
1694840399383 100.0 472000
1694840430440 100.0 476000
1694840462664 100.0 480000
1694840497877 100.0 484000
1694840529993 100.0 488000
1694840561824 100.0 492000
1694840593876 100.0 496000
1694840627337 100.0 500000
1694840658504 100.0 504000
1694840690051 100.0 508000
1694840720586 100.0 512000
1694840752192 100.0 516000
1694840783469 100.0 520000
1694840820555 100.0 524000
1694840855861 100.0 528000
1694840884984 100.0 532000
1694840911932 100.0 536000
1694840940044 100.0 540000
1694840966178 100.0 544000
1694840993018 100.0 548000
1694841019202 100.0 552000
1694841045833 100.0 556000
1694841073162 100.0 560000
1694841101856 100.0 564000
1694841128172 100.0 568000
1694841154641 100.0 572000
1694841181557 100.0 576000
