1694836625161 60.0 4000
1694836654084 60.0 8000
1694836682207 60.0 12000
1694836711914 60.0 16000
1694836741675 60.0 20000
1694836771112 60.0 24000
1694836802083 60.0 28000
1694836832370 60.0 32000
1694836863278 60.0 36000
1694836893145 60.0 40000
1694836927161 60.0 44000
1694836958430 60.0 48000
1694836990755 60.0 52000
1694837023809 60.0 56000
1694837056108 60.0 60000
1694837087075 60.0 64000
1694837118624 60.0 68000
1694837150793 60.0 72000
1694837182511 60.0 76000
1694837215521 60.0 80000
1694837250320 60.0 84000
1694837282726 60.0 88000
1694837314519 60.0 92000
1694837346975 60.0 96000
1694837379088 60.0 100000
1694837410561 60.0 104000
1694837442671 60.0 108000
1694837474337 60.0 112000
1694837506146 60.0 116000
1694837538544 60.0 120000
1694837573321 60.0 124000
1694837605819 60.0 128000
1694837639773 60.0 132000
1694837672608 60.0 136000
1694837705055 60.0 140000
1694837737286 60.0 144000
1694837769192 60.0 148000
1694837801926 60.0 152000
1694837833973 60.0 156000
1694837867486 60.0 160000
1694837905429 60.0 164000
1694837938805 60.0 168000
1694837971094 60.0 172000
1694838004752 60.0 176000
1694838036903 60.0 180000
1694838068059 60.0 184000
1694838099440 60.0 188000
1694838130800 60.0 192000
1694838162210 60.0 196000
1694838192869 60.0 200000
1694838228804 60.0 204000
1694838260110 60.0 208000
1694838290939 60.0 212000
1694838322878 60.0 216000
1694838354474 60.0 220000
1694838385900 60.0 224000
1694838417028 60.0 228000
1694838447855 60.0 232000
1694838479773 60.0 236000
1694838511619 60.0 240000
1694838547316 60.0 244000
1694838579814 60.0 248000
1694838611806 60.0 252000
1694838643948 60.0 256000
1694838675295 60.0 260000
1694838706583 60.0 264000
1694838738419 60.0 268000
1694838771243 60.0 272000
1694838804087 60.0 276000
1694838837473 60.0 280000
1694838875094 60.0 284000
1694838908087 60.0 288000
1694838941028 60.0 292000
1694838973616 60.0 296000
1694839006679 60.0 300000
1694839038410 60.0 304000
1694839070185 60.0 308000
1694839101580 60.0 312000
1694839134585 60.0 316000
1694839166623 60.0 320000
1694839200618 60.0 324000
1694839233028 60.0 328000
1694839264712 60.0 332000
1694839297075 60.0 336000
1694839328258 60.0 340000
1694839359571 60.0 344000
1694839389661 60.0 348000
1694839420622 60.0 352000
1694839451910 60.0 356000
1694839482894 60.0 360000
1694839516135 60.0 364000
1694839547822 60.0 368000
1694839579287 60.0 372000
1694839611533 60.0 376000
1694839642623 60.0 380000
1694839674245 60.0 384000
1694839706595 60.0 388000
1694839739351 60.0 392000
1694839771220 60.0 396000
1694839803973 60.0 400000
1694839840417 60.0 404000
1694839873278 60.0 408000
1694839905995 60.0 412000
1694839938272 60.0 416000
1694839970990 60.0 420000
1694840002947 60.0 424000
1694840035687 60.0 428000
1694840067068 60.0 432000
1694840099456 60.0 436000
1694840132791 60.0 440000
1694840170500 60.0 444000
1694840204875 60.0 448000
1694840237153 60.0 452000
1694840270610 60.0 456000
1694840302629 60.0 460000
1694840335409 60.0 464000
1694840366152 60.0 468000
1694840399381 60.0 472000
1694840430438 60.0 476000
1694840462662 60.0 480000
1694840497876 60.0 484000
1694840529991 60.0 488000
1694840561823 60.0 492000
1694840593875 60.0 496000
1694840627336 60.0 500000
1694840658503 60.0 504000
1694840690050 60.0 508000
1694840720583 60.0 512000
1694840752191 60.0 516000
1694840783468 60.0 520000
1694840820554 60.0 524000
1694840855859 60.0 528000
1694840884982 60.0 532000
1694840911914 60.0 536000
1694840940042 60.0 540000
1694840966177 60.0 544000
1694840993016 60.0 548000
1694841019201 60.0 552000
1694841045832 60.0 556000
1694841073159 60.0 560000
1694841101855 60.0 564000
1694841128171 60.0 568000
1694841154640 60.0 572000
1694841181555 60.0 576000
