1694836625184 0.0 4000
1694836654088 0.0 8000
1694836682213 0.0 12000
1694836711936 0.0 16000
1694836741678 0.0 20000
1694836771134 0.0 24000
1694836802088 0.0 28000
1694836832375 0.0 32000
1694836863283 0.0 36000
1694836893149 0.0 40000
1694836927167 0.0 44000
1694836958436 0.0 48000
1694836990759 0.0 52000
1694837023813 0.0 56000
1694837056111 0.0 60000
1694837087079 0.0 64000
1694837118628 0.0 68000
1694837150801 0.0 72000
1694837182515 0.0 76000
1694837215529 0.0 80000
1694837250325 0.0 84000
1694837282731 0.0 88000
1694837314523 0.0 92000
1694837346979 0.0 96000
1694837379093 0.0 100000
1694837410564 0.0 104000
1694837442674 0.0 108000
1694837474342 0.0 112000
1694837506154 0.0 116000
1694837538550 0.0 120000
1694837573325 0.0 124000
1694837605823 0.0 128000
1694837639777 0.0 132000
1694837672631 0.0 136000
1694837705061 0.0 140000
1694837737290 0.0 144000
1694837769198 0.0 148000
1694837801931 0.0 152000
1694837833977 0.0 156000
1694837867492 0.0 160000
1694837905434 0.0 164000
1694837938810 0.0 168000
1694837971099 0.0 172000
1694838004757 0.0 176000
1694838036907 0.0 180000
1694838068063 0.0 184000
1694838099447 0.0 188000
1694838130804 0.0 192000
1694838162213 0.0 196000
1694838192873 0.0 200000
1694838228808 0.0 204000
1694838260113 0.0 208000
1694838290944 0.0 212000
1694838322882 0.0 216000
1694838354478 0.0 220000
1694838385903 0.0 224000
1694838417032 0.0 228000
1694838447860 0.0 232000
1694838479776 0.0 236000
1694838511627 0.0 240000
1694838547321 0.0 244000
1694838579818 0.0 248000
1694838611810 0.0 252000
1694838643951 0.0 256000
1694838675300 0.0 260000
1694838706587 0.0 264000
1694838738423 0.0 268000
1694838771246 0.0 272000
1694838804092 0.0 276000
1694838837479 0.0 280000
1694838875098 0.0 284000
1694838908091 0.0 288000
1694838941032 0.0 292000
1694838973620 0.0 296000
1694839006684 0.0 300000
1694839038415 0.0 304000
1694839070189 0.0 308000
1694839101584 0.0 312000
1694839134590 0.0 316000
1694839166627 0.0 320000
1694839200622 0.0 324000
1694839233035 0.0 328000
1694839264715 0.0 332000
1694839297079 0.0 336000
1694839328266 0.0 340000
1694839359574 0.0 344000
1694839389665 0.0 348000
1694839420626 0.0 352000
1694839451916 0.0 356000
1694839482898 0.0 360000
1694839516138 0.0 364000
1694839547825 0.0 368000
1694839579290 0.0 372000
1694839611537 0.0 376000
1694839642627 0.0 380000
1694839674248 0.0 384000
1694839706599 0.0 388000
1694839739354 0.0 392000
1694839771224 0.0 396000
1694839803980 0.0 400000
1694839840424 0.0 404000
1694839873281 0.0 408000
1694839905998 0.0 412000
1694839938279 0.0 416000
1694839970995 0.0 420000
1694840002951 0.0 424000
1694840035691 0.0 428000
1694840067074 0.0 432000
1694840099460 0.0 436000
1694840132798 0.0 440000
1694840170504 0.0 444000
1694840204879 0.0 448000
1694840237157 0.0 452000
1694840270614 0.0 456000
1694840302634 0.0 460000
1694840335413 0.0 464000
1694840366156 0.0 468000
1694840399386 0.0 472000
1694840430443 0.0 476000
1694840462666 0.0 480000
1694840497881 0.0 484000
1694840529996 0.0 488000
1694840561827 0.0 492000
1694840593880 0.0 496000
1694840627340 0.0 500000
1694840658506 0.0 504000
1694840690054 0.0 508000
1694840720590 0.0 512000
1694840752195 0.0 516000
1694840783471 0.0 520000
1694840820558 0.0 524000
1694840855865 0.0 528000
1694840884987 0.0 532000
1694840911935 0.0 536000
1694840940046 0.0 540000
1694840966181 0.0 544000
1694840993021 0.0 548000
1694841019205 0.0 552000
1694841045835 0.0 556000
1694841073166 0.0 560000
1694841101859 0.0 564000
1694841128175 0.0 568000
1694841154643 0.0 572000
1694841181561 0.0 576000
