1694836625182 0.0 4000
1694836654086 0.0 8000
1694836682211 0.0 12000
1694836711934 0.0 16000
1694836741677 0.0 20000
1694836771117 0.0 24000
1694836802086 0.0 28000
1694836832373 0.0 32000
1694836863281 0.0 36000
1694836893148 0.0 40000
1694836927165 0.0 44000
1694836958434 0.0 48000
1694836990757 0.0 52000
1694837023811 0.0 56000
1694837056110 0.0 60000
1694837087078 0.0 64000
1694837118626 0.0 68000
1694837150798 0.0 72000
1694837182514 0.0 76000
1694837215527 0.0 80000
1694837250323 0.0 84000
1694837282730 0.0 88000
1694837314521 0.0 92000
1694837346977 0.0 96000
1694837379091 0.0 100000
1694837410563 0.0 104000
1694837442673 0.0 108000
1694837474341 0.0 112000
1694837506151 0.0 116000
1694837538547 0.0 120000
1694837573324 0.0 124000
1694837605822 0.0 128000
1694837639776 0.0 132000
1694837672629 0.0 136000
1694837705059 0.0 140000
1694837737288 0.0 144000
1694837769196 0.0 148000
1694837801929 0.0 152000
1694837833976 0.0 156000
1694837867490 0.0 160000
1694837905432 0.0 164000
1694837938808 0.0 168000
1694837971097 0.0 172000
1694838004755 0.0 176000
1694838036906 0.0 180000
1694838068062 0.0 184000
1694838099445 0.0 188000
1694838130803 0.0 192000
1694838162212 0.0 196000
1694838192872 0.0 200000
1694838228806 0.0 204000
1694838260112 0.0 208000
1694838290942 0.0 212000
1694838322881 0.0 216000
1694838354477 0.0 220000
1694838385902 0.0 224000
1694838417031 0.0 228000
1694838447858 0.0 232000
1694838479775 0.0 236000
1694838511624 0.0 240000
1694838547319 0.0 244000
1694838579816 0.0 248000
1694838611809 0.0 252000
1694838643950 0.0 256000
1694838675298 0.0 260000
1694838706586 0.0 264000
1694838738422 0.0 268000
1694838771245 0.0 272000
1694838804090 0.0 276000
1694838837478 0.0 280000
1694838875097 0.0 284000
1694838908090 0.0 288000
1694838941031 0.0 292000
1694838973619 0.0 296000
1694839006682 0.0 300000
1694839038413 0.0 304000
1694839070188 0.0 308000
1694839101583 0.0 312000
1694839134588 0.0 316000
1694839166625 0.0 320000
1694839200621 0.0 324000
1694839233032 0.0 328000
1694839264714 0.0 332000
1694839297077 0.0 336000
1694839328263 0.0 340000
1694839359573 0.0 344000
1694839389664 0.0 348000
1694839420625 0.0 352000
1694839451914 0.0 356000
1694839482897 0.0 360000
1694839516137 0.0 364000
1694839547824 0.0 368000
1694839579289 0.0 372000
1694839611536 0.0 376000
1694839642626 0.0 380000
1694839674247 0.0 384000
1694839706597 0.0 388000
1694839739353 0.0 392000
1694839771223 0.0 396000
1694839803977 0.0 400000
1694839840422 0.0 404000
1694839873280 0.0 408000
1694839905997 0.0 412000
1694839938277 0.0 416000
1694839970994 0.0 420000
1694840002950 0.0 424000
1694840035690 0.0 428000
1694840067072 0.0 432000
1694840099459 0.0 436000
1694840132796 0.0 440000
1694840170503 0.0 444000
1694840204878 0.0 448000
1694840237156 0.0 452000
1694840270613 0.0 456000
1694840302633 0.0 460000
1694840335412 0.0 464000
1694840366154 0.0 468000
1694840399385 0.0 472000
1694840430441 0.0 476000
1694840462665 0.0 480000
1694840497879 0.0 484000
1694840529995 0.0 488000
1694840561825 0.0 492000
1694840593878 0.0 496000
1694840627339 0.0 500000
1694840658505 0.0 504000
1694840690053 0.0 508000
1694840720589 0.0 512000
1694840752194 0.0 516000
1694840783470 0.0 520000
1694840820557 0.0 524000
1694840855863 0.0 528000
1694840884986 0.0 532000
1694840911934 0.0 536000
1694840940044 0.0 540000
1694840966179 0.0 544000
1694840993020 0.0 548000
1694841019204 0.0 552000
1694841045835 0.0 556000
1694841073164 0.0 560000
1694841101858 0.0 564000
1694841128174 0.0 568000
1694841154642 0.0 572000
1694841181559 0.0 576000
