1694836625246 -1.0 4000
1694836654122 -1.0 8000
1694836682244 -1.0 12000
1694836711990 -1.0 16000
1694836741715 -1.0 20000
1694836771190 -1.0 24000
1694836802126 -1.0 28000
1694836832429 -1.0 32000
1694836863321 -1.0 36000
1694836893187 -1.0 40000
1694836927205 -1.0 44000
1694836958469 -1.0 48000
1694836990801 -1.0 52000
1694837023860 -1.0 56000
1694837056144 -1.0 60000
1694837087114 -1.0 64000
1694837118662 -1.0 68000
1694837150834 -1.0 72000
1694837182555 -1.0 76000
1694837215571 -1.0 80000
1694837250383 -1.0 84000
1694837282768 -1.0 88000
1694837314564 -1.0 92000
1694837347021 -1.0 96000
1694837379131 -1.0 100000
1694837410605 -1.0 104000
1694837442716 -1.0 108000
1694837474380 -1.0 112000
1694837506193 -1.0 116000
1694837538589 -1.0 120000
1694837573368 -1.0 124000
1694837605864 -1.0 128000
1694837639823 -1.0 132000
1694837672691 -1.0 136000
1694837705101 -1.0 140000
1694837737335 -1.0 144000
1694837769235 -1.0 148000
1694837801972 -1.0 152000
1694837834020 -1.0 156000
1694837867529 -1.0 160000
1694837905475 -1.0 164000
1694837938842 -1.0 168000
1694837971156 -1.0 172000
1694838004787 -1.0 176000
1694838036935 -1.0 180000
1694838068090 -1.0 184000
1694838099475 -1.0 188000
1694838130837 -1.0 192000
1694838162241 -1.0 196000
1694838192904 -1.0 200000
1694838228838 -1.0 204000
1694838260141 -1.0 208000
1694838290999 -1.0 212000
1694838322919 -1.0 216000
1694838354513 -1.0 220000
1694838385932 -1.0 224000
1694838417070 -1.0 228000
1694838447888 -1.0 232000
1694838479808 -1.0 236000
1694838511700 -1.0 240000
1694838547352 -1.0 244000
1694838579846 -1.0 248000
1694838611839 -1.0 252000
1694838643984 -1.0 256000
1694838675333 -1.0 260000
1694838706621 -1.0 264000
1694838738454 -1.0 268000
1694838771279 -1.0 272000
1694838804124 -1.0 276000
1694838837515 -1.0 280000
1694838875140 -1.0 284000
1694838908131 -1.0 288000
1694838941067 -1.0 292000
1694838973649 -1.0 296000
1694839006712 -1.0 300000
1694839038450 -1.0 304000
1694839070221 -1.0 308000
1694839101615 -1.0 312000
1694839134623 -1.0 316000
1694839166654 -1.0 320000
1694839200650 -1.0 324000
1694839233110 -1.0 328000
1694839264743 -1.0 332000
1694839297107 -1.0 336000
1694839328302 -1.0 340000
1694839359603 -1.0 344000
1694839389691 -1.0 348000
1694839420656 -1.0 352000
1694839451946 -1.0 356000
1694839482935 -1.0 360000
1694839516172 -1.0 364000
1694839547853 -1.0 368000
1694839579323 -1.0 372000
1694839611568 -1.0 376000
1694839642654 -1.0 380000
1694839674285 -1.0 384000
1694839706629 -1.0 388000
1694839739389 -1.0 392000
1694839771284 -1.0 396000
1694839804011 -1.0 400000
1694839840458 -1.0 404000
1694839873309 -1.0 408000
1694839906032 -1.0 412000
1694839938320 -1.0 416000
1694839971025 -1.0 420000
1694840002983 -1.0 424000
1694840035720 -1.0 428000
1694840067111 -1.0 432000
1694840099494 -1.0 436000
1694840132877 -1.0 440000
1694840170538 -1.0 444000
1694840204910 -1.0 448000
1694840237188 -1.0 452000
1694840270653 -1.0 456000
1694840302663 -1.0 460000
1694840335444 -1.0 464000
1694840366188 -1.0 468000
1694840399414 -1.0 472000
1694840430501 -1.0 476000
1694840462705 -1.0 480000
1694840497916 -1.0 484000
1694840530031 -1.0 488000
1694840561855 -1.0 492000
1694840593917 -1.0 496000
1694840627368 -1.0 500000
1694840658534 -1.0 504000
1694840690082 -1.0 508000
1694840720617 -1.0 512000
1694840752225 -1.0 516000
1694840783504 -1.0 520000
1694840820588 -1.0 524000
1694840855898 -1.0 528000
1694840885023 -1.0 532000
1694840911992 -1.0 536000
1694840940076 -1.0 540000
1694840966218 -1.0 544000
1694840993046 -1.0 548000
1694841019234 -1.0 552000
1694841045872 -1.0 556000
1694841073199 -1.0 560000
1694841101890 -1.0 564000
1694841128202 -1.0 568000
1694841154675 -1.0 572000
1694841181598 -1.0 576000
