1694836625256 30.0 4000
1694836654127 30.0 8000
1694836682250 30.0 12000
1694836711997 30.0 16000
1694836741722 30.0 20000
1694836771197 30.0 24000
1694836802132 30.0 28000
1694836832436 30.0 32000
1694836863327 30.0 36000
1694836893196 30.0 40000
1694836927211 30.0 44000
1694836958474 30.0 48000
1694836990807 30.0 52000
1694837023871 30.0 56000
1694837056152 30.0 60000
1694837087123 30.0 64000
1694837118672 30.0 68000
1694837150843 30.0 72000
1694837182561 30.0 76000
1694837215582 30.0 80000
1694837250392 30.0 84000
1694837282776 30.0 88000
1694837314570 30.0 92000
1694837347028 30.0 96000
1694837379139 30.0 100000
1694837410612 30.0 104000
1694837442722 30.0 108000
1694837474390 30.0 112000
1694837506203 30.0 116000
1694837538595 30.0 120000
1694837573375 30.0 124000
1694837605870 30.0 128000
1694837639832 30.0 132000
1694837672699 30.0 136000
1694837705112 30.0 140000
1694837737342 30.0 144000
1694837769246 30.0 148000
1694837801978 30.0 152000
1694837834027 30.0 156000
1694837867536 30.0 160000
1694837905481 30.0 164000
1694837938852 30.0 168000
1694837971167 30.0 172000
1694838004794 30.0 176000
1694838036943 30.0 180000
1694838068099 30.0 184000
1694838099481 30.0 188000
1694838130843 30.0 192000
1694838162247 30.0 196000
1694838192911 30.0 200000
1694838228845 30.0 204000
1694838260151 30.0 208000
1694838291006 30.0 212000
1694838322926 30.0 216000
1694838354520 30.0 220000
1694838385938 30.0 224000
1694838417076 30.0 228000
1694838447894 30.0 232000
1694838479814 30.0 236000
1694838511707 30.0 240000
1694838547361 30.0 244000
1694838579853 30.0 248000
1694838611845 30.0 252000
1694838643990 30.0 256000
1694838675339 30.0 260000
1694838706631 30.0 264000
1694838738460 30.0 268000
1694838771285 30.0 272000
1694838804132 30.0 276000
1694838837522 30.0 280000
1694838875147 30.0 284000
1694838908179 30.0 288000
1694838941074 30.0 292000
1694838973657 30.0 296000
1694839006720 30.0 300000
1694839038456 30.0 304000
1694839070227 30.0 308000
1694839101623 30.0 312000
1694839134630 30.0 316000
1694839166663 30.0 320000
1694839200656 30.0 324000
1694839233121 30.0 328000
1694839264748 30.0 332000
1694839297116 30.0 336000
1694839328309 30.0 340000
1694839359611 30.0 344000
1694839389697 30.0 348000
1694839420665 30.0 352000
1694839451952 30.0 356000
1694839482943 30.0 360000
1694839516179 30.0 364000
1694839547859 30.0 368000
1694839579329 30.0 372000
1694839611574 30.0 376000
1694839642660 30.0 380000
1694839674292 30.0 384000
1694839706635 30.0 388000
1694839739395 30.0 392000
1694839771296 30.0 396000
1694839804018 30.0 400000
1694839840465 30.0 404000
1694839873315 30.0 408000
1694839906042 30.0 412000
1694839938331 30.0 416000
1694839971031 30.0 420000
1694840002990 30.0 424000
1694840035727 30.0 428000
1694840067117 30.0 432000
1694840099500 30.0 436000
1694840132884 30.0 440000
1694840170548 30.0 444000
1694840204916 30.0 448000
1694840237195 30.0 452000
1694840270660 30.0 456000
1694840302669 30.0 460000
1694840335451 30.0 464000
1694840366194 30.0 468000
1694840399420 30.0 472000
1694840430530 30.0 476000
1694840462712 30.0 480000
1694840497922 30.0 484000
1694840530040 30.0 488000
1694840561863 30.0 492000
1694840593923 30.0 496000
1694840627374 30.0 500000
1694840658543 30.0 504000
1694840690088 30.0 508000
1694840720623 30.0 512000
1694840752233 30.0 516000
1694840783511 30.0 520000
1694840820599 30.0 524000
1694840855907 30.0 528000
1694840885028 30.0 532000
1694840912001 30.0 536000
1694840940082 30.0 540000
1694840966224 30.0 544000
1694840993052 30.0 548000
1694841019245 30.0 552000
1694841045878 30.0 556000
1694841073208 30.0 560000
1694841101900 30.0 564000
1694841128209 30.0 568000
1694841154680 30.0 572000
1694841181605 30.0 576000
