1694836625042 1.0 4000
1694836654024 1.0 8000
1694836682130 1.0 12000
1694836711799 1.0 16000
1694836741611 1.0 20000
1694836770900 1.0 24000
1694836802006 1.0 28000
1694836832239 1.0 32000
1694836863206 1.0 36000
1694836893069 1.0 40000
1694836927087 1.0 44000
1694836958366 1.0 48000
1694836990673 1.0 52000
1694837023718 1.0 56000
1694837056033 1.0 60000
1694837087007 1.0 64000
1694837118549 1.0 68000
1694837150718 1.0 72000
1694837182443 1.0 76000
1694837215444 1.0 80000
1694837250181 1.0 84000
1694837282644 1.0 88000
1694837314444 1.0 92000
1694837346899 1.0 96000
1694837378995 1.0 100000
1694837410482 1.0 104000
1694837442593 1.0 108000
1694837474258 1.0 112000
1694837506073 1.0 116000
1694837538475 1.0 120000
1694837573238 1.0 124000
1694837605739 1.0 128000
1694837639687 1.0 132000
1694837672487 1.0 136000
1694837704975 1.0 140000
1694837737196 1.0 144000
1694837769117 1.0 148000
1694837801844 1.0 152000
1694837833888 1.0 156000
1694837867412 1.0 160000
1694837905354 1.0 164000
1694837938733 1.0 168000
1694837970969 1.0 172000
1694838004680 1.0 176000
1694838036824 1.0 180000
1694838068000 1.0 184000
1694838099373 1.0 188000
1694838130731 1.0 192000
1694838162148 1.0 196000
1694838192800 1.0 200000
1694838228731 1.0 204000
1694838260046 1.0 208000
1694838290849 1.0 212000
1694838322810 1.0 216000
1694838354406 1.0 220000
1694838385836 1.0 224000
1694838416962 1.0 228000
1694838447782 1.0 232000
1694838479709 1.0 236000
1694838511514 1.0 240000
1694838547240 1.0 244000
1694838579739 1.0 248000
1694838611746 1.0 252000
1694838643888 1.0 256000
1694838675235 1.0 260000
1694838706515 1.0 264000
1694838738361 1.0 268000
1694838771178 1.0 272000
1694838804007 1.0 276000
1694838837398 1.0 280000
1694838875015 1.0 284000
1694838908013 1.0 288000
1694838940963 1.0 292000
1694838973543 1.0 296000
1694839006609 1.0 300000
1694839038342 1.0 304000
1694839070121 1.0 308000
1694839101511 1.0 312000
1694839134521 1.0 316000
1694839166559 1.0 320000
1694839200550 1.0 324000
1694839232889 1.0 328000
1694839264646 1.0 332000
1694839297009 1.0 336000
1694839328189 1.0 340000
1694839359512 1.0 344000
1694839389591 1.0 348000
1694839420559 1.0 352000
1694839451846 1.0 356000
1694839482824 1.0 360000
1694839516071 1.0 364000
1694839547764 1.0 368000
1694839579228 1.0 372000
1694839611469 1.0 376000
1694839642557 1.0 380000
1694839674176 1.0 384000
1694839706530 1.0 388000
1694839739289 1.0 392000
1694839771094 1.0 396000
1694839803901 1.0 400000
1694839840348 1.0 404000
1694839873220 1.0 408000
1694839905930 1.0 412000
1694839938204 1.0 416000
1694839970917 1.0 420000
1694840002879 1.0 424000
1694840035615 1.0 428000
1694840067000 1.0 432000
1694840099388 1.0 436000
1694840132680 1.0 440000
1694840170421 1.0 444000
1694840204815 1.0 448000
1694840237084 1.0 452000
1694840270539 1.0 456000
1694840302563 1.0 460000
1694840335340 1.0 464000
1694840366085 1.0 468000
1694840399316 1.0 472000
1694840430333 1.0 476000
1694840462587 1.0 480000
1694840497807 1.0 484000
1694840529913 1.0 488000
1694840561760 1.0 492000
1694840593811 1.0 496000
1694840627271 1.0 500000
1694840658428 1.0 504000
1694840689984 1.0 508000
1694840720519 1.0 512000
1694840752132 1.0 516000
1694840783397 1.0 520000
1694840820471 1.0 524000
1694840855790 1.0 528000
1694840884925 1.0 532000
1694840911797 1.0 536000
1694840939975 1.0 540000
1694840966115 1.0 544000
1694840992957 1.0 548000
1694841019143 1.0 552000
1694841045777 1.0 556000
1694841073097 1.0 560000
1694841101790 1.0 564000
1694841128100 1.0 568000
1694841154582 1.0 572000
1694841181439 1.0 576000
