1694836625295 10.0 4000
1694836654141 10.0 8000
1694836682270 10.0 12000
1694836712036 10.0 16000
1694836741734 10.0 20000
1694836771234 10.0 24000
1694836802148 10.0 28000
1694836832473 10.0 32000
1694836863347 10.0 36000
1694836893209 10.0 40000
1694836927236 10.0 44000
1694836958493 10.0 48000
1694836990828 10.0 52000
1694837023897 10.0 56000
1694837056165 10.0 60000
1694837087141 10.0 64000
1694837118708 10.0 68000
1694837150860 10.0 72000
1694837182579 10.0 76000
1694837215604 10.0 80000
1694837250429 10.0 84000
1694837282801 10.0 88000
1694837314591 10.0 92000
1694837347052 10.0 96000
1694837379159 10.0 100000
1694837410628 10.0 104000
1694837442744 10.0 108000
1694837474410 10.0 112000
1694837506220 10.0 116000
1694837538615 10.0 120000
1694837573392 10.0 124000
1694837605889 10.0 128000
1694837639855 10.0 132000
1694837672737 10.0 136000
1694837705126 10.0 140000
1694837737363 10.0 144000
1694837769268 10.0 148000
1694837801999 10.0 152000
1694837834047 10.0 156000
1694837867556 10.0 160000
1694837905498 10.0 164000
1694837938873 10.0 168000
1694837971203 10.0 172000
1694838004811 10.0 176000
1694838036956 10.0 180000
1694838068115 10.0 184000
1694838099498 10.0 188000
1694838130867 10.0 192000
1694838162264 10.0 196000
1694838192923 10.0 200000
1694838228869 10.0 204000
1694838260165 10.0 208000
1694838291026 10.0 212000
1694838322941 10.0 216000
1694838354534 10.0 220000
1694838385954 10.0 224000
1694838417089 10.0 228000
1694838447912 10.0 232000
1694838479828 10.0 236000
1694838511727 10.0 240000
1694838547380 10.0 244000
1694838579870 10.0 248000
1694838611859 10.0 252000
1694838644003 10.0 256000
1694838675353 10.0 260000
1694838706648 10.0 264000
1694838738474 10.0 268000
1694838771299 10.0 272000
1694838804146 10.0 276000
1694838837558 10.0 280000
1694838875168 10.0 284000
1694838908201 10.0 288000
1694838941088 10.0 292000
1694838973671 10.0 296000
1694839006733 10.0 300000
1694839038474 10.0 304000
1694839070241 10.0 308000
1694839101637 10.0 312000
1694839134644 10.0 316000
1694839166678 10.0 320000
1694839200675 10.0 324000
1694839233163 10.0 328000
1694839264766 10.0 332000
1694839297131 10.0 336000
1694839328323 10.0 340000
1694839359624 10.0 344000
1694839389709 10.0 348000
1694839420689 10.0 352000
1694839451969 10.0 356000
1694839482957 10.0 360000
1694839516193 10.0 364000
1694839547879 10.0 368000
1694839579342 10.0 372000
1694839611588 10.0 376000
1694839642677 10.0 380000
1694839674306 10.0 384000
1694839706648 10.0 388000
1694839739409 10.0 392000
1694839771330 10.0 396000
1694839804031 10.0 400000
1694839840483 10.0 404000
1694839873330 10.0 408000
1694839906056 10.0 412000
1694839938351 10.0 416000
1694839971045 10.0 420000
1694840003004 10.0 424000
1694840035746 10.0 428000
1694840067132 10.0 432000
1694840099513 10.0 436000
1694840132922 10.0 440000
1694840170564 10.0 444000
1694840204934 10.0 448000
1694840237208 10.0 452000
1694840270676 10.0 456000
1694840302686 10.0 460000
1694840335465 10.0 464000
1694840366207 10.0 468000
1694840399435 10.0 472000
1694840430547 10.0 476000
1694840462726 10.0 480000
1694840497939 10.0 484000
1694840530061 10.0 488000
1694840561877 10.0 492000
1694840593965 10.0 496000
1694840627391 10.0 500000
1694840658557 10.0 504000
1694840690103 10.0 508000
1694840720640 10.0 512000
1694840752248 10.0 516000
1694840783523 10.0 520000
1694840820618 10.0 524000
1694840855923 10.0 528000
1694840885043 10.0 532000
1694840912039 10.0 536000
1694840940100 10.0 540000
1694840966239 10.0 544000
1694840993070 10.0 548000
1694841019263 10.0 552000
1694841045890 10.0 556000
1694841073227 10.0 560000
1694841101916 10.0 564000
1694841128246 10.0 568000
1694841154695 10.0 572000
1694841181625 10.0 576000
