1694836625087 1.0 4000
1694836654042 1.0 8000
1694836682159 1.0 12000
1694836711844 1.0 16000
1694836741631 1.0 20000
1694836771041 1.0 24000
1694836802031 1.0 28000
1694836832283 1.0 32000
1694836863235 1.0 36000
1694836893096 1.0 40000
1694836927109 1.0 44000
1694836958386 1.0 48000
1694836990701 1.0 52000
1694837023752 1.0 56000
1694837056058 1.0 60000
1694837087027 1.0 64000
1694837118573 1.0 68000
1694837150738 1.0 72000
1694837182466 1.0 76000
1694837215467 1.0 80000
1694837250228 1.0 84000
1694837282667 1.0 88000
1694837314468 1.0 92000
1694837346921 1.0 96000
1694837379020 1.0 100000
1694837410509 1.0 104000
1694837442620 1.0 108000
1694837474281 1.0 112000
1694837506108 1.0 116000
1694837538494 1.0 120000
1694837573267 1.0 124000
1694837605766 1.0 128000
1694837639717 1.0 132000
1694837672532 1.0 136000
1694837705001 1.0 140000
1694837737228 1.0 144000
1694837769139 1.0 148000
1694837801874 1.0 152000
1694837833919 1.0 156000
1694837867436 1.0 160000
1694837905376 1.0 164000
1694837938759 1.0 168000
1694837971008 1.0 172000
1694838004705 1.0 176000
1694838036851 1.0 180000
1694838068018 1.0 184000
1694838099394 1.0 188000
1694838130752 1.0 192000
1694838162170 1.0 196000
1694838192827 1.0 200000
1694838228752 1.0 204000
1694838260069 1.0 208000
1694838290868 1.0 212000
1694838322831 1.0 216000
1694838354431 1.0 220000
1694838385854 1.0 224000
1694838416981 1.0 228000
1694838447801 1.0 232000
1694838479732 1.0 236000
1694838511555 1.0 240000
1694838547267 1.0 244000
1694838579763 1.0 248000
1694838611765 1.0 252000
1694838643911 1.0 256000
1694838675256 1.0 260000
1694838706536 1.0 264000
1694838738380 1.0 268000
1694838771197 1.0 272000
1694838804034 1.0 276000
1694838837426 1.0 280000
1694838875043 1.0 284000
1694838908040 1.0 288000
1694838940986 1.0 292000
1694838973568 1.0 296000
1694839006634 1.0 300000
1694839038363 1.0 304000
1694839070140 1.0 308000
1694839101538 1.0 312000
1694839134542 1.0 316000
1694839166582 1.0 320000
1694839200577 1.0 324000
1694839232932 1.0 328000
1694839264669 1.0 332000
1694839297031 1.0 336000
1694839328208 1.0 340000
1694839359529 1.0 344000
1694839389609 1.0 348000
1694839420578 1.0 352000
1694839451865 1.0 356000
1694839482847 1.0 360000
1694839516096 1.0 364000
1694839547782 1.0 368000
1694839579249 1.0 372000
1694839611487 1.0 376000
1694839642575 1.0 380000
1694839674201 1.0 384000
1694839706552 1.0 388000
1694839739310 1.0 392000
1694839771135 1.0 396000
1694839803925 1.0 400000
1694839840371 1.0 404000
1694839873238 1.0 408000
1694839905949 1.0 412000
1694839938226 1.0 416000
1694839970941 1.0 420000
1694840002904 1.0 424000
1694840035640 1.0 428000
1694840067018 1.0 432000
1694840099411 1.0 436000
1694840132722 1.0 440000
1694840170451 1.0 444000
1694840204835 1.0 448000
1694840237107 1.0 452000
1694840270561 1.0 456000
1694840302582 1.0 460000
1694840335363 1.0 464000
1694840366110 1.0 468000
1694840399335 1.0 472000
1694840430357 1.0 476000
1694840462613 1.0 480000
1694840497830 1.0 484000
1694840529936 1.0 488000
1694840561781 1.0 492000
1694840593830 1.0 496000
1694840627293 1.0 500000
1694840658458 1.0 504000
1694840690008 1.0 508000
1694840720536 1.0 512000
1694840752150 1.0 516000
1694840783424 1.0 520000
1694840820499 1.0 524000
1694840855815 1.0 528000
1694840884942 1.0 532000
1694840911841 1.0 536000
1694840940000 1.0 540000
1694840966132 1.0 544000
1694840992978 1.0 548000
1694841019167 1.0 552000
1694841045798 1.0 556000
1694841073117 1.0 560000
1694841101814 1.0 564000
1694841128124 1.0 568000
1694841154601 1.0 572000
1694841181495 1.0 576000
