1694836625049 1.0 4000
1694836654030 1.0 8000
1694836682139 1.0 12000
1694836711810 1.0 16000
1694836741620 1.0 20000
1694836770910 1.0 24000
1694836802018 1.0 28000
1694836832251 1.0 32000
1694836863215 1.0 36000
1694836893077 1.0 40000
1694836927097 1.0 44000
1694836958371 1.0 48000
1694836990682 1.0 52000
1694837023731 1.0 56000
1694837056044 1.0 60000
1694837087013 1.0 64000
1694837118556 1.0 68000
1694837150724 1.0 72000
1694837182453 1.0 76000
1694837215454 1.0 80000
1694837250191 1.0 84000
1694837282654 1.0 88000
1694837314455 1.0 92000
1694837346908 1.0 96000
1694837379006 1.0 100000
1694837410490 1.0 104000
1694837442606 1.0 108000
1694837474265 1.0 112000
1694837506087 1.0 116000
1694837538482 1.0 120000
1694837573248 1.0 124000
1694837605747 1.0 128000
1694837639696 1.0 132000
1694837672495 1.0 136000
1694837704982 1.0 140000
1694837737208 1.0 144000
1694837769124 1.0 148000
1694837801854 1.0 152000
1694837833897 1.0 156000
1694837867422 1.0 160000
1694837905362 1.0 164000
1694837938742 1.0 168000
1694837970993 1.0 172000
1694838004686 1.0 176000
1694838036832 1.0 180000
1694838068006 1.0 184000
1694838099379 1.0 188000
1694838130738 1.0 192000
1694838162157 1.0 196000
1694838192809 1.0 200000
1694838228738 1.0 204000
1694838260052 1.0 208000
1694838290855 1.0 212000
1694838322818 1.0 216000
1694838354416 1.0 220000
1694838385842 1.0 224000
1694838416968 1.0 228000
1694838447788 1.0 232000
1694838479719 1.0 236000
1694838511521 1.0 240000
1694838547248 1.0 244000
1694838579745 1.0 248000
1694838611753 1.0 252000
1694838643894 1.0 256000
1694838675242 1.0 260000
1694838706523 1.0 264000
1694838738367 1.0 268000
1694838771185 1.0 272000
1694838804018 1.0 276000
1694838837407 1.0 280000
1694838875024 1.0 284000
1694838908021 1.0 288000
1694838940970 1.0 292000
1694838973549 1.0 296000
1694839006620 1.0 300000
1694839038348 1.0 304000
1694839070127 1.0 308000
1694839101523 1.0 312000
1694839134528 1.0 316000
1694839166565 1.0 320000
1694839200557 1.0 324000
1694839232916 1.0 328000
1694839264652 1.0 332000
1694839297017 1.0 336000
1694839328195 1.0 340000
1694839359517 1.0 344000
1694839389597 1.0 348000
1694839420565 1.0 352000
1694839451852 1.0 356000
1694839482833 1.0 360000
1694839516080 1.0 364000
1694839547770 1.0 368000
1694839579236 1.0 372000
1694839611475 1.0 376000
1694839642563 1.0 380000
1694839674187 1.0 384000
1694839706539 1.0 388000
1694839739297 1.0 392000
1694839771119 1.0 396000
1694839803907 1.0 400000
1694839840355 1.0 404000
1694839873226 1.0 408000
1694839905937 1.0 412000
1694839938210 1.0 416000
1694839970924 1.0 420000
1694840002888 1.0 424000
1694840035625 1.0 428000
1694840067006 1.0 432000
1694840099396 1.0 436000
1694840132688 1.0 440000
1694840170433 1.0 444000
1694840204822 1.0 448000
1694840237093 1.0 452000
1694840270547 1.0 456000
1694840302569 1.0 460000
1694840335349 1.0 464000
1694840366094 1.0 468000
1694840399322 1.0 472000
1694840430341 1.0 476000
1694840462594 1.0 480000
1694840497814 1.0 484000
1694840529919 1.0 488000
1694840561768 1.0 492000
1694840593817 1.0 496000
1694840627279 1.0 500000
1694840658439 1.0 504000
1694840689995 1.0 508000
1694840720524 1.0 512000
1694840752139 1.0 516000
1694840783412 1.0 520000
1694840820477 1.0 524000
1694840855800 1.0 528000
1694840884930 1.0 532000
1694840911806 1.0 536000
1694840939982 1.0 540000
1694840966121 1.0 544000
1694840992967 1.0 548000
1694841019153 1.0 552000
1694841045783 1.0 556000
1694841073103 1.0 560000
1694841101796 1.0 564000
1694841128107 1.0 568000
1694841154590 1.0 572000
1694841181456 1.0 576000
