1694836625202 100.0 4000
1694836654100 100.0 8000
1694836682228 100.0 12000
1694836711952 100.0 16000
1694836741695 100.0 20000
1694836771151 100.0 24000
1694836802105 100.0 28000
1694836832391 100.0 32000
1694836863302 100.0 36000
1694836893165 100.0 40000
1694836927187 100.0 44000
1694836958454 100.0 48000
1694836990778 100.0 52000
1694837023840 100.0 56000
1694837056125 100.0 60000
1694837087099 100.0 64000
1694837118646 100.0 68000
1694837150819 100.0 72000
1694837182533 100.0 76000
1694837215553 100.0 80000
1694837250344 100.0 84000
1694837282752 100.0 88000
1694837314543 100.0 92000
1694837347006 100.0 96000
1694837379113 100.0 100000
1694837410582 100.0 104000
1694837442695 100.0 108000
1694837474362 100.0 112000
1694837506170 100.0 116000
1694837538568 100.0 120000
1694837573346 100.0 124000
1694837605842 100.0 128000
1694837639802 100.0 132000
1694837672649 100.0 136000
1694837705076 100.0 140000
1694837737312 100.0 144000
1694837769219 100.0 148000
1694837801947 100.0 152000
1694837833997 100.0 156000
1694837867507 100.0 160000
1694837905450 100.0 164000
1694837938825 100.0 168000
1694837971136 100.0 172000
1694838004772 100.0 176000
1694838036921 100.0 180000
1694838068076 100.0 184000
1694838099461 100.0 188000
1694838130821 100.0 192000
1694838162227 100.0 196000
1694838192886 100.0 200000
1694838228822 100.0 204000
1694838260126 100.0 208000
1694838290960 100.0 212000
1694838322898 100.0 216000
1694838354491 100.0 220000
1694838385917 100.0 224000
1694838417050 100.0 228000
1694838447873 100.0 232000
1694838479790 100.0 236000
1694838511660 100.0 240000
1694838547336 100.0 244000
1694838579832 100.0 248000
1694838611823 100.0 252000
1694838643969 100.0 256000
1694838675317 100.0 260000
1694838706601 100.0 264000
1694838738437 100.0 268000
1694838771263 100.0 272000
1694838804107 100.0 276000
1694838837495 100.0 280000
1694838875123 100.0 284000
1694838908106 100.0 288000
1694838941048 100.0 292000
1694838973634 100.0 296000
1694839006697 100.0 300000
1694839038434 100.0 304000
1694839070202 100.0 308000
1694839101597 100.0 312000
1694839134604 100.0 316000
1694839166640 100.0 320000
1694839200635 100.0 324000
1694839233075 100.0 328000
1694839264728 100.0 332000
1694839297092 100.0 336000
1694839328285 100.0 340000
1694839359588 100.0 344000
1694839389677 100.0 348000
1694839420640 100.0 352000
1694839451932 100.0 356000
1694839482913 100.0 360000
1694839516152 100.0 364000
1694839547839 100.0 368000
1694839579304 100.0 372000
1694839611553 100.0 376000
1694839642640 100.0 380000
1694839674261 100.0 384000
1694839706611 100.0 388000
1694839739371 100.0 392000
1694839771245 100.0 396000
1694839803997 100.0 400000
1694839840442 100.0 404000
1694839873294 100.0 408000
1694839906012 100.0 412000
1694839938303 100.0 416000
1694839971009 100.0 420000
1694840002964 100.0 424000
1694840035705 100.0 428000
1694840067097 100.0 432000
1694840099476 100.0 436000
1694840132836 100.0 440000
1694840170519 100.0 444000
1694840204893 100.0 448000
1694840237170 100.0 452000
1694840270633 100.0 456000
1694840302648 100.0 460000
1694840335428 100.0 464000
1694840366169 100.0 468000
1694840399400 100.0 472000
1694840430481 100.0 476000
1694840462683 100.0 480000
1694840497899 100.0 484000
1694840530014 100.0 488000
1694840561841 100.0 492000
1694840593899 100.0 496000
1694840627353 100.0 500000
1694840658519 100.0 504000
1694840690067 100.0 508000
1694840720604 100.0 512000
1694840752208 100.0 516000
1694840783487 100.0 520000
1694840820573 100.0 524000
1694840855878 100.0 528000
1694840885002 100.0 532000
1694840911953 100.0 536000
1694840940060 100.0 540000
1694840966198 100.0 544000
1694840993034 100.0 548000
1694841019221 100.0 552000
1694841045851 100.0 556000
1694841073181 100.0 560000
1694841101875 100.0 564000
1694841128187 100.0 568000
1694841154656 100.0 572000
1694841181579 100.0 576000
