1694836625040 0.0 4000
1694836654023 0.0 8000
1694836682128 0.0 12000
1694836711798 0.0 16000
1694836741609 0.0 20000
1694836770898 0.0 24000
1694836802004 0.0 28000
1694836832238 0.0 32000
1694836863205 0.0 36000
1694836893067 0.0 40000
1694836927085 0.0 44000
1694836958364 0.0 48000
1694836990671 0.0 52000
1694837023715 0.0 56000
1694837056031 0.0 60000
1694837087006 0.0 64000
1694837118547 0.0 68000
1694837150716 0.0 72000
1694837182441 0.0 76000
1694837215441 0.0 80000
1694837250180 0.0 84000
1694837282642 0.0 88000
1694837314441 0.0 92000
1694837346896 0.0 96000
1694837378992 0.0 100000
1694837410479 0.0 104000
1694837442592 0.0 108000
1694837474257 0.0 112000
1694837506072 0.0 116000
1694837538474 0.0 120000
1694837573235 0.0 124000
1694837605737 0.0 128000
1694837639684 0.0 132000
1694837672485 0.0 136000
1694837704974 0.0 140000
1694837737195 0.0 144000
1694837769115 0.0 148000
1694837801842 0.0 152000
1694837833886 0.0 156000
1694837867410 0.0 160000
1694837905352 0.0 164000
1694837938732 0.0 168000
1694837970967 0.0 172000
1694838004679 0.0 176000
1694838036822 0.0 180000
1694838067998 0.0 184000
1694838099371 0.0 188000
1694838130730 0.0 192000
1694838162146 0.0 196000
1694838192799 0.0 200000
1694838228730 0.0 204000
1694838260045 0.0 208000
1694838290848 0.0 212000
1694838322808 0.0 216000
1694838354405 0.0 220000
1694838385835 0.0 224000
1694838416960 0.0 228000
1694838447781 0.0 232000
1694838479707 0.0 236000
1694838511512 0.0 240000
1694838547239 0.0 244000
1694838579737 0.0 248000
1694838611745 0.0 252000
1694838643886 0.0 256000
1694838675232 0.0 260000
1694838706513 0.0 264000
1694838738360 0.0 268000
1694838771177 0.0 272000
1694838804005 0.0 276000
1694838837397 0.0 280000
1694838875011 0.0 284000
1694838908010 0.0 288000
1694838940962 0.0 292000
1694838973541 0.0 296000
1694839006608 0.0 300000
1694839038340 0.0 304000
1694839070119 0.0 308000
1694839101508 0.0 312000
1694839134520 0.0 316000
1694839166558 0.0 320000
1694839200549 0.0 324000
1694839232881 0.0 328000
1694839264644 0.0 332000
1694839297006 0.0 336000
1694839328187 0.0 340000
1694839359510 0.0 344000
1694839389590 0.0 348000
1694839420558 0.0 352000
1694839451845 0.0 356000
1694839482822 0.0 360000
1694839516069 0.0 364000
1694839547762 0.0 368000
1694839579226 0.0 372000
1694839611467 0.0 376000
1694839642556 0.0 380000
1694839674174 0.0 384000
1694839706528 0.0 388000
1694839739286 0.0 392000
1694839771093 0.0 396000
1694839803900 0.0 400000
1694839840346 0.0 404000
1694839873218 0.0 408000
1694839905929 0.0 412000
1694839938203 0.0 416000
1694839970916 0.0 420000
1694840002878 0.0 424000
1694840035614 0.0 428000
1694840066999 0.0 432000
1694840099387 0.0 436000
1694840132678 0.0 440000
1694840170419 0.0 444000
1694840204814 0.0 448000
1694840237081 0.0 452000
1694840270538 0.0 456000
1694840302561 0.0 460000
1694840335338 0.0 464000
1694840366084 0.0 468000
1694840399315 0.0 472000
1694840430332 0.0 476000
1694840462585 0.0 480000
1694840497806 0.0 484000
1694840529912 0.0 488000
1694840561757 0.0 492000
1694840593809 0.0 496000
1694840627270 0.0 500000
1694840658427 0.0 504000
1694840689982 0.0 508000
1694840720518 0.0 512000
1694840752131 0.0 516000
1694840783395 0.0 520000
1694840820469 0.0 524000
1694840855788 0.0 528000
1694840884924 0.0 532000
1694840911796 0.0 536000
1694840939974 0.0 540000
1694840966114 0.0 544000
1694840992956 0.0 548000
1694841019141 0.0 552000
1694841045775 0.0 556000
1694841073096 0.0 560000
1694841101789 0.0 564000
1694841128098 0.0 568000
1694841154581 0.0 572000
1694841181436 0.0 576000
