1694836625048 0.0 4000
1694836654029 0.0 8000
1694836682137 0.0 12000
1694836711807 0.0 16000
1694836741619 0.0 20000
1694836770908 0.0 24000
1694836802016 0.0 28000
1694836832249 0.0 32000
1694836863212 0.0 36000
1694836893076 0.0 40000
1694836927095 0.0 44000
1694836958370 0.0 48000
1694836990680 0.0 52000
1694837023729 0.0 56000
1694837056041 0.0 60000
1694837087012 0.0 64000
1694837118555 0.0 68000
1694837150723 0.0 72000
1694837182452 0.0 76000
1694837215452 0.0 80000
1694837250188 0.0 84000
1694837282653 0.0 88000
1694837314453 0.0 92000
1694837346907 0.0 96000
1694837379005 0.0 100000
1694837410489 0.0 104000
1694837442603 0.0 108000
1694837474264 0.0 112000
1694837506085 0.0 116000
1694837538481 0.0 120000
1694837573246 0.0 124000
1694837605745 0.0 128000
1694837639695 0.0 132000
1694837672493 0.0 136000
1694837704980 0.0 140000
1694837737206 0.0 144000
1694837769123 0.0 148000
1694837801853 0.0 152000
1694837833896 0.0 156000
1694837867420 0.0 160000
1694837905361 0.0 164000
1694837938739 0.0 168000
1694837970991 0.0 172000
1694838004685 0.0 176000
1694838036830 0.0 180000
1694838068005 0.0 184000
1694838099377 0.0 188000
1694838130736 0.0 192000
1694838162156 0.0 196000
1694838192806 0.0 200000
1694838228736 0.0 204000
1694838260051 0.0 208000
1694838290854 0.0 212000
1694838322816 0.0 216000
1694838354414 0.0 220000
1694838385840 0.0 224000
1694838416967 0.0 228000
1694838447787 0.0 232000
1694838479718 0.0 236000
1694838511520 0.0 240000
1694838547246 0.0 244000
1694838579744 0.0 248000
1694838611751 0.0 252000
1694838643893 0.0 256000
1694838675241 0.0 260000
1694838706521 0.0 264000
1694838738366 0.0 268000
1694838771183 0.0 272000
1694838804016 0.0 276000
1694838837406 0.0 280000
1694838875023 0.0 284000
1694838908020 0.0 288000
1694838940969 0.0 292000
1694838973548 0.0 296000
1694839006618 0.0 300000
1694839038347 0.0 304000
1694839070126 0.0 308000
1694839101521 0.0 312000
1694839134526 0.0 316000
1694839166564 0.0 320000
1694839200555 0.0 324000
1694839232914 0.0 328000
1694839264651 0.0 332000
1694839297015 0.0 336000
1694839328194 0.0 340000
1694839359516 0.0 344000
1694839389596 0.0 348000
1694839420564 0.0 352000
1694839451851 0.0 356000
1694839482832 0.0 360000
1694839516079 0.0 364000
1694839547768 0.0 368000
1694839579235 0.0 372000
1694839611473 0.0 376000
1694839642561 0.0 380000
1694839674185 0.0 384000
1694839706538 0.0 388000
1694839739295 0.0 392000
1694839771118 0.0 396000
1694839803906 0.0 400000
1694839840354 0.0 404000
1694839873224 0.0 408000
1694839905935 0.0 412000
1694839938209 0.0 416000
1694839970923 0.0 420000
1694840002886 0.0 424000
1694840035622 0.0 428000
1694840067005 0.0 432000
1694840099395 0.0 436000
1694840132686 0.0 440000
1694840170431 0.0 444000
1694840204820 0.0 448000
1694840237092 0.0 452000
1694840270546 0.0 456000
1694840302568 0.0 460000
1694840335347 0.0 464000
1694840366092 0.0 468000
1694840399321 0.0 472000
1694840430339 0.0 476000
1694840462593 0.0 480000
1694840497813 0.0 484000
1694840529918 0.0 488000
1694840561766 0.0 492000
1694840593816 0.0 496000
1694840627277 0.0 500000
1694840658438 0.0 504000
1694840689993 0.0 508000
1694840720523 0.0 512000
1694840752137 0.0 516000
1694840783409 0.0 520000
1694840820476 0.0 524000
1694840855798 0.0 528000
1694840884929 0.0 532000
1694840911804 0.0 536000
1694840939980 0.0 540000
1694840966120 0.0 544000
1694840992963 0.0 548000
1694841019151 0.0 552000
1694841045782 0.0 556000
1694841073102 0.0 560000
1694841101795 0.0 564000
1694841128105 0.0 568000
1694841154589 0.0 572000
1694841181453 0.0 576000
