1694836625046 0.0 4000
1694836654028 0.0 8000
1694836682134 0.0 12000
1694836711805 0.0 16000
1694836741617 0.0 20000
1694836770905 0.0 24000
1694836802014 0.0 28000
1694836832246 0.0 32000
1694836863210 0.0 36000
1694836893074 0.0 40000
1694836927094 0.0 44000
1694836958369 0.0 48000
1694836990678 0.0 52000
1694837023726 0.0 56000
1694837056039 0.0 60000
1694837087011 0.0 64000
1694837118554 0.0 68000
1694837150722 0.0 72000
1694837182450 0.0 76000
1694837215451 0.0 80000
1694837250186 0.0 84000
1694837282651 0.0 88000
1694837314451 0.0 92000
1694837346905 0.0 96000
1694837379002 0.0 100000
1694837410487 0.0 104000
1694837442601 0.0 108000
1694837474263 0.0 112000
1694837506082 0.0 116000
1694837538479 0.0 120000
1694837573244 0.0 124000
1694837605744 0.0 128000
1694837639693 0.0 132000
1694837672492 0.0 136000
1694837704979 0.0 140000
1694837737203 0.0 144000
1694837769122 0.0 148000
1694837801852 0.0 152000
1694837833894 0.0 156000
1694837867419 0.0 160000
1694837905359 0.0 164000
1694837938737 0.0 168000
1694837970990 0.0 172000
1694838004684 0.0 176000
1694838036829 0.0 180000
1694838068004 0.0 184000
1694838099376 0.0 188000
1694838130735 0.0 192000
1694838162154 0.0 196000
1694838192804 0.0 200000
1694838228735 0.0 204000
1694838260050 0.0 208000
1694838290853 0.0 212000
1694838322815 0.0 216000
1694838354412 0.0 220000
1694838385839 0.0 224000
1694838416965 0.0 228000
1694838447786 0.0 232000
1694838479716 0.0 236000
1694838511519 0.0 240000
1694838547244 0.0 244000
1694838579742 0.0 248000
1694838611750 0.0 252000
1694838643891 0.0 256000
1694838675239 0.0 260000
1694838706520 0.0 264000
1694838738365 0.0 268000
1694838771182 0.0 272000
1694838804014 0.0 276000
1694838837403 0.0 280000
1694838875021 0.0 284000
1694838908018 0.0 288000
1694838940967 0.0 292000
1694838973546 0.0 296000
1694839006615 0.0 300000
1694839038346 0.0 304000
1694839070125 0.0 308000
1694839101519 0.0 312000
1694839134525 0.0 316000
1694839166563 0.0 320000
1694839200554 0.0 324000
1694839232911 0.0 328000
1694839264649 0.0 332000
1694839297014 0.0 336000
1694839328193 0.0 340000
1694839359515 0.0 344000
1694839389595 0.0 348000
1694839420563 0.0 352000
1694839451850 0.0 356000
1694839482830 0.0 360000
1694839516077 0.0 364000
1694839547767 0.0 368000
1694839579233 0.0 372000
1694839611472 0.0 376000
1694839642560 0.0 380000
1694839674182 0.0 384000
1694839706536 0.0 388000
1694839739293 0.0 392000
1694839771116 0.0 396000
1694839803905 0.0 400000
1694839840352 0.0 404000
1694839873223 0.0 408000
1694839905934 0.0 412000
1694839938208 0.0 416000
1694839970921 0.0 420000
1694840002883 0.0 424000
1694840035620 0.0 428000
1694840067004 0.0 432000
1694840099393 0.0 436000
1694840132685 0.0 440000
1694840170429 0.0 444000
1694840204819 0.0 448000
1694840237090 0.0 452000
1694840270544 0.0 456000
1694840302566 0.0 460000
1694840335346 0.0 464000
1694840366089 0.0 468000
1694840399320 0.0 472000
1694840430338 0.0 476000
1694840462591 0.0 480000
1694840497812 0.0 484000
1694840529917 0.0 488000
1694840561765 0.0 492000
1694840593814 0.0 496000
1694840627275 0.0 500000
1694840658435 0.0 504000
1694840689991 0.0 508000
1694840720522 0.0 512000
1694840752136 0.0 516000
1694840783406 0.0 520000
1694840820475 0.0 524000
1694840855796 0.0 528000
1694840884928 0.0 532000
1694840911802 0.0 536000
1694840939978 0.0 540000
1694840966119 0.0 544000
1694840992961 0.0 548000
1694841019149 0.0 552000
1694841045781 0.0 556000
1694841073100 0.0 560000
1694841101793 0.0 564000
1694841128104 0.0 568000
1694841154587 0.0 572000
1694841181450 0.0 576000
