1694836625293 1.0 4000
1694836654140 1.0 8000
1694836682269 1.0 12000
1694836712034 1.0 16000
1694836741733 1.0 20000
1694836771216 1.0 24000
1694836802147 1.0 28000
1694836832472 1.0 32000
1694836863346 1.0 36000
1694836893208 1.0 40000
1694836927234 1.0 44000
1694836958490 1.0 48000
1694836990826 1.0 52000
1694837023895 1.0 56000
1694837056164 1.0 60000
1694837087139 1.0 64000
1694837118707 1.0 68000
1694837150859 1.0 72000
1694837182576 1.0 76000
1694837215602 1.0 80000
1694837250428 1.0 84000
1694837282799 1.0 88000
1694837314589 1.0 92000
1694837347050 1.0 96000
1694837379158 1.0 100000
1694837410625 1.0 104000
1694837442743 1.0 108000
1694837474409 1.0 112000
1694837506219 1.0 116000
1694837538614 1.0 120000
1694837573391 1.0 124000
1694837605886 1.0 128000
1694837639853 1.0 132000
1694837672735 1.0 136000
1694837705125 1.0 140000
1694837737361 1.0 144000
1694837769266 1.0 148000
1694837801998 1.0 152000
1694837834045 1.0 156000
1694837867554 1.0 160000
1694837905497 1.0 164000
1694837938871 1.0 168000
1694837971202 1.0 172000
1694838004809 1.0 176000
1694838036955 1.0 180000
1694838068114 1.0 184000
1694838099497 1.0 188000
1694838130865 1.0 192000
1694838162262 1.0 196000
1694838192922 1.0 200000
1694838228866 1.0 204000
1694838260163 1.0 208000
1694838291025 1.0 212000
1694838322939 1.0 216000
1694838354533 1.0 220000
1694838385952 1.0 224000
1694838417088 1.0 228000
1694838447910 1.0 232000
1694838479827 1.0 236000
1694838511724 1.0 240000
1694838547379 1.0 244000
1694838579869 1.0 248000
1694838611858 1.0 252000
1694838644002 1.0 256000
1694838675352 1.0 260000
1694838706646 1.0 264000
1694838738472 1.0 268000
1694838771298 1.0 272000
1694838804145 1.0 276000
1694838837552 1.0 280000
1694838875165 1.0 284000
1694838908199 1.0 288000
1694838941087 1.0 292000
1694838973669 1.0 296000
1694839006732 1.0 300000
1694839038472 1.0 304000
1694839070240 1.0 308000
1694839101635 1.0 312000
1694839134643 1.0 316000
1694839166677 1.0 320000
1694839200673 1.0 324000
1694839233161 1.0 328000
1694839264764 1.0 332000
1694839297130 1.0 336000
1694839328321 1.0 340000
1694839359623 1.0 344000
1694839389708 1.0 348000
1694839420687 1.0 352000
1694839451967 1.0 356000
1694839482956 1.0 360000
1694839516191 1.0 364000
1694839547878 1.0 368000
1694839579341 1.0 372000
1694839611587 1.0 376000
1694839642675 1.0 380000
1694839674304 1.0 384000
1694839706647 1.0 388000
1694839739408 1.0 392000
1694839771328 1.0 396000
1694839804030 1.0 400000
1694839840482 1.0 404000
1694839873328 1.0 408000
1694839906054 1.0 412000
1694839938350 1.0 416000
1694839971043 1.0 420000
1694840003002 1.0 424000
1694840035744 1.0 428000
1694840067130 1.0 432000
1694840099512 1.0 436000
1694840132920 1.0 440000
1694840170562 1.0 444000
1694840204933 1.0 448000
1694840237207 1.0 452000
1694840270673 1.0 456000
1694840302684 1.0 460000
1694840335463 1.0 464000
1694840366206 1.0 468000
1694840399434 1.0 472000
1694840430546 1.0 476000
1694840462724 1.0 480000
1694840497937 1.0 484000
1694840530059 1.0 488000
1694840561876 1.0 492000
1694840593963 1.0 496000
1694840627389 1.0 500000
1694840658555 1.0 504000
1694840690102 1.0 508000
1694840720638 1.0 512000
1694840752246 1.0 516000
1694840783522 1.0 520000
1694840820616 1.0 524000
1694840855921 1.0 528000
1694840885042 1.0 532000
1694840912037 1.0 536000
1694840940099 1.0 540000
1694840966237 1.0 544000
1694840993068 1.0 548000
1694841019261 1.0 552000
1694841045889 1.0 556000
1694841073226 1.0 560000
1694841101915 1.0 564000
1694841128243 1.0 568000
1694841154694 1.0 572000
1694841181623 1.0 576000
