1694836625043 0.0 4000
1694836654025 0.0 8000
1694836682131 0.0 12000
1694836711801 0.0 16000
1694836741613 0.0 20000
1694836770902 0.0 24000
1694836802009 0.0 28000
1694836832241 0.0 32000
1694836863207 0.0 36000
1694836893071 0.0 40000
1694836927089 0.0 44000
1694836958367 0.0 48000
1694836990675 0.0 52000
1694837023721 0.0 56000
1694837056034 0.0 60000
1694837087008 0.0 64000
1694837118551 0.0 68000
1694837150719 0.0 72000
1694837182446 0.0 76000
1694837215446 0.0 80000
1694837250183 0.0 84000
1694837282646 0.0 88000
1694837314446 0.0 92000
1694837346901 0.0 96000
1694837378997 0.0 100000
1694837410484 0.0 104000
1694837442596 0.0 108000
1694837474260 0.0 112000
1694837506075 0.0 116000
1694837538477 0.0 120000
1694837573240 0.0 124000
1694837605741 0.0 128000
1694837639689 0.0 132000
1694837672488 0.0 136000
1694837704976 0.0 140000
1694837737198 0.0 144000
1694837769119 0.0 148000
1694837801847 0.0 152000
1694837833890 0.0 156000
1694837867415 0.0 160000
1694837905356 0.0 164000
1694837938734 0.0 168000
1694837970986 0.0 172000
1694838004681 0.0 176000
1694838036826 0.0 180000
1694838068001 0.0 184000
1694838099374 0.0 188000
1694838130733 0.0 192000
1694838162150 0.0 196000
1694838192802 0.0 200000
1694838228732 0.0 204000
1694838260047 0.0 208000
1694838290851 0.0 212000
1694838322812 0.0 216000
1694838354408 0.0 220000
1694838385837 0.0 224000
1694838416963 0.0 228000
1694838447784 0.0 232000
1694838479712 0.0 236000
1694838511515 0.0 240000
1694838547241 0.0 244000
1694838579740 0.0 248000
1694838611748 0.0 252000
1694838643889 0.0 256000
1694838675236 0.0 260000
1694838706516 0.0 264000
1694838738363 0.0 268000
1694838771179 0.0 272000
1694838804010 0.0 276000
1694838837399 0.0 280000
1694838875018 0.0 284000
1694838908015 0.0 288000
1694838940965 0.0 292000
1694838973544 0.0 296000
1694839006611 0.0 300000
1694839038343 0.0 304000
1694839070122 0.0 308000
1694839101513 0.0 312000
1694839134523 0.0 316000
1694839166560 0.0 320000
1694839200551 0.0 324000
1694839232906 0.0 328000
1694839264647 0.0 332000
1694839297011 0.0 336000
1694839328190 0.0 340000
1694839359513 0.0 344000
1694839389593 0.0 348000
1694839420560 0.0 352000
1694839451847 0.0 356000
1694839482826 0.0 360000
1694839516073 0.0 364000
1694839547765 0.0 368000
1694839579230 0.0 372000
1694839611470 0.0 376000
1694839642558 0.0 380000
1694839674177 0.0 384000
1694839706533 0.0 388000
1694839739290 0.0 392000
1694839771096 0.0 396000
1694839803902 0.0 400000
1694839840349 0.0 404000
1694839873221 0.0 408000
1694839905931 0.0 412000
1694839938205 0.0 416000
1694839970919 0.0 420000
1694840002880 0.0 424000
1694840035616 0.0 428000
1694840067001 0.0 432000
1694840099390 0.0 436000
1694840132682 0.0 440000
1694840170424 0.0 444000
1694840204817 0.0 448000
1694840237086 0.0 452000
1694840270541 0.0 456000
1694840302564 0.0 460000
1694840335342 0.0 464000
1694840366086 0.0 468000
1694840399317 0.0 472000
1694840430335 0.0 476000
1694840462589 0.0 480000
1694840497809 0.0 484000
1694840529915 0.0 488000
1694840561761 0.0 492000
1694840593812 0.0 496000
1694840627273 0.0 500000
1694840658431 0.0 504000
1694840689986 0.0 508000
1694840720520 0.0 512000
1694840752133 0.0 516000
1694840783399 0.0 520000
1694840820472 0.0 524000
1694840855792 0.0 528000
1694840884926 0.0 532000
1694840911799 0.0 536000
1694840939976 0.0 540000
1694840966116 0.0 544000
1694840992958 0.0 548000
1694841019145 0.0 552000
1694841045778 0.0 556000
1694841073098 0.0 560000
1694841101791 0.0 564000
1694841128102 0.0 568000
1694841154584 0.0 572000
1694841181444 0.0 576000
