1694836625140 0.0 4000
1694836654072 0.0 8000
1694836682191 0.0 12000
1694836711894 0.0 16000
1694836741655 0.0 20000
1694836771093 0.0 24000
1694836802068 0.0 28000
1694836832333 0.0 32000
1694836863265 0.0 36000
1694836893124 0.0 40000
1694836927147 0.0 44000
1694836958417 0.0 48000
1694836990737 0.0 52000
1694837023790 0.0 56000
1694837056091 0.0 60000
1694837087058 0.0 64000
1694837118610 0.0 68000
1694837150772 0.0 72000
1694837182495 0.0 76000
1694837215505 0.0 80000
1694837250282 0.0 84000
1694837282709 0.0 88000
1694837314505 0.0 92000
1694837346961 0.0 96000
1694837379071 0.0 100000
1694837410541 0.0 104000
1694837442656 0.0 108000
1694837474318 0.0 112000
1694837506133 0.0 116000
1694837538525 0.0 120000
1694837573304 0.0 124000
1694837605801 0.0 128000
1694837639753 0.0 132000
1694837672587 0.0 136000
1694837705035 0.0 140000
1694837737264 0.0 144000
1694837769175 0.0 148000
1694837801907 0.0 152000
1694837833953 0.0 156000
1694837867470 0.0 160000
1694837905414 0.0 164000
1694837938785 0.0 168000
1694837971058 0.0 172000
1694838004730 0.0 176000
1694838036883 0.0 180000
1694838068044 0.0 184000
1694838099426 0.0 188000
1694838130782 0.0 192000
1694838162193 0.0 196000
1694838192857 0.0 200000
1694838228785 0.0 204000
1694838260095 0.0 208000
1694838290900 0.0 212000
1694838322862 0.0 216000
1694838354460 0.0 220000
1694838385884 0.0 224000
1694838417010 0.0 228000
1694838447837 0.0 232000
1694838479759 0.0 236000
1694838511601 0.0 240000
1694838547295 0.0 244000
1694838579795 0.0 248000
1694838611792 0.0 252000
1694838643935 0.0 256000
1694838675282 0.0 260000
1694838706568 0.0 264000
1694838738407 0.0 268000
1694838771229 0.0 272000
1694838804065 0.0 276000
1694838837454 0.0 280000
1694838875078 0.0 284000
1694838908073 0.0 288000
1694838941014 0.0 292000
1694838973596 0.0 296000
1694839006658 0.0 300000
1694839038395 0.0 304000
1694839070170 0.0 308000
1694839101566 0.0 312000
1694839134571 0.0 316000
1694839166607 0.0 320000
1694839200604 0.0 324000
1694839233008 0.0 328000
1694839264698 0.0 332000
1694839297055 0.0 336000
1694839328244 0.0 340000
1694839359557 0.0 344000
1694839389647 0.0 348000
1694839420607 0.0 352000
1694839451896 0.0 356000
1694839482877 0.0 360000
1694839516121 0.0 364000
1694839547805 0.0 368000
1694839579274 0.0 372000
1694839611519 0.0 376000
1694839642606 0.0 380000
1694839674232 0.0 384000
1694839706582 0.0 388000
1694839739337 0.0 392000
1694839771184 0.0 396000
1694839803955 0.0 400000
1694839840401 0.0 404000
1694839873263 0.0 408000
1694839905978 0.0 412000
1694839938256 0.0 416000
1694839970966 0.0 420000
1694840002933 0.0 424000
1694840035666 0.0 428000
1694840067055 0.0 432000
1694840099442 0.0 436000
1694840132772 0.0 440000
1694840170483 0.0 444000
1694840204862 0.0 448000
1694840237140 0.0 452000
1694840270594 0.0 456000
1694840302613 0.0 460000
1694840335395 0.0 464000
1694840366139 0.0 468000
1694840399365 0.0 472000
1694840430405 0.0 476000
1694840462644 0.0 480000
1694840497862 0.0 484000
1694840529969 0.0 488000
1694840561807 0.0 492000
1694840593862 0.0 496000
1694840627319 0.0 500000
1694840658488 0.0 504000
1694840690032 0.0 508000
1694840720569 0.0 512000
1694840752178 0.0 516000
1694840783454 0.0 520000
1694840820533 0.0 524000
1694840855842 0.0 528000
1694840884970 0.0 532000
1694840911893 0.0 536000
1694840940029 0.0 540000
1694840966164 0.0 544000
1694840993001 0.0 548000
1694841019189 0.0 552000
1694841045821 0.0 556000
1694841073144 0.0 560000
1694841101839 0.0 564000
1694841128152 0.0 568000
1694841154628 0.0 572000
1694841181534 0.0 576000
