1694836625146 1.0 4000
1694836654076 1.0 8000
1694836682196 1.0 12000
1694836711900 1.0 16000
1694836741665 1.0 20000
1694836771099 1.0 24000
1694836802074 1.0 28000
1694836832339 1.0 32000
1694836863270 1.0 36000
1694836893131 1.0 40000
1694836927152 1.0 44000
1694836958422 1.0 48000
1694836990746 1.0 52000
1694837023798 1.0 56000
1694837056098 1.0 60000
1694837087063 1.0 64000
1694837118615 1.0 68000
1694837150780 1.0 72000
1694837182502 1.0 76000
1694837215510 1.0 80000
1694837250288 1.0 84000
1694837282714 1.0 88000
1694837314510 1.0 92000
1694837346966 1.0 96000
1694837379077 1.0 100000
1694837410548 1.0 104000
1694837442662 1.0 108000
1694837474322 1.0 112000
1694837506137 1.0 116000
1694837538534 1.0 120000
1694837573312 1.0 124000
1694837605810 1.0 128000
1694837639763 1.0 132000
1694837672593 1.0 136000
1694837705043 1.0 140000
1694837737272 1.0 144000
1694837769181 1.0 148000
1694837801917 1.0 152000
1694837833961 1.0 156000
1694837867476 1.0 160000
1694837905420 1.0 164000
1694837938793 1.0 168000
1694837971066 1.0 172000
1694838004735 1.0 176000
1694838036889 1.0 180000
1694838068051 1.0 184000
1694838099430 1.0 188000
1694838130786 1.0 192000
1694838162201 1.0 196000
1694838192861 1.0 200000
1694838228790 1.0 204000
1694838260101 1.0 208000
1694838290907 1.0 212000
1694838322869 1.0 216000
1694838354465 1.0 220000
1694838385889 1.0 224000
1694838417016 1.0 228000
1694838447842 1.0 232000
1694838479764 1.0 236000
1694838511607 1.0 240000
1694838547301 1.0 244000
1694838579800 1.0 248000
1694838611797 1.0 252000
1694838643940 1.0 256000
1694838675286 1.0 260000
1694838706574 1.0 264000
1694838738411 1.0 268000
1694838771234 1.0 272000
1694838804074 1.0 276000
1694838837460 1.0 280000
1694838875084 1.0 284000
1694838908078 1.0 288000
1694838941019 1.0 292000
1694838973601 1.0 296000
1694839006664 1.0 300000
1694839038400 1.0 304000
1694839070177 1.0 308000
1694839101572 1.0 312000
1694839134576 1.0 316000
1694839166614 1.0 320000
1694839200610 1.0 324000
1694839233017 1.0 328000
1694839264703 1.0 332000
1694839297063 1.0 336000
1694839328249 1.0 340000
1694839359562 1.0 344000
1694839389652 1.0 348000
1694839420613 1.0 352000
1694839451901 1.0 356000
1694839482883 1.0 360000
1694839516126 1.0 364000
1694839547810 1.0 368000
1694839579279 1.0 372000
1694839611525 1.0 376000
1694839642611 1.0 380000
1694839674237 1.0 384000
1694839706587 1.0 388000
1694839739341 1.0 392000
1694839771191 1.0 396000
1694839803959 1.0 400000
1694839840407 1.0 404000
1694839873269 1.0 408000
1694839905986 1.0 412000
1694839938261 1.0 416000
1694839970975 1.0 420000
1694840002939 1.0 424000
1694840035672 1.0 428000
1694840067060 1.0 432000
1694840099447 1.0 436000
1694840132779 1.0 440000
1694840170491 1.0 444000
1694840204867 1.0 448000
1694840237145 1.0 452000
1694840270601 1.0 456000
1694840302618 1.0 460000
1694840335400 1.0 464000
1694840366144 1.0 468000
1694840399370 1.0 472000
1694840430427 1.0 476000
1694840462651 1.0 480000
1694840497867 1.0 484000
1694840529977 1.0 488000
1694840561814 1.0 492000
1694840593867 1.0 496000
1694840627324 1.0 500000
1694840658494 1.0 504000
1694840690039 1.0 508000
1694840720573 1.0 512000
1694840752182 1.0 516000
1694840783459 1.0 520000
1694840820541 1.0 524000
1694840855847 1.0 528000
1694840884974 1.0 532000
1694840911899 1.0 536000
1694840940035 1.0 540000
1694840966170 1.0 544000
1694840993006 1.0 548000
1694841019194 1.0 552000
1694841045825 1.0 556000
1694841073149 1.0 560000
1694841101847 1.0 564000
1694841128158 1.0 568000
1694841154632 1.0 572000
1694841181543 1.0 576000
