1694836625138 67108864.0 4000
1694836654071 67108864.0 8000
1694836682189 67108864.0 12000
1694836711893 67108864.0 16000
1694836741654 67108864.0 20000
1694836771092 67108864.0 24000
1694836802066 67108864.0 28000
1694836832332 67108864.0 32000
1694836863264 67108864.0 36000
1694836893122 67108864.0 40000
1694836927146 67108864.0 44000
1694836958416 67108864.0 48000
1694836990734 67108864.0 52000
1694837023787 67108864.0 56000
1694837056088 67108864.0 60000
1694837087057 67108864.0 64000
1694837118608 67108864.0 68000
1694837150770 67108864.0 72000
1694837182492 67108864.0 76000
1694837215503 67108864.0 80000
1694837250280 67108864.0 84000
1694837282707 67108864.0 88000
1694837314503 67108864.0 92000
1694837346959 67108864.0 96000
1694837379069 67108864.0 100000
1694837410540 67108864.0 104000
1694837442653 67108864.0 108000
1694837474316 67108864.0 112000
1694837506131 67108864.0 116000
1694837538523 67108864.0 120000
1694837573302 67108864.0 124000
1694837605798 67108864.0 128000
1694837639751 67108864.0 132000
1694837672585 67108864.0 136000
1694837705032 67108864.0 140000
1694837737262 67108864.0 144000
1694837769174 67108864.0 148000
1694837801905 67108864.0 152000
1694837833951 67108864.0 156000
1694837867469 67108864.0 160000
1694837905412 67108864.0 164000
1694837938784 67108864.0 168000
1694837971056 67108864.0 172000
1694838004729 67108864.0 176000
1694838036881 67108864.0 180000
1694838068042 67108864.0 184000
1694838099425 67108864.0 188000
1694838130780 67108864.0 192000
1694838162192 67108864.0 196000
1694838192855 67108864.0 200000
1694838228783 67108864.0 204000
1694838260093 67108864.0 208000
1694838290897 67108864.0 212000
1694838322860 67108864.0 216000
1694838354459 67108864.0 220000
1694838385883 67108864.0 224000
1694838417008 67108864.0 228000
1694838447836 67108864.0 232000
1694838479758 67108864.0 236000
1694838511600 67108864.0 240000
1694838547293 67108864.0 244000
1694838579793 67108864.0 248000
1694838611791 67108864.0 252000
1694838643934 67108864.0 256000
1694838675280 67108864.0 260000
1694838706566 67108864.0 264000
1694838738405 67108864.0 268000
1694838771228 67108864.0 272000
1694838804062 67108864.0 276000
1694838837453 67108864.0 280000
1694838875077 67108864.0 284000
1694838908071 67108864.0 288000
1694838941013 67108864.0 292000
1694838973595 67108864.0 296000
1694839006657 67108864.0 300000
1694839038393 67108864.0 304000
1694839070167 67108864.0 308000
1694839101565 67108864.0 312000
1694839134570 67108864.0 316000
1694839166605 67108864.0 320000
1694839200603 67108864.0 324000
1694839233006 67108864.0 328000
1694839264697 67108864.0 332000
1694839297054 67108864.0 336000
1694839328243 67108864.0 340000
1694839359556 67108864.0 344000
1694839389646 67108864.0 348000
1694839420606 67108864.0 352000
1694839451895 67108864.0 356000
1694839482876 67108864.0 360000
1694839516120 67108864.0 364000
1694839547804 67108864.0 368000
1694839579273 67108864.0 372000
1694839611517 67108864.0 376000
1694839642605 67108864.0 380000
1694839674230 67108864.0 384000
1694839706581 67108864.0 388000
1694839739335 67108864.0 392000
1694839771183 67108864.0 396000
1694839803953 67108864.0 400000
1694839840400 67108864.0 404000
1694839873262 67108864.0 408000
1694839905976 67108864.0 412000
1694839938255 67108864.0 416000
1694839970965 67108864.0 420000
1694840002932 67108864.0 424000
1694840035664 67108864.0 428000
1694840067053 67108864.0 432000
1694840099440 67108864.0 436000
1694840132770 67108864.0 440000
1694840170481 67108864.0 444000
1694840204860 67108864.0 448000
1694840237138 67108864.0 452000
1694840270593 67108864.0 456000
1694840302612 67108864.0 460000
1694840335394 67108864.0 464000
1694840366137 67108864.0 468000
1694840399364 67108864.0 472000
1694840430403 67108864.0 476000
1694840462642 67108864.0 480000
1694840497860 67108864.0 484000
1694840529968 67108864.0 488000
1694840561805 67108864.0 492000
1694840593861 67108864.0 496000
1694840627318 67108864.0 500000
1694840658485 67108864.0 504000
1694840690031 67108864.0 508000
1694840720568 67108864.0 512000
1694840752176 67108864.0 516000
1694840783453 67108864.0 520000
1694840820532 67108864.0 524000
1694840855841 67108864.0 528000
1694840884969 67108864.0 532000
1694840911892 67108864.0 536000
1694840940028 67108864.0 540000
1694840966162 67108864.0 544000
1694840993000 67108864.0 548000
1694841019188 67108864.0 552000
1694841045820 67108864.0 556000
1694841073143 67108864.0 560000
1694841101837 67108864.0 564000
1694841128150 67108864.0 568000
1694841154627 67108864.0 572000
1694841181533 67108864.0 576000
