1694836625132 0.0 4000
1694836654066 0.0 8000
1694836682181 0.0 12000
1694836711888 0.0 16000
1694836741649 0.0 20000
1694836771086 0.0 24000
1694836802057 0.0 28000
1694836832326 0.0 32000
1694836863258 0.0 36000
1694836893115 0.0 40000
1694836927138 0.0 44000
1694836958410 0.0 48000
1694836990727 0.0 52000
1694837023778 0.0 56000
1694837056081 0.0 60000
1694837087051 0.0 64000
1694837118603 0.0 68000
1694837150762 0.0 72000
1694837182485 0.0 76000
1694837215495 0.0 80000
1694837250273 0.0 84000
1694837282702 0.0 88000
1694837314494 0.0 92000
1694837346954 0.0 96000
1694837379042 0.0 100000
1694837410532 0.0 104000
1694837442644 0.0 108000
1694837474310 0.0 112000
1694837506127 0.0 116000
1694837538519 0.0 120000
1694837573294 0.0 124000
1694837605791 0.0 128000
1694837639744 0.0 132000
1694837672562 0.0 136000
1694837705026 0.0 140000
1694837737253 0.0 144000
1694837769169 0.0 148000
1694837801899 0.0 152000
1694837833942 0.0 156000
1694837867460 0.0 160000
1694837905406 0.0 164000
1694837938779 0.0 168000
1694837971050 0.0 172000
1694838004724 0.0 176000
1694838036876 0.0 180000
1694838068035 0.0 184000
1694838099420 0.0 188000
1694838130776 0.0 192000
1694838162188 0.0 196000
1694838192849 0.0 200000
1694838228778 0.0 204000
1694838260087 0.0 208000
1694838290889 0.0 212000
1694838322854 0.0 216000
1694838354454 0.0 220000
1694838385878 0.0 224000
1694838416999 0.0 228000
1694838447830 0.0 232000
1694838479752 0.0 236000
1694838511577 0.0 240000
1694838547288 0.0 244000
1694838579788 0.0 248000
1694838611786 0.0 252000
1694838643929 0.0 256000
1694838675274 0.0 260000
1694838706559 0.0 264000
1694838738400 0.0 268000
1694838771222 0.0 272000
1694838804055 0.0 276000
1694838837447 0.0 280000
1694838875071 0.0 284000
1694838908065 0.0 288000
1694838941007 0.0 292000
1694838973590 0.0 296000
1694839006652 0.0 300000
1694839038388 0.0 304000
1694839070158 0.0 308000
1694839101557 0.0 312000
1694839134565 0.0 316000
1694839166600 0.0 320000
1694839200598 0.0 324000
1694839232978 0.0 328000
1694839264692 0.0 332000
1694839297049 0.0 336000
1694839328237 0.0 340000
1694839359550 0.0 344000
1694839389641 0.0 348000
1694839420601 0.0 352000
1694839451890 0.0 356000
1694839482869 0.0 360000
1694839516115 0.0 364000
1694839547799 0.0 368000
1694839579268 0.0 372000
1694839611510 0.0 376000
1694839642600 0.0 380000
1694839674225 0.0 384000
1694839706576 0.0 388000
1694839739330 0.0 392000
1694839771176 0.0 396000
1694839803949 0.0 400000
1694839840394 0.0 404000
1694839873257 0.0 408000
1694839905967 0.0 412000
1694839938250 0.0 416000
1694839970960 0.0 420000
1694840002924 0.0 424000
1694840035660 0.0 428000
1694840067048 0.0 432000
1694840099434 0.0 436000
1694840132748 0.0 440000
1694840170474 0.0 444000
1694840204855 0.0 448000
1694840237128 0.0 452000
1694840270586 0.0 456000
1694840302607 0.0 460000
1694840335389 0.0 464000
1694840366131 0.0 468000
1694840399359 0.0 472000
1694840430396 0.0 476000
1694840462636 0.0 480000
1694840497855 0.0 484000
1694840529963 0.0 488000
1694840561800 0.0 492000
1694840593855 0.0 496000
1694840627313 0.0 500000
1694840658477 0.0 504000
1694840690027 0.0 508000
1694840720563 0.0 512000
1694840752171 0.0 516000
1694840783448 0.0 520000
1694840820526 0.0 524000
1694840855835 0.0 528000
1694840884964 0.0 532000
1694840911886 0.0 536000
1694840940024 0.0 540000
1694840966154 0.0 544000
1694840992995 0.0 548000
1694841019183 0.0 552000
1694841045815 0.0 556000
1694841073138 0.0 560000
1694841101831 0.0 564000
1694841128141 0.0 568000
1694841154619 0.0 572000
1694841181527 0.0 576000
