1694836625135 0.0 4000
1694836654068 0.0 8000
1694836682185 0.0 12000
1694836711890 0.0 16000
1694836741651 0.0 20000
1694836771089 0.0 24000
1694836802061 0.0 28000
1694836832329 0.0 32000
1694836863261 0.0 36000
1694836893118 0.0 40000
1694836927143 0.0 44000
1694836958413 0.0 48000
1694836990731 0.0 52000
1694837023782 0.0 56000
1694837056083 0.0 60000
1694837087054 0.0 64000
1694837118606 0.0 68000
1694837150765 0.0 72000
1694837182488 0.0 76000
1694837215500 0.0 80000
1694837250277 0.0 84000
1694837282705 0.0 88000
1694837314499 0.0 92000
1694837346956 0.0 96000
1694837379047 0.0 100000
1694837410537 0.0 104000
1694837442648 0.0 108000
1694837474313 0.0 112000
1694837506129 0.0 116000
1694837538521 0.0 120000
1694837573297 0.0 124000
1694837605795 0.0 128000
1694837639747 0.0 132000
1694837672581 0.0 136000
1694837705028 0.0 140000
1694837737258 0.0 144000
1694837769171 0.0 148000
1694837801902 0.0 152000
1694837833948 0.0 156000
1694837867465 0.0 160000
1694837905409 0.0 164000
1694837938781 0.0 168000
1694837971053 0.0 172000
1694838004727 0.0 176000
1694838036879 0.0 180000
1694838068038 0.0 184000
1694838099422 0.0 188000
1694838130778 0.0 192000
1694838162190 0.0 196000
1694838192853 0.0 200000
1694838228781 0.0 204000
1694838260089 0.0 208000
1694838290892 0.0 212000
1694838322857 0.0 216000
1694838354457 0.0 220000
1694838385880 0.0 224000
1694838417002 0.0 228000
1694838447833 0.0 232000
1694838479755 0.0 236000
1694838511596 0.0 240000
1694838547291 0.0 244000
1694838579791 0.0 248000
1694838611789 0.0 252000
1694838643931 0.0 256000
1694838675277 0.0 260000
1694838706563 0.0 264000
1694838738403 0.0 268000
1694838771225 0.0 272000
1694838804058 0.0 276000
1694838837450 0.0 280000
1694838875074 0.0 284000
1694838908069 0.0 288000
1694838941010 0.0 292000
1694838973592 0.0 296000
1694839006655 0.0 300000
1694839038391 0.0 304000
1694839070162 0.0 308000
1694839101561 0.0 312000
1694839134567 0.0 316000
1694839166603 0.0 320000
1694839200600 0.0 324000
1694839232984 0.0 328000
1694839264695 0.0 332000
1694839297051 0.0 336000
1694839328241 0.0 340000
1694839359553 0.0 344000
1694839389643 0.0 348000
1694839420603 0.0 352000
1694839451893 0.0 356000
1694839482872 0.0 360000
1694839516117 0.0 364000
1694839547802 0.0 368000
1694839579270 0.0 372000
1694839611513 0.0 376000
1694839642602 0.0 380000
1694839674228 0.0 384000
1694839706579 0.0 388000
1694839739333 0.0 392000
1694839771180 0.0 396000
1694839803951 0.0 400000
1694839840397 0.0 404000
1694839873259 0.0 408000
1694839905971 0.0 412000
1694839938253 0.0 416000
1694839970963 0.0 420000
1694840002929 0.0 424000
1694840035662 0.0 428000
1694840067051 0.0 432000
1694840099437 0.0 436000
1694840132751 0.0 440000
1694840170476 0.0 444000
1694840204858 0.0 448000
1694840237134 0.0 452000
1694840270590 0.0 456000
1694840302609 0.0 460000
1694840335391 0.0 464000
1694840366135 0.0 468000
1694840399362 0.0 472000
1694840430400 0.0 476000
1694840462639 0.0 480000
1694840497858 0.0 484000
1694840529965 0.0 488000
1694840561803 0.0 492000
1694840593858 0.0 496000
1694840627315 0.0 500000
1694840658481 0.0 504000
1694840690029 0.0 508000
1694840720565 0.0 512000
1694840752174 0.0 516000
1694840783451 0.0 520000
1694840820529 0.0 524000
1694840855838 0.0 528000
1694840884967 0.0 532000
1694840911889 0.0 536000
1694840940026 0.0 540000
1694840966158 0.0 544000
1694840992998 0.0 548000
1694841019186 0.0 552000
1694841045818 0.0 556000
1694841073140 0.0 560000
1694841101834 0.0 564000
1694841128145 0.0 568000
1694841154624 0.0 572000
1694841181530 0.0 576000
