1694836625195 0.0 4000
1694836654096 0.0 8000
1694836682223 0.0 12000
1694836711946 0.0 16000
1694836741688 0.0 20000
1694836771146 0.0 24000
1694836802100 0.0 28000
1694836832384 0.0 32000
1694836863297 0.0 36000
1694836893157 0.0 40000
1694836927179 0.0 44000
1694836958449 0.0 48000
1694836990772 0.0 52000
1694837023831 0.0 56000
1694837056120 0.0 60000
1694837087091 0.0 64000
1694837118637 0.0 68000
1694837150813 0.0 72000
1694837182527 0.0 76000
1694837215544 0.0 80000
1694837250336 0.0 84000
1694837282742 0.0 88000
1694837314536 0.0 92000
1694837346997 0.0 96000
1694837379107 0.0 100000
1694837410573 0.0 104000
1694837442687 0.0 108000
1694837474357 0.0 112000
1694837506165 0.0 116000
1694837538563 0.0 120000
1694837573340 0.0 124000
1694837605835 0.0 128000
1694837639794 0.0 132000
1694837672642 0.0 136000
1694837705071 0.0 140000
1694837737303 0.0 144000
1694837769211 0.0 148000
1694837801940 0.0 152000
1694837833987 0.0 156000
1694837867501 0.0 160000
1694837905444 0.0 164000
1694837938820 0.0 168000
1694837971111 0.0 172000
1694838004767 0.0 176000
1694838036916 0.0 180000
1694838068071 0.0 184000
1694838099457 0.0 188000
1694838130815 0.0 192000
1694838162222 0.0 196000
1694838192881 0.0 200000
1694838228817 0.0 204000
1694838260122 0.0 208000
1694838290955 0.0 212000
1694838322890 0.0 216000
1694838354486 0.0 220000
1694838385912 0.0 224000
1694838417041 0.0 228000
1694838447869 0.0 232000
1694838479785 0.0 236000
1694838511654 0.0 240000
1694838547331 0.0 244000
1694838579827 0.0 248000
1694838611818 0.0 252000
1694838643964 0.0 256000
1694838675312 0.0 260000
1694838706595 0.0 264000
1694838738433 0.0 268000
1694838771255 0.0 272000
1694838804102 0.0 276000
1694838837489 0.0 280000
1694838875115 0.0 284000
1694838908101 0.0 288000
1694838941043 0.0 292000
1694838973629 0.0 296000
1694839006692 0.0 300000
1694839038429 0.0 304000
1694839070198 0.0 308000
1694839101592 0.0 312000
1694839134598 0.0 316000
1694839166635 0.0 320000
1694839200630 0.0 324000
1694839233065 0.0 328000
1694839264724 0.0 332000
1694839297087 0.0 336000
1694839328277 0.0 340000
1694839359583 0.0 344000
1694839389673 0.0 348000
1694839420635 0.0 352000
1694839451927 0.0 356000
1694839482906 0.0 360000
1694839516147 0.0 364000
1694839547834 0.0 368000
1694839579299 0.0 372000
1694839611548 0.0 376000
1694839642636 0.0 380000
1694839674257 0.0 384000
1694839706607 0.0 388000
1694839739363 0.0 392000
1694839771235 0.0 396000
1694839803992 0.0 400000
1694839840436 0.0 404000
1694839873290 0.0 408000
1694839906007 0.0 412000
1694839938294 0.0 416000
1694839971004 0.0 420000
1694840002960 0.0 424000
1694840035700 0.0 428000
1694840067090 0.0 432000
1694840099468 0.0 436000
1694840132829 0.0 440000
1694840170514 0.0 444000
1694840204888 0.0 448000
1694840237165 0.0 452000
1694840270624 0.0 456000
1694840302643 0.0 460000
1694840335422 0.0 464000
1694840366164 0.0 468000
1694840399395 0.0 472000
1694840430474 0.0 476000
1694840462674 0.0 480000
1694840497894 0.0 484000
1694840530008 0.0 488000
1694840561836 0.0 492000
1694840593893 0.0 496000
1694840627348 0.0 500000
1694840658514 0.0 504000
1694840690063 0.0 508000
1694840720599 0.0 512000
1694840752203 0.0 516000
1694840783480 0.0 520000
1694840820567 0.0 524000
1694840855874 0.0 528000
1694840884998 0.0 532000
1694840911947 0.0 536000
1694840940054 0.0 540000
1694840966193 0.0 544000
1694840993029 0.0 548000
1694841019216 0.0 552000
1694841045844 0.0 556000
1694841073176 0.0 560000
1694841101871 0.0 564000
1694841128183 0.0 568000
1694841154651 0.0 572000
1694841181574 0.0 576000
