1694836625091 0.0 4000
1694836654045 0.0 8000
1694836682166 0.0 12000
1694836711848 0.0 16000
1694836741636 0.0 20000
1694836771046 0.0 24000
1694836802035 0.0 28000
1694836832287 0.0 32000
1694836863242 0.0 36000
1694836893100 0.0 40000
1694836927115 0.0 44000
1694836958393 0.0 48000
1694836990705 0.0 52000
1694837023756 0.0 56000
1694837056061 0.0 60000
1694837087030 0.0 64000
1694837118579 0.0 68000
1694837150745 0.0 72000
1694837182470 0.0 76000
1694837215471 0.0 80000
1694837250233 0.0 84000
1694837282673 0.0 88000
1694837314471 0.0 92000
1694837346929 0.0 96000
1694837379026 0.0 100000
1694837410513 0.0 104000
1694837442623 0.0 108000
1694837474288 0.0 112000
1694837506112 0.0 116000
1694837538498 0.0 120000
1694837573271 0.0 124000
1694837605770 0.0 128000
1694837639721 0.0 132000
1694837672537 0.0 136000
1694837705008 0.0 140000
1694837737233 0.0 144000
1694837769145 0.0 148000
1694837801878 0.0 152000
1694837833923 0.0 156000
1694837867442 0.0 160000
1694837905380 0.0 164000
1694837938763 0.0 168000
1694837971012 0.0 172000
1694838004709 0.0 176000
1694838036858 0.0 180000
1694838068022 0.0 184000
1694838099400 0.0 188000
1694838130757 0.0 192000
1694838162173 0.0 196000
1694838192831 0.0 200000
1694838228756 0.0 204000
1694838260072 0.0 208000
1694838290874 0.0 212000
1694838322834 0.0 216000
1694838354434 0.0 220000
1694838385858 0.0 224000
1694838416984 0.0 228000
1694838447805 0.0 232000
1694838479736 0.0 236000
1694838511559 0.0 240000
1694838547272 0.0 244000
1694838579767 0.0 248000
1694838611769 0.0 252000
1694838643915 0.0 256000
1694838675260 0.0 260000
1694838706540 0.0 264000
1694838738385 0.0 268000
1694838771202 0.0 272000
1694838804038 0.0 276000
1694838837431 0.0 280000
1694838875048 0.0 284000
1694838908044 0.0 288000
1694838940991 0.0 292000
1694838973574 0.0 296000
1694839006637 0.0 300000
1694839038369 0.0 304000
1694839070143 0.0 308000
1694839101541 0.0 312000
1694839134546 0.0 316000
1694839166586 0.0 320000
1694839200582 0.0 324000
1694839232937 0.0 328000
1694839264675 0.0 332000
1694839297035 0.0 336000
1694839328215 0.0 340000
1694839359533 0.0 344000
1694839389616 0.0 348000
1694839420582 0.0 352000
1694839451868 0.0 356000
1694839482851 0.0 360000
1694839516099 0.0 364000
1694839547785 0.0 368000
1694839579253 0.0 372000
1694839611491 0.0 376000
1694839642580 0.0 380000
1694839674205 0.0 384000
1694839706555 0.0 388000
1694839739314 0.0 392000
1694839771140 0.0 396000
1694839803930 0.0 400000
1694839840376 0.0 404000
1694839873241 0.0 408000
1694839905953 0.0 412000
1694839938235 0.0 416000
1694839970945 0.0 420000
1694840002907 0.0 424000
1694840035644 0.0 428000
1694840067024 0.0 432000
1694840099414 0.0 436000
1694840132728 0.0 440000
1694840170455 0.0 444000
1694840204838 0.0 448000
1694840237110 0.0 452000
1694840270565 0.0 456000
1694840302585 0.0 460000
1694840335367 0.0 464000
1694840366113 0.0 468000
1694840399338 0.0 472000
1694840430378 0.0 476000
1694840462617 0.0 480000
1694840497838 0.0 484000
1694840529941 0.0 488000
1694840561785 0.0 492000
1694840593836 0.0 496000
1694840627297 0.0 500000
1694840658462 0.0 504000
1694840690012 0.0 508000
1694840720540 0.0 512000
1694840752154 0.0 516000
1694840783428 0.0 520000
1694840820504 0.0 524000
1694840855818 0.0 528000
1694840884946 0.0 532000
1694840911846 0.0 536000
1694840940006 0.0 540000
1694840966137 0.0 544000
1694840992982 0.0 548000
1694841019170 0.0 552000
1694841045802 0.0 556000
1694841073122 0.0 560000
1694841101818 0.0 564000
1694841128127 0.0 568000
1694841154604 0.0 572000
1694841181503 0.0 576000
