1694836625093 0.0 4000
1694836654046 0.0 8000
1694836682167 0.0 12000
1694836711849 0.0 16000
1694836741637 0.0 20000
1694836771047 0.0 24000
1694836802037 0.0 28000
1694836832289 0.0 32000
1694836863244 0.0 36000
1694836893101 0.0 40000
1694836927117 0.0 44000
1694836958395 0.0 48000
1694836990706 0.0 52000
1694837023757 0.0 56000
1694837056063 0.0 60000
1694837087031 0.0 64000
1694837118581 0.0 68000
1694837150747 0.0 72000
1694837182472 0.0 76000
1694837215472 0.0 80000
1694837250234 0.0 84000
1694837282676 0.0 88000
1694837314473 0.0 92000
1694837346931 0.0 96000
1694837379028 0.0 100000
1694837410514 0.0 104000
1694837442625 0.0 108000
1694837474290 0.0 112000
1694837506113 0.0 116000
1694837538500 0.0 120000
1694837573273 0.0 124000
1694837605771 0.0 128000
1694837639722 0.0 132000
1694837672539 0.0 136000
1694837705011 0.0 140000
1694837737235 0.0 144000
1694837769147 0.0 148000
1694837801879 0.0 152000
1694837833924 0.0 156000
1694837867443 0.0 160000
1694837905382 0.0 164000
1694837938765 0.0 168000
1694837971014 0.0 172000
1694838004710 0.0 176000
1694838036860 0.0 180000
1694838068023 0.0 184000
1694838099402 0.0 188000
1694838130759 0.0 192000
1694838162175 0.0 196000
1694838192832 0.0 200000
1694838228759 0.0 204000
1694838260074 0.0 208000
1694838290876 0.0 212000
1694838322835 0.0 216000
1694838354436 0.0 220000
1694838385860 0.0 224000
1694838416985 0.0 228000
1694838447806 0.0 232000
1694838479737 0.0 236000
1694838511561 0.0 240000
1694838547273 0.0 244000
1694838579768 0.0 248000
1694838611771 0.0 252000
1694838643916 0.0 256000
1694838675261 0.0 260000
1694838706541 0.0 264000
1694838738386 0.0 268000
1694838771204 0.0 272000
1694838804039 0.0 276000
1694838837432 0.0 280000
1694838875049 0.0 284000
1694838908045 0.0 288000
1694838940992 0.0 292000
1694838973575 0.0 296000
1694839006639 0.0 300000
1694839038371 0.0 304000
1694839070144 0.0 308000
1694839101542 0.0 312000
1694839134547 0.0 316000
1694839166587 0.0 320000
1694839200584 0.0 324000
1694839232956 0.0 328000
1694839264676 0.0 332000
1694839297036 0.0 336000
1694839328217 0.0 340000
1694839359534 0.0 344000
1694839389619 0.0 348000
1694839420583 0.0 352000
1694839451870 0.0 356000
1694839482852 0.0 360000
1694839516101 0.0 364000
1694839547786 0.0 368000
1694839579254 0.0 372000
1694839611493 0.0 376000
1694839642582 0.0 380000
1694839674206 0.0 384000
1694839706556 0.0 388000
1694839739316 0.0 392000
1694839771142 0.0 396000
1694839803933 0.0 400000
1694839840378 0.0 404000
1694839873242 0.0 408000
1694839905954 0.0 412000
1694839938236 0.0 416000
1694839970946 0.0 420000
1694840002908 0.0 424000
1694840035646 0.0 428000
1694840067026 0.0 432000
1694840099415 0.0 436000
1694840132729 0.0 440000
1694840170456 0.0 444000
1694840204840 0.0 448000
1694840237111 0.0 452000
1694840270566 0.0 456000
1694840302586 0.0 460000
1694840335369 0.0 464000
1694840366115 0.0 468000
1694840399340 0.0 472000
1694840430379 0.0 476000
1694840462618 0.0 480000
1694840497839 0.0 484000
1694840529944 0.0 488000
1694840561786 0.0 492000
1694840593838 0.0 496000
1694840627298 0.0 500000
1694840658463 0.0 504000
1694840690013 0.0 508000
1694840720541 0.0 512000
1694840752155 0.0 516000
1694840783429 0.0 520000
1694840820506 0.0 524000
1694840855820 0.0 528000
1694840884948 0.0 532000
1694840911848 0.0 536000
1694840940008 0.0 540000
1694840966138 0.0 544000
1694840992984 0.0 548000
1694841019171 0.0 552000
1694841045804 0.0 556000
1694841073124 0.0 560000
1694841101819 0.0 564000
1694841128129 0.0 568000
1694841154605 0.0 572000
1694841181505 0.0 576000
