1694836625059 0.0 4000
1694836654035 0.0 8000
1694836682146 0.0 12000
1694836711834 0.0 16000
1694836741625 0.0 20000
1694836770974 0.0 24000
1694836802024 0.0 28000
1694836832274 0.0 32000
1694836863224 0.0 36000
1694836893084 0.0 40000
1694836927102 0.0 44000
1694836958376 0.0 48000
1694836990691 0.0 52000
1694837023740 0.0 56000
1694837056050 0.0 60000
1694837087019 0.0 64000
1694837118561 0.0 68000
1694837150729 0.0 72000
1694837182458 0.0 76000
1694837215459 0.0 80000
1694837250201 0.0 84000
1694837282660 0.0 88000
1694837314460 0.0 92000
1694837346913 0.0 96000
1694837379012 0.0 100000
1694837410497 0.0 104000
1694837442612 0.0 108000
1694837474270 0.0 112000
1694837506094 0.0 116000
1694837538487 0.0 120000
1694837573258 0.0 124000
1694837605755 0.0 128000
1694837639705 0.0 132000
1694837672502 0.0 136000
1694837704991 0.0 140000
1694837737214 0.0 144000
1694837769129 0.0 148000
1694837801864 0.0 152000
1694837833905 0.0 156000
1694837867427 0.0 160000
1694837905368 0.0 164000
1694837938749 0.0 168000
1694837970999 0.0 172000
1694838004695 0.0 176000
1694838036837 0.0 180000
1694838068011 0.0 184000
1694838099383 0.0 188000
1694838130744 0.0 192000
1694838162162 0.0 196000
1694838192820 0.0 200000
1694838228744 0.0 204000
1694838260058 0.0 208000
1694838290860 0.0 212000
1694838322823 0.0 216000
1694838354423 0.0 220000
1694838385847 0.0 224000
1694838416973 0.0 228000
1694838447793 0.0 232000
1694838479724 0.0 236000
1694838511528 0.0 240000
1694838547257 0.0 244000
1694838579751 0.0 248000
1694838611758 0.0 252000
1694838643901 0.0 256000
1694838675248 0.0 260000
1694838706529 0.0 264000
1694838738372 0.0 268000
1694838771190 0.0 272000
1694838804025 0.0 276000
1694838837415 0.0 280000
1694838875033 0.0 284000
1694838908026 0.0 288000
1694838940975 0.0 292000
1694838973556 0.0 296000
1694839006626 0.0 300000
1694839038354 0.0 304000
1694839070133 0.0 308000
1694839101529 0.0 312000
1694839134533 0.0 316000
1694839166571 0.0 320000
1694839200566 0.0 324000
1694839232923 0.0 328000
1694839264657 0.0 332000
1694839297022 0.0 336000
1694839328200 0.0 340000
1694839359522 0.0 344000
1694839389602 0.0 348000
1694839420570 0.0 352000
1694839451857 0.0 356000
1694839482839 0.0 360000
1694839516087 0.0 364000
1694839547774 0.0 368000
1694839579242 0.0 372000
1694839611480 0.0 376000
1694839642568 0.0 380000
1694839674193 0.0 384000
1694839706544 0.0 388000
1694839739302 0.0 392000
1694839771125 0.0 396000
1694839803913 0.0 400000
1694839840360 0.0 404000
1694839873230 0.0 408000
1694839905941 0.0 412000
1694839938215 0.0 416000
1694839970929 0.0 420000
1694840002896 0.0 424000
1694840035632 0.0 428000
1694840067011 0.0 432000
1694840099403 0.0 436000
1694840132695 0.0 440000
1694840170440 0.0 444000
1694840204827 0.0 448000
1694840237099 0.0 452000
1694840270554 0.0 456000
1694840302574 0.0 460000
1694840335355 0.0 464000
1694840366102 0.0 468000
1694840399327 0.0 472000
1694840430347 0.0 476000
1694840462603 0.0 480000
1694840497820 0.0 484000
1694840529924 0.0 488000
1694840561773 0.0 492000
1694840593821 0.0 496000
1694840627284 0.0 500000
1694840658446 0.0 504000
1694840690001 0.0 508000
1694840720529 0.0 512000
1694840752143 0.0 516000
1694840783417 0.0 520000
1694840820483 0.0 524000
1694840855806 0.0 528000
1694840884936 0.0 532000
1694840911832 0.0 536000
1694840939990 0.0 540000
1694840966126 0.0 544000
1694840992972 0.0 548000
1694841019159 0.0 552000
1694841045788 0.0 556000
1694841073108 0.0 560000
1694841101801 0.0 564000
1694841128114 0.0 568000
1694841154594 0.0 572000
1694841181475 0.0 576000
