1694836625200 0.0 4000
1694836654099 0.0 8000
1694836682227 0.0 12000
1694836711950 0.0 16000
1694836741694 0.0 20000
1694836771150 0.0 24000
1694836802104 0.0 28000
1694836832389 0.0 32000
1694836863301 0.0 36000
1694836893162 0.0 40000
1694836927185 0.0 44000
1694836958453 0.0 48000
1694836990777 0.0 52000
1694837023837 0.0 56000
1694837056124 0.0 60000
1694837087098 0.0 64000
1694837118644 0.0 68000
1694837150817 0.0 72000
1694837182532 0.0 76000
1694837215551 0.0 80000
1694837250341 0.0 84000
1694837282750 0.0 88000
1694837314540 0.0 92000
1694837347004 0.0 96000
1694837379112 0.0 100000
1694837410580 0.0 104000
1694837442693 0.0 108000
1694837474361 0.0 112000
1694837506169 0.0 116000
1694837538567 0.0 120000
1694837573344 0.0 124000
1694837605841 0.0 128000
1694837639800 0.0 132000
1694837672647 0.0 136000
1694837705075 0.0 140000
1694837737310 0.0 144000
1694837769218 0.0 148000
1694837801945 0.0 152000
1694837833995 0.0 156000
1694837867505 0.0 160000
1694837905448 0.0 164000
1694837938823 0.0 168000
1694837971119 0.0 172000
1694838004771 0.0 176000
1694838036919 0.0 180000
1694838068075 0.0 184000
1694838099460 0.0 188000
1694838130819 0.0 192000
1694838162225 0.0 196000
1694838192885 0.0 200000
1694838228821 0.0 204000
1694838260125 0.0 208000
1694838290958 0.0 212000
1694838322896 0.0 216000
1694838354490 0.0 220000
1694838385916 0.0 224000
1694838417047 0.0 228000
1694838447872 0.0 232000
1694838479789 0.0 236000
1694838511658 0.0 240000
1694838547335 0.0 244000
1694838579830 0.0 248000
1694838611822 0.0 252000
1694838643968 0.0 256000
1694838675316 0.0 260000
1694838706600 0.0 264000
1694838738436 0.0 268000
1694838771262 0.0 272000
1694838804106 0.0 276000
1694838837493 0.0 280000
1694838875121 0.0 284000
1694838908104 0.0 288000
1694838941047 0.0 292000
1694838973633 0.0 296000
1694839006696 0.0 300000
1694839038433 0.0 304000
1694839070201 0.0 308000
1694839101596 0.0 312000
1694839134602 0.0 316000
1694839166639 0.0 320000
1694839200634 0.0 324000
1694839233073 0.0 328000
1694839264727 0.0 332000
1694839297091 0.0 336000
1694839328283 0.0 340000
1694839359586 0.0 344000
1694839389676 0.0 348000
1694839420638 0.0 352000
1694839451931 0.0 356000
1694839482911 0.0 360000
1694839516151 0.0 364000
1694839547838 0.0 368000
1694839579303 0.0 372000
1694839611552 0.0 376000
1694839642639 0.0 380000
1694839674260 0.0 384000
1694839706610 0.0 388000
1694839739368 0.0 392000
1694839771243 0.0 396000
1694839803996 0.0 400000
1694839840440 0.0 404000
1694839873293 0.0 408000
1694839906011 0.0 412000
1694839938301 0.0 416000
1694839971008 0.0 420000
1694840002963 0.0 424000
1694840035704 0.0 428000
1694840067095 0.0 432000
1694840099474 0.0 436000
1694840132834 0.0 440000
1694840170518 0.0 444000
1694840204892 0.0 448000
1694840237169 0.0 452000
1694840270631 0.0 456000
1694840302647 0.0 460000
1694840335427 0.0 464000
1694840366168 0.0 468000
1694840399399 0.0 472000
1694840430479 0.0 476000
1694840462681 0.0 480000
1694840497898 0.0 484000
1694840530012 0.0 488000
1694840561840 0.0 492000
1694840593898 0.0 496000
1694840627352 0.0 500000
1694840658518 0.0 504000
1694840690066 0.0 508000
1694840720603 0.0 512000
1694840752207 0.0 516000
1694840783484 0.0 520000
1694840820571 0.0 524000
1694840855877 0.0 528000
1694840885001 0.0 532000
1694840911951 0.0 536000
1694840940059 0.0 540000
1694840966197 0.0 544000
1694840993032 0.0 548000
1694841019219 0.0 552000
1694841045850 0.0 556000
1694841073180 0.0 560000
1694841101874 0.0 564000
1694841128186 0.0 568000
1694841154655 0.0 572000
1694841181578 0.0 576000
