1694836625088 0.0 4000
1694836654043 0.0 8000
1694836682161 0.0 12000
1694836711845 0.0 16000
1694836741632 0.0 20000
1694836771043 0.0 24000
1694836802032 0.0 28000
1694836832284 0.0 32000
1694836863238 0.0 36000
1694836893097 0.0 40000
1694836927111 0.0 44000
1694836958388 0.0 48000
1694836990703 0.0 52000
1694837023753 0.0 56000
1694837056059 0.0 60000
1694837087028 0.0 64000
1694837118576 0.0 68000
1694837150740 0.0 72000
1694837182467 0.0 76000
1694837215468 0.0 80000
1694837250230 0.0 84000
1694837282669 0.0 88000
1694837314469 0.0 92000
1694837346923 0.0 96000
1694837379021 0.0 100000
1694837410510 0.0 104000
1694837442621 0.0 108000
1694837474284 0.0 112000
1694837506109 0.0 116000
1694837538495 0.0 120000
1694837573269 0.0 124000
1694837605767 0.0 128000
1694837639718 0.0 132000
1694837672534 0.0 136000
1694837705003 0.0 140000
1694837737230 0.0 144000
1694837769141 0.0 148000
1694837801875 0.0 152000
1694837833920 0.0 156000
1694837867438 0.0 160000
1694837905378 0.0 164000
1694837938760 0.0 168000
1694837971009 0.0 172000
1694838004706 0.0 176000
1694838036853 0.0 180000
1694838068019 0.0 184000
1694838099396 0.0 188000
1694838130753 0.0 192000
1694838162171 0.0 196000
1694838192828 0.0 200000
1694838228753 0.0 204000
1694838260070 0.0 208000
1694838290870 0.0 212000
1694838322832 0.0 216000
1694838354432 0.0 220000
1694838385855 0.0 224000
1694838416982 0.0 228000
1694838447803 0.0 232000
1694838479733 0.0 236000
1694838511556 0.0 240000
1694838547269 0.0 244000
1694838579764 0.0 248000
1694838611767 0.0 252000
1694838643912 0.0 256000
1694838675257 0.0 260000
1694838706537 0.0 264000
1694838738382 0.0 268000
1694838771198 0.0 272000
1694838804036 0.0 276000
1694838837428 0.0 280000
1694838875045 0.0 284000
1694838908041 0.0 288000
1694838940988 0.0 292000
1694838973570 0.0 296000
1694839006635 0.0 300000
1694839038365 0.0 304000
1694839070141 0.0 308000
1694839101539 0.0 312000
1694839134543 0.0 316000
1694839166584 0.0 320000
1694839200578 0.0 324000
1694839232934 0.0 328000
1694839264671 0.0 332000
1694839297032 0.0 336000
1694839328210 0.0 340000
1694839359530 0.0 344000
1694839389611 0.0 348000
1694839420579 0.0 352000
1694839451866 0.0 356000
1694839482848 0.0 360000
1694839516097 0.0 364000
1694839547783 0.0 368000
1694839579250 0.0 372000
1694839611488 0.0 376000
1694839642577 0.0 380000
1694839674202 0.0 384000
1694839706553 0.0 388000
1694839739311 0.0 392000
1694839771137 0.0 396000
1694839803926 0.0 400000
1694839840373 0.0 404000
1694839873239 0.0 408000
1694839905950 0.0 412000
1694839938229 0.0 416000
1694839970942 0.0 420000
1694840002905 0.0 424000
1694840035642 0.0 428000
1694840067019 0.0 432000
1694840099412 0.0 436000
1694840132724 0.0 440000
1694840170452 0.0 444000
1694840204836 0.0 448000
1694840237108 0.0 452000
1694840270562 0.0 456000
1694840302583 0.0 460000
1694840335365 0.0 464000
1694840366111 0.0 468000
1694840399336 0.0 472000
1694840430374 0.0 476000
1694840462614 0.0 480000
1694840497833 0.0 484000
1694840529938 0.0 488000
1694840561783 0.0 492000
1694840593832 0.0 496000
1694840627294 0.0 500000
1694840658459 0.0 504000
1694840690010 0.0 508000
1694840720537 0.0 512000
1694840752151 0.0 516000
1694840783425 0.0 520000
1694840820501 0.0 524000
1694840855816 0.0 528000
1694840884943 0.0 532000
1694840911843 0.0 536000
1694840940002 0.0 540000
1694840966134 0.0 544000
1694840992980 0.0 548000
1694841019168 0.0 552000
1694841045800 0.0 556000
1694841073119 0.0 560000
1694841101816 0.0 564000
1694841128125 0.0 568000
1694841154602 0.0 572000
1694841181498 0.0 576000
