1694836625192 1.0 4000
1694836654093 1.0 8000
1694836682221 1.0 12000
1694836711943 1.0 16000
1694836741684 1.0 20000
1694836771143 1.0 24000
1694836802097 1.0 28000
1694836832382 1.0 32000
1694836863294 1.0 36000
1694836893155 1.0 40000
1694836927177 1.0 44000
1694836958446 1.0 48000
1694836990767 1.0 52000
1694837023827 1.0 56000
1694837056118 1.0 60000
1694837087086 1.0 64000
1694837118634 1.0 68000
1694837150811 1.0 72000
1694837182523 1.0 76000
1694837215539 1.0 80000
1694837250333 1.0 84000
1694837282738 1.0 88000
1694837314533 1.0 92000
1694837346993 1.0 96000
1694837379104 1.0 100000
1694837410570 1.0 104000
1694837442682 1.0 108000
1694837474352 1.0 112000
1694837506162 1.0 116000
1694837538560 1.0 120000
1694837573337 1.0 124000
1694837605831 1.0 128000
1694837639789 1.0 132000
1694837672639 1.0 136000
1694837705069 1.0 140000
1694837737298 1.0 144000
1694837769207 1.0 148000
1694837801937 1.0 152000
1694837833983 1.0 156000
1694837867498 1.0 160000
1694837905441 1.0 164000
1694837938817 1.0 168000
1694837971106 1.0 172000
1694838004764 1.0 176000
1694838036913 1.0 180000
1694838068069 1.0 184000
1694838099454 1.0 188000
1694838130812 1.0 192000
1694838162219 1.0 196000
1694838192879 1.0 200000
1694838228814 1.0 204000
1694838260119 1.0 208000
1694838290952 1.0 212000
1694838322888 1.0 216000
1694838354484 1.0 220000
1694838385910 1.0 224000
1694838417038 1.0 228000
1694838447866 1.0 232000
1694838479783 1.0 236000
1694838511651 1.0 240000
1694838547328 1.0 244000
1694838579824 1.0 248000
1694838611816 1.0 252000
1694838643960 1.0 256000
1694838675309 1.0 260000
1694838706593 1.0 264000
1694838738429 1.0 268000
1694838771252 1.0 272000
1694838804098 1.0 276000
1694838837486 1.0 280000
1694838875108 1.0 284000
1694838908098 1.0 288000
1694838941040 1.0 292000
1694838973627 1.0 296000
1694839006690 1.0 300000
1694839038426 1.0 304000
1694839070195 1.0 308000
1694839101590 1.0 312000
1694839134596 1.0 316000
1694839166633 1.0 320000
1694839200628 1.0 324000
1694839233060 1.0 328000
1694839264721 1.0 332000
1694839297085 1.0 336000
1694839328275 1.0 340000
1694839359580 1.0 344000
1694839389670 1.0 348000
1694839420632 1.0 352000
1694839451924 1.0 356000
1694839482904 1.0 360000
1694839516145 1.0 364000
1694839547832 1.0 368000
1694839579297 1.0 372000
1694839611545 1.0 376000
1694839642633 1.0 380000
1694839674254 1.0 384000
1694839706604 1.0 388000
1694839739360 1.0 392000
1694839771232 1.0 396000
1694839803989 1.0 400000
1694839840433 1.0 404000
1694839873287 1.0 408000
1694839906005 1.0 412000
1694839938290 1.0 416000
1694839971002 1.0 420000
1694840002957 1.0 424000
1694840035698 1.0 428000
1694840067086 1.0 432000
1694840099466 1.0 436000
1694840132826 1.0 440000
1694840170511 1.0 444000
1694840204885 1.0 448000
1694840237163 1.0 452000
1694840270621 1.0 456000
1694840302641 1.0 460000
1694840335420 1.0 464000
1694840366161 1.0 468000
1694840399392 1.0 472000
1694840430453 1.0 476000
1694840462672 1.0 480000
1694840497891 1.0 484000
1694840530004 1.0 488000
1694840561834 1.0 492000
1694840593890 1.0 496000
1694840627346 1.0 500000
1694840658512 1.0 504000
1694840690060 1.0 508000
1694840720597 1.0 512000
1694840752200 1.0 516000
1694840783477 1.0 520000
1694840820565 1.0 524000
1694840855871 1.0 528000
1694840884995 1.0 532000
1694840911944 1.0 536000
1694840940051 1.0 540000
1694840966189 1.0 544000
1694840993027 1.0 548000
1694841019213 1.0 552000
1694841045841 1.0 556000
1694841073174 1.0 560000
1694841101868 1.0 564000
1694841128181 1.0 568000
1694841154649 1.0 572000
1694841181571 1.0 576000
