1694836625254 128.0 4000
1694836654126 128.0 8000
1694836682248 128.0 12000
1694836711996 128.0 16000
1694836741721 128.0 20000
1694836771196 128.0 24000
1694836802131 128.0 28000
1694836832435 128.0 32000
1694836863326 128.0 36000
1694836893195 128.0 40000
1694836927210 128.0 44000
1694836958473 128.0 48000
1694836990806 128.0 52000
1694837023867 128.0 56000
1694837056151 128.0 60000
1694837087121 128.0 64000
1694837118668 128.0 68000
1694837150841 128.0 72000
1694837182560 128.0 76000
1694837215580 128.0 80000
1694837250389 128.0 84000
1694837282774 128.0 88000
1694837314569 128.0 92000
1694837347026 128.0 96000
1694837379137 128.0 100000
1694837410610 128.0 104000
1694837442721 128.0 108000
1694837474388 128.0 112000
1694837506201 128.0 116000
1694837538594 128.0 120000
1694837573374 128.0 124000
1694837605869 128.0 128000
1694837639830 128.0 132000
1694837672697 128.0 136000
1694837705110 128.0 140000
1694837737340 128.0 144000
1694837769244 128.0 148000
1694837801977 128.0 152000
1694837834026 128.0 156000
1694837867534 128.0 160000
1694837905480 128.0 164000
1694837938851 128.0 168000
1694837971165 128.0 172000
1694838004792 128.0 176000
1694838036941 128.0 180000
1694838068097 128.0 184000
1694838099480 128.0 188000
1694838130842 128.0 192000
1694838162246 128.0 196000
1694838192909 128.0 200000
1694838228843 128.0 204000
1694838260149 128.0 208000
1694838291005 128.0 212000
1694838322925 128.0 216000
1694838354518 128.0 220000
1694838385937 128.0 224000
1694838417075 128.0 228000
1694838447893 128.0 232000
1694838479813 128.0 236000
1694838511706 128.0 240000
1694838547360 128.0 244000
1694838579851 128.0 248000
1694838611844 128.0 252000
1694838643989 128.0 256000
1694838675338 128.0 260000
1694838706630 128.0 264000
1694838738459 128.0 268000
1694838771284 128.0 272000
1694838804130 128.0 276000
1694838837520 128.0 280000
1694838875145 128.0 284000
1694838908177 128.0 288000
1694838941073 128.0 292000
1694838973655 128.0 296000
1694839006718 128.0 300000
1694839038455 128.0 304000
1694839070226 128.0 308000
1694839101622 128.0 312000
1694839134628 128.0 316000
1694839166661 128.0 320000
1694839200655 128.0 324000
1694839233119 128.0 328000
1694839264747 128.0 332000
1694839297115 128.0 336000
1694839328308 128.0 340000
1694839359609 128.0 344000
1694839389695 128.0 348000
1694839420663 128.0 352000
1694839451951 128.0 356000
1694839482942 128.0 360000
1694839516178 128.0 364000
1694839547858 128.0 368000
1694839579328 128.0 372000
1694839611573 128.0 376000
1694839642659 128.0 380000
1694839674291 128.0 384000
1694839706634 128.0 388000
1694839739394 128.0 392000
1694839771293 128.0 396000
1694839804017 128.0 400000
1694839840464 128.0 404000
1694839873313 128.0 408000
1694839906040 128.0 412000
1694839938329 128.0 416000
1694839971030 128.0 420000
1694840002989 128.0 424000
1694840035725 128.0 428000
1694840067116 128.0 432000
1694840099498 128.0 436000
1694840132883 128.0 440000
1694840170546 128.0 444000
1694840204915 128.0 448000
1694840237193 128.0 452000
1694840270659 128.0 456000
1694840302668 128.0 460000
1694840335449 128.0 464000
1694840366193 128.0 468000
1694840399419 128.0 472000
1694840430528 128.0 476000
1694840462711 128.0 480000
1694840497921 128.0 484000
1694840530039 128.0 488000
1694840561862 128.0 492000
1694840593922 128.0 496000
1694840627373 128.0 500000
1694840658542 128.0 504000
1694840690087 128.0 508000
1694840720622 128.0 512000
1694840752232 128.0 516000
1694840783509 128.0 520000
1694840820597 128.0 524000
1694840855905 128.0 528000
1694840885027 128.0 532000
1694840911999 128.0 536000
1694840940080 128.0 540000
1694840966223 128.0 544000
1694840993051 128.0 548000
1694841019243 128.0 552000
1694841045877 128.0 556000
1694841073205 128.0 560000
1694841101899 128.0 564000
1694841128206 128.0 568000
1694841154679 128.0 572000
1694841181604 128.0 576000
