1694836625259 1.0 4000
1694836654129 1.0 8000
1694836682251 1.0 12000
1694836711999 1.0 16000
1694836741723 1.0 20000
1694836771198 1.0 24000
1694836802134 1.0 28000
1694836832437 1.0 32000
1694836863328 1.0 36000
1694836893197 1.0 40000
1694836927213 1.0 44000
1694836958475 1.0 48000
1694836990808 1.0 52000
1694837023875 1.0 56000
1694837056154 1.0 60000
1694837087125 1.0 64000
1694837118693 1.0 68000
1694837150845 1.0 72000
1694837182562 1.0 76000
1694837215584 1.0 80000
1694837250394 1.0 84000
1694837282778 1.0 88000
1694837314571 1.0 92000
1694837347029 1.0 96000
1694837379140 1.0 100000
1694837410613 1.0 104000
1694837442724 1.0 108000
1694837474391 1.0 112000
1694837506206 1.0 116000
1694837538597 1.0 120000
1694837573376 1.0 124000
1694837605871 1.0 128000
1694837639834 1.0 132000
1694837672701 1.0 136000
1694837705114 1.0 140000
1694837737343 1.0 144000
1694837769248 1.0 148000
1694837801979 1.0 152000
1694837834028 1.0 156000
1694837867539 1.0 160000
1694837905483 1.0 164000
1694837938854 1.0 168000
1694837971186 1.0 172000
1694838004795 1.0 176000
1694838036944 1.0 180000
1694838068101 1.0 184000
1694838099483 1.0 188000
1694838130845 1.0 192000
1694838162250 1.0 196000
1694838192912 1.0 200000
1694838228847 1.0 204000
1694838260152 1.0 208000
1694838291007 1.0 212000
1694838322927 1.0 216000
1694838354521 1.0 220000
1694838385939 1.0 224000
1694838417077 1.0 228000
1694838447895 1.0 232000
1694838479815 1.0 236000
1694838511709 1.0 240000
1694838547363 1.0 244000
1694838579855 1.0 248000
1694838611847 1.0 252000
1694838643991 1.0 256000
1694838675340 1.0 260000
1694838706633 1.0 264000
1694838738462 1.0 268000
1694838771287 1.0 272000
1694838804133 1.0 276000
1694838837523 1.0 280000
1694838875148 1.0 284000
1694838908182 1.0 288000
1694838941075 1.0 292000
1694838973658 1.0 296000
1694839006721 1.0 300000
1694839038458 1.0 304000
1694839070228 1.0 308000
1694839101624 1.0 312000
1694839134631 1.0 316000
1694839166665 1.0 320000
1694839200658 1.0 324000
1694839233124 1.0 328000
1694839264750 1.0 332000
1694839297118 1.0 336000
1694839328311 1.0 340000
1694839359612 1.0 344000
1694839389698 1.0 348000
1694839420667 1.0 352000
1694839451953 1.0 356000
1694839482944 1.0 360000
1694839516180 1.0 364000
1694839547860 1.0 368000
1694839579330 1.0 372000
1694839611575 1.0 376000
1694839642661 1.0 380000
1694839674294 1.0 384000
1694839706636 1.0 388000
1694839739397 1.0 392000
1694839771314 1.0 396000
1694839804019 1.0 400000
1694839840466 1.0 404000
1694839873316 1.0 408000
1694839906043 1.0 412000
1694839938333 1.0 416000
1694839971032 1.0 420000
1694840002992 1.0 424000
1694840035730 1.0 428000
1694840067119 1.0 432000
1694840099501 1.0 436000
1694840132886 1.0 440000
1694840170550 1.0 444000
1694840204918 1.0 448000
1694840237196 1.0 452000
1694840270661 1.0 456000
1694840302670 1.0 460000
1694840335452 1.0 464000
1694840366195 1.0 468000
1694840399421 1.0 472000
1694840430532 1.0 476000
1694840462713 1.0 480000
1694840497923 1.0 484000
1694840530042 1.0 488000
1694840561864 1.0 492000
1694840593924 1.0 496000
1694840627375 1.0 500000
1694840658545 1.0 504000
1694840690090 1.0 508000
1694840720625 1.0 512000
1694840752235 1.0 516000
1694840783512 1.0 520000
1694840820600 1.0 524000
1694840855909 1.0 528000
1694840885030 1.0 532000
1694840912003 1.0 536000
1694840940083 1.0 540000
1694840966225 1.0 544000
1694840993053 1.0 548000
1694841019247 1.0 552000
1694841045880 1.0 556000
1694841073210 1.0 560000
1694841101902 1.0 564000
1694841128211 1.0 568000
1694841154681 1.0 572000
1694841181607 1.0 576000
