1694836625137 0.0 4000
1694836654069 0.0 8000
1694836682187 0.0 12000
1694836711892 0.0 16000
1694836741652 0.0 20000
1694836771091 0.0 24000
1694836802063 0.0 28000
1694836832331 0.0 32000
1694836863262 0.0 36000
1694836893120 0.0 40000
1694836927144 0.0 44000
1694836958415 0.0 48000
1694836990732 0.0 52000
1694837023784 0.0 56000
1694837056085 0.0 60000
1694837087055 0.0 64000
1694837118607 0.0 68000
1694837150767 0.0 72000
1694837182490 0.0 76000
1694837215502 0.0 80000
1694837250278 0.0 84000
1694837282706 0.0 88000
1694837314501 0.0 92000
1694837346958 0.0 96000
1694837379068 0.0 100000
1694837410538 0.0 104000
1694837442651 0.0 108000
1694837474315 0.0 112000
1694837506130 0.0 116000
1694837538522 0.0 120000
1694837573299 0.0 124000
1694837605797 0.0 128000
1694837639748 0.0 132000
1694837672583 0.0 136000
1694837705029 0.0 140000
1694837737260 0.0 144000
1694837769173 0.0 148000
1694837801903 0.0 152000
1694837833950 0.0 156000
1694837867467 0.0 160000
1694837905411 0.0 164000
1694837938783 0.0 168000
1694837971055 0.0 172000
1694838004728 0.0 176000
1694838036880 0.0 180000
1694838068040 0.0 184000
1694838099424 0.0 188000
1694838130779 0.0 192000
1694838162191 0.0 196000
1694838192854 0.0 200000
1694838228782 0.0 204000
1694838260091 0.0 208000
1694838290895 0.0 212000
1694838322859 0.0 216000
1694838354458 0.0 220000
1694838385882 0.0 224000
1694838417005 0.0 228000
1694838447834 0.0 232000
1694838479756 0.0 236000
1694838511598 0.0 240000
1694838547292 0.0 244000
1694838579792 0.0 248000
1694838611790 0.0 252000
1694838643933 0.0 256000
1694838675278 0.0 260000
1694838706564 0.0 264000
1694838738404 0.0 268000
1694838771226 0.0 272000
1694838804060 0.0 276000
1694838837452 0.0 280000
1694838875075 0.0 284000
1694838908070 0.0 288000
1694838941011 0.0 292000
1694838973593 0.0 296000
1694839006656 0.0 300000
1694839038392 0.0 304000
1694839070164 0.0 308000
1694839101563 0.0 312000
1694839134568 0.0 316000
1694839166604 0.0 320000
1694839200601 0.0 324000
1694839232987 0.0 328000
1694839264696 0.0 332000
1694839297052 0.0 336000
1694839328242 0.0 340000
1694839359554 0.0 344000
1694839389645 0.0 348000
1694839420605 0.0 352000
1694839451894 0.0 356000
1694839482874 0.0 360000
1694839516119 0.0 364000
1694839547803 0.0 368000
1694839579272 0.0 372000
1694839611515 0.0 376000
1694839642604 0.0 380000
1694839674229 0.0 384000
1694839706580 0.0 388000
1694839739334 0.0 392000
1694839771181 0.0 396000
1694839803952 0.0 400000
1694839840398 0.0 404000
1694839873260 0.0 408000
1694839905973 0.0 412000
1694839938254 0.0 416000
1694839970964 0.0 420000
1694840002930 0.0 424000
1694840035663 0.0 428000
1694840067052 0.0 432000
1694840099438 0.0 436000
1694840132753 0.0 440000
1694840170478 0.0 444000
1694840204859 0.0 448000
1694840237136 0.0 452000
1694840270591 0.0 456000
1694840302610 0.0 460000
1694840335393 0.0 464000
1694840366136 0.0 468000
1694840399363 0.0 472000
1694840430401 0.0 476000
1694840462641 0.0 480000
1694840497859 0.0 484000
1694840529966 0.0 488000
1694840561804 0.0 492000
1694840593860 0.0 496000
1694840627317 0.0 500000
1694840658483 0.0 504000
1694840690030 0.0 508000
1694840720567 0.0 512000
1694840752175 0.0 516000
1694840783452 0.0 520000
1694840820530 0.0 524000
1694840855840 0.0 528000
1694840884968 0.0 532000
1694840911890 0.0 536000
1694840940027 0.0 540000
1694840966160 0.0 544000
1694840992999 0.0 548000
1694841019187 0.0 552000
1694841045819 0.0 556000
1694841073141 0.0 560000
1694841101835 0.0 564000
1694841128148 0.0 568000
1694841154626 0.0 572000
1694841181532 0.0 576000
