1694836625240 1.0 4000
1694836654118 1.0 8000
1694836682240 1.0 12000
1694836711986 1.0 16000
1694836741708 1.0 20000
1694836771186 1.0 24000
1694836802123 1.0 28000
1694836832425 1.0 32000
1694836863315 1.0 36000
1694836893180 1.0 40000
1694836927202 1.0 44000
1694836958465 1.0 48000
1694836990796 1.0 52000
1694837023856 1.0 56000
1694837056137 1.0 60000
1694837087111 1.0 64000
1694837118659 1.0 68000
1694837150830 1.0 72000
1694837182550 1.0 76000
1694837215565 1.0 80000
1694837250378 1.0 84000
1694837282764 1.0 88000
1694837314560 1.0 92000
1694837347018 1.0 96000
1694837379125 1.0 100000
1694837410597 1.0 104000
1694837442712 1.0 108000
1694837474374 1.0 112000
1694837506188 1.0 116000
1694837538584 1.0 120000
1694837573364 1.0 124000
1694837605859 1.0 128000
1694837639819 1.0 132000
1694837672686 1.0 136000
1694837705094 1.0 140000
1694837737331 1.0 144000
1694837769231 1.0 148000
1694837801968 1.0 152000
1694837834015 1.0 156000
1694837867525 1.0 160000
1694837905470 1.0 164000
1694837938836 1.0 168000
1694837971151 1.0 172000
1694838004784 1.0 176000
1694838036932 1.0 180000
1694838068086 1.0 184000
1694838099472 1.0 188000
1694838130833 1.0 192000
1694838162238 1.0 196000
1694838192900 1.0 200000
1694838228834 1.0 204000
1694838260137 1.0 208000
1694838290994 1.0 212000
1694838322914 1.0 216000
1694838354509 1.0 220000
1694838385928 1.0 224000
1694838417066 1.0 228000
1694838447884 1.0 232000
1694838479804 1.0 236000
1694838511695 1.0 240000
1694838547348 1.0 244000
1694838579843 1.0 248000
1694838611835 1.0 252000
1694838643980 1.0 256000
1694838675328 1.0 260000
1694838706616 1.0 264000
1694838738449 1.0 268000
1694838771276 1.0 272000
1694838804119 1.0 276000
1694838837511 1.0 280000
1694838875136 1.0 284000
1694838908125 1.0 288000
1694838941064 1.0 292000
1694838973645 1.0 296000
1694839006708 1.0 300000
1694839038446 1.0 304000
1694839070216 1.0 308000
1694839101610 1.0 312000
1694839134619 1.0 316000
1694839166651 1.0 320000
1694839200646 1.0 324000
1694839233106 1.0 328000
1694839264739 1.0 332000
1694839297103 1.0 336000
1694839328298 1.0 340000
1694839359600 1.0 344000
1694839389688 1.0 348000
1694839420653 1.0 352000
1694839451943 1.0 356000
1694839482931 1.0 360000
1694839516164 1.0 364000
1694839547850 1.0 368000
1694839579317 1.0 372000
1694839611564 1.0 376000
1694839642651 1.0 380000
1694839674279 1.0 384000
1694839706625 1.0 388000
1694839739385 1.0 392000
1694839771279 1.0 396000
1694839804008 1.0 400000
1694839840454 1.0 404000
1694839873305 1.0 408000
1694839906025 1.0 412000
1694839938314 1.0 416000
1694839971021 1.0 420000
1694840002978 1.0 424000
1694840035716 1.0 428000
1694840067108 1.0 432000
1694840099490 1.0 436000
1694840132872 1.0 440000
1694840170532 1.0 444000
1694840204906 1.0 448000
1694840237184 1.0 452000
1694840270648 1.0 456000
1694840302659 1.0 460000
1694840335440 1.0 464000
1694840366183 1.0 468000
1694840399411 1.0 472000
1694840430494 1.0 476000
1694840462699 1.0 480000
1694840497912 1.0 484000
1694840530025 1.0 488000
1694840561852 1.0 492000
1694840593913 1.0 496000
1694840627364 1.0 500000
1694840658529 1.0 504000
1694840690078 1.0 508000
1694840720614 1.0 512000
1694840752222 1.0 516000
1694840783501 1.0 520000
1694840820584 1.0 524000
1694840855893 1.0 528000
1694840885019 1.0 532000
1694840911987 1.0 536000
1694840940073 1.0 540000
1694840966214 1.0 544000
1694840993043 1.0 548000
1694841019231 1.0 552000
1694841045869 1.0 556000
1694841073196 1.0 560000
1694841101885 1.0 564000
1694841128198 1.0 568000
1694841154672 1.0 572000
1694841181592 1.0 576000
