1694836625244 -1.0 4000
1694836654120 -1.0 8000
1694836682243 -1.0 12000
1694836711989 -1.0 16000
1694836741713 -1.0 20000
1694836771189 -1.0 24000
1694836802125 -1.0 28000
1694836832428 -1.0 32000
1694836863319 -1.0 36000
1694836893184 -1.0 40000
1694836927204 -1.0 44000
1694836958467 -1.0 48000
1694836990799 -1.0 52000
1694837023858 -1.0 56000
1694837056142 -1.0 60000
1694837087113 -1.0 64000
1694837118661 -1.0 68000
1694837150833 -1.0 72000
1694837182553 -1.0 76000
1694837215568 -1.0 80000
1694837250381 -1.0 84000
1694837282767 -1.0 88000
1694837314562 -1.0 92000
1694837347020 -1.0 96000
1694837379128 -1.0 100000
1694837410602 -1.0 104000
1694837442715 -1.0 108000
1694837474378 -1.0 112000
1694837506191 -1.0 116000
1694837538588 -1.0 120000
1694837573367 -1.0 124000
1694837605862 -1.0 128000
1694837639822 -1.0 132000
1694837672689 -1.0 136000
1694837705099 -1.0 140000
1694837737334 -1.0 144000
1694837769234 -1.0 148000
1694837801970 -1.0 152000
1694837834019 -1.0 156000
1694837867527 -1.0 160000
1694837905473 -1.0 164000
1694837938840 -1.0 168000
1694837971154 -1.0 172000
1694838004786 -1.0 176000
1694838036934 -1.0 180000
1694838068089 -1.0 184000
1694838099474 -1.0 188000
1694838130836 -1.0 192000
1694838162240 -1.0 196000
1694838192903 -1.0 200000
1694838228837 -1.0 204000
1694838260140 -1.0 208000
1694838290998 -1.0 212000
1694838322917 -1.0 216000
1694838354511 -1.0 220000
1694838385931 -1.0 224000
1694838417068 -1.0 228000
1694838447887 -1.0 232000
1694838479806 -1.0 236000
1694838511698 -1.0 240000
1694838547351 -1.0 244000
1694838579845 -1.0 248000
1694838611838 -1.0 252000
1694838643982 -1.0 256000
1694838675331 -1.0 260000
1694838706619 -1.0 264000
1694838738452 -1.0 268000
1694838771278 -1.0 272000
1694838804122 -1.0 276000
1694838837514 -1.0 280000
1694838875138 -1.0 284000
1694838908130 -1.0 288000
1694838941066 -1.0 292000
1694838973648 -1.0 296000
1694839006711 -1.0 300000
1694839038448 -1.0 304000
1694839070219 -1.0 308000
1694839101613 -1.0 312000
1694839134622 -1.0 316000
1694839166653 -1.0 320000
1694839200649 -1.0 324000
1694839233109 -1.0 328000
1694839264741 -1.0 332000
1694839297106 -1.0 336000
1694839328301 -1.0 340000
1694839359602 -1.0 344000
1694839389690 -1.0 348000
1694839420655 -1.0 352000
1694839451945 -1.0 356000
1694839482934 -1.0 360000
1694839516169 -1.0 364000
1694839547852 -1.0 368000
1694839579321 -1.0 372000
1694839611566 -1.0 376000
1694839642653 -1.0 380000
1694839674283 -1.0 384000
1694839706628 -1.0 388000
1694839739388 -1.0 392000
1694839771282 -1.0 396000
1694839804010 -1.0 400000
1694839840457 -1.0 404000
1694839873308 -1.0 408000
1694839906030 -1.0 412000
1694839938317 -1.0 416000
1694839971024 -1.0 420000
1694840002982 -1.0 424000
1694840035718 -1.0 428000
1694840067110 -1.0 432000
1694840099492 -1.0 436000
1694840132875 -1.0 440000
1694840170536 -1.0 444000
1694840204909 -1.0 448000
1694840237187 -1.0 452000
1694840270651 -1.0 456000
1694840302661 -1.0 460000
1694840335443 -1.0 464000
1694840366186 -1.0 468000
1694840399413 -1.0 472000
1694840430498 -1.0 476000
1694840462703 -1.0 480000
1694840497914 -1.0 484000
1694840530029 -1.0 488000
1694840561854 -1.0 492000
1694840593915 -1.0 496000
1694840627367 -1.0 500000
1694840658532 -1.0 504000
1694840690081 -1.0 508000
1694840720616 -1.0 512000
1694840752224 -1.0 516000
1694840783503 -1.0 520000
1694840820587 -1.0 524000
1694840855897 -1.0 528000
1694840885021 -1.0 532000
1694840911990 -1.0 536000
1694840940075 -1.0 540000
1694840966217 -1.0 544000
1694840993045 -1.0 548000
1694841019233 -1.0 552000
1694841045871 -1.0 556000
1694841073198 -1.0 560000
1694841101888 -1.0 564000
1694841128201 -1.0 568000
1694841154674 -1.0 572000
1694841181596 -1.0 576000
