1694836625096 1.0 4000
1694836654049 1.0 8000
1694836682170 1.0 12000
1694836711852 1.0 16000
1694836741639 1.0 20000
1694836771051 1.0 24000
1694836802040 1.0 28000
1694836832293 1.0 32000
1694836863247 1.0 36000
1694836893103 1.0 40000
1694836927122 1.0 44000
1694836958399 1.0 48000
1694836990708 1.0 52000
1694837023760 1.0 56000
1694837056067 1.0 60000
1694837087034 1.0 64000
1694837118585 1.0 68000
1694837150751 1.0 72000
1694837182475 1.0 76000
1694837215475 1.0 80000
1694837250237 1.0 84000
1694837282681 1.0 88000
1694837314478 1.0 92000
1694837346936 1.0 96000
1694837379031 1.0 100000
1694837410516 1.0 104000
1694837442628 1.0 108000
1694837474293 1.0 112000
1694837506115 1.0 116000
1694837538505 1.0 120000
1694837573275 1.0 124000
1694837605774 1.0 128000
1694837639725 1.0 132000
1694837672542 1.0 136000
1694837705014 1.0 140000
1694837737237 1.0 144000
1694837769151 1.0 148000
1694837801882 1.0 152000
1694837833926 1.0 156000
1694837867446 1.0 160000
1694837905385 1.0 164000
1694837938768 1.0 168000
1694837971018 1.0 172000
1694838004713 1.0 176000
1694838036864 1.0 180000
1694838068025 1.0 184000
1694838099406 1.0 188000
1694838130763 1.0 192000
1694838162177 1.0 196000
1694838192834 1.0 200000
1694838228765 1.0 204000
1694838260076 1.0 208000
1694838290879 1.0 212000
1694838322838 1.0 216000
1694838354438 1.0 220000
1694838385866 1.0 224000
1694838416988 1.0 228000
1694838447808 1.0 232000
1694838479739 1.0 236000
1694838511564 1.0 240000
1694838547276 1.0 244000
1694838579771 1.0 248000
1694838611773 1.0 252000
1694838643918 1.0 256000
1694838675263 1.0 260000
1694838706543 1.0 264000
1694838738389 1.0 268000
1694838771209 1.0 272000
1694838804042 1.0 276000
1694838837435 1.0 280000
1694838875054 1.0 284000
1694838908048 1.0 288000
1694838940995 1.0 292000
1694838973578 1.0 296000
1694839006641 1.0 300000
1694839038374 1.0 304000
1694839070147 1.0 308000
1694839101545 1.0 312000
1694839134549 1.0 316000
1694839166589 1.0 320000
1694839200587 1.0 324000
1694839232960 1.0 328000
1694839264680 1.0 332000
1694839297038 1.0 336000
1694839328222 1.0 340000
1694839359537 1.0 344000
1694839389623 1.0 348000
1694839420585 1.0 352000
1694839451872 1.0 356000
1694839482854 1.0 360000
1694839516103 1.0 364000
1694839547789 1.0 368000
1694839579256 1.0 372000
1694839611498 1.0 376000
1694839642587 1.0 380000
1694839674209 1.0 384000
1694839706559 1.0 388000
1694839739319 1.0 392000
1694839771145 1.0 396000
1694839803936 1.0 400000
1694839840381 1.0 404000
1694839873245 1.0 408000
1694839905956 1.0 412000
1694839938239 1.0 416000
1694839970949 1.0 420000
1694840002911 1.0 424000
1694840035648 1.0 428000
1694840067032 1.0 432000
1694840099418 1.0 436000
1694840132732 1.0 440000
1694840170461 1.0 444000
1694840204842 1.0 448000
1694840237114 1.0 452000
1694840270568 1.0 456000
1694840302591 1.0 460000
1694840335371 1.0 464000
1694840366117 1.0 468000
1694840399344 1.0 472000
1694840430382 1.0 476000
1694840462620 1.0 480000
1694840497842 1.0 484000
1694840529948 1.0 488000
1694840561789 1.0 492000
1694840593843 1.0 496000
1694840627300 1.0 500000
1694840658466 1.0 504000
1694840690015 1.0 508000
1694840720544 1.0 512000
1694840752159 1.0 516000
1694840783433 1.0 520000
1694840820510 1.0 524000
1694840855822 1.0 528000
1694840884953 1.0 532000
1694840911851 1.0 536000
1694840940012 1.0 540000
1694840966140 1.0 544000
1694840992986 1.0 548000
1694841019173 1.0 552000
1694841045806 1.0 556000
1694841073126 1.0 560000
1694841101821 1.0 564000
1694841128131 1.0 568000
1694841154607 1.0 572000
1694841181509 1.0 576000
