1694836625106 4000.0 4000
1694836654058 4000.0 8000
1694836682176 4000.0 12000
1694836711864 4000.0 16000
1694836741645 4000.0 20000
1694836771062 4000.0 24000
1694836802049 4000.0 28000
1694836832321 4000.0 32000
1694836863253 4000.0 36000
1694836893109 4000.0 40000
1694836927129 4000.0 44000
1694836958406 4000.0 48000
1694836990718 4000.0 52000
1694837023770 4000.0 56000
1694837056076 4000.0 60000
1694837087045 4000.0 64000
1694837118597 4000.0 68000
1694837150758 4000.0 72000
1694837182480 4000.0 76000
1694837215486 4000.0 80000
1694837250249 4000.0 84000
1694837282691 4000.0 88000
1694837314487 4000.0 92000
1694837346944 4000.0 96000
1694837379037 4000.0 100000
1694837410523 4000.0 104000
1694837442638 4000.0 108000
1694837474304 4000.0 112000
1694837506121 4000.0 116000
1694837538513 4000.0 120000
1694837573287 4000.0 124000
1694837605783 4000.0 128000
1694837639735 4000.0 132000
1694837672551 4000.0 136000
1694837705021 4000.0 140000
1694837737245 4000.0 144000
1694837769160 4000.0 148000
1694837801892 4000.0 152000
1694837833933 4000.0 156000
1694837867453 4000.0 160000
1694837905398 4000.0 164000
1694837938774 4000.0 168000
1694837971044 4000.0 172000
1694838004719 4000.0 176000
1694838036872 4000.0 180000
1694838068031 4000.0 184000
1694838099414 4000.0 188000
1694838130770 4000.0 192000
1694838162183 4000.0 196000
1694838192841 4000.0 200000
1694838228773 4000.0 204000
1694838260082 4000.0 208000
1694838290885 4000.0 212000
1694838322846 4000.0 216000
1694838354446 4000.0 220000
1694838385873 4000.0 224000
1694838416994 4000.0 228000
1694838447824 4000.0 232000
1694838479747 4000.0 236000
1694838511572 4000.0 240000
1694838547283 4000.0 244000
1694838579782 4000.0 248000
1694838611781 4000.0 252000
1694838643924 4000.0 256000
1694838675269 4000.0 260000
1694838706551 4000.0 264000
1694838738395 4000.0 268000
1694838771217 4000.0 272000
1694838804049 4000.0 276000
1694838837442 4000.0 280000
1694838875065 4000.0 284000
1694838908057 4000.0 288000
1694838941002 4000.0 292000
1694838973585 4000.0 296000
1694839006647 4000.0 300000
1694839038382 4000.0 304000
1694839070152 4000.0 308000
1694839101551 4000.0 312000
1694839134557 4000.0 316000
1694839166595 4000.0 320000
1694839200593 4000.0 324000
1694839232971 4000.0 328000
1694839264688 4000.0 332000
1694839297044 4000.0 336000
1694839328231 4000.0 340000
1694839359545 4000.0 344000
1694839389634 4000.0 348000
1694839420595 4000.0 352000
1694839451884 4000.0 356000
1694839482861 4000.0 360000
1694839516109 4000.0 364000
1694839547795 4000.0 368000
1694839579263 4000.0 372000
1694839611505 4000.0 376000
1694839642595 4000.0 380000
1694839674216 4000.0 384000
1694839706566 4000.0 388000
1694839739325 4000.0 392000
1694839771170 4000.0 396000
1694839803943 4000.0 400000
1694839840388 4000.0 404000
1694839873252 4000.0 408000
1694839905962 4000.0 412000
1694839938245 4000.0 416000
1694839970955 4000.0 420000
1694840002917 4000.0 424000
1694840035655 4000.0 428000
1694840067042 4000.0 432000
1694840099427 4000.0 436000
1694840132740 4000.0 440000
1694840170467 4000.0 444000
1694840204849 4000.0 448000
1694840237120 4000.0 452000
1694840270577 4000.0 456000
1694840302602 4000.0 460000
1694840335381 4000.0 464000
1694840366123 4000.0 468000
1694840399354 4000.0 472000
1694840430390 4000.0 476000
1694840462627 4000.0 480000
1694840497850 4000.0 484000
1694840529957 4000.0 488000
1694840561795 4000.0 492000
1694840593850 4000.0 496000
1694840627307 4000.0 500000
1694840658472 4000.0 504000
1694840690021 4000.0 508000
1694840720558 4000.0 512000
1694840752167 4000.0 516000
1694840783443 4000.0 520000
1694840820520 4000.0 524000
1694840855828 4000.0 528000
1694840884960 4000.0 532000
1694840911863 4000.0 536000
1694840940019 4000.0 540000
1694840966146 4000.0 544000
1694840992991 4000.0 548000
1694841019179 4000.0 552000
1694841045811 4000.0 556000
1694841073132 4000.0 560000
1694841101827 4000.0 564000
1694841128136 4000.0 568000
1694841154612 4000.0 572000
1694841181521 4000.0 576000
