1694836625249 1.0 4000
1694836654124 1.0 8000
1694836682246 1.0 12000
1694836711993 1.0 16000
1694836741718 1.0 20000
1694836771193 1.0 24000
1694836802129 1.0 28000
1694836832432 1.0 32000
1694836863323 1.0 36000
1694836893191 1.0 40000
1694836927208 1.0 44000
1694836958471 1.0 48000
1694836990803 1.0 52000
1694837023862 1.0 56000
1694837056148 1.0 60000
1694837087116 1.0 64000
1694837118665 1.0 68000
1694837150836 1.0 72000
1694837182558 1.0 76000
1694837215576 1.0 80000
1694837250386 1.0 84000
1694837282770 1.0 88000
1694837314566 1.0 92000
1694837347024 1.0 96000
1694837379135 1.0 100000
1694837410608 1.0 104000
1694837442718 1.0 108000
1694837474385 1.0 112000
1694837506196 1.0 116000
1694837538592 1.0 120000
1694837573371 1.0 124000
1694837605866 1.0 128000
1694837639826 1.0 132000
1694837672694 1.0 136000
1694837705105 1.0 140000
1694837737337 1.0 144000
1694837769240 1.0 148000
1694837801974 1.0 152000
1694837834023 1.0 156000
1694837867531 1.0 160000
1694837905477 1.0 164000
1694837938847 1.0 168000
1694837971160 1.0 172000
1694838004790 1.0 176000
1694838036938 1.0 180000
1694838068093 1.0 184000
1694838099478 1.0 188000
1694838130840 1.0 192000
1694838162244 1.0 196000
1694838192907 1.0 200000
1694838228840 1.0 204000
1694838260145 1.0 208000
1694838291002 1.0 212000
1694838322922 1.0 216000
1694838354516 1.0 220000
1694838385934 1.0 224000
1694838417072 1.0 228000
1694838447890 1.0 232000
1694838479810 1.0 236000
1694838511703 1.0 240000
1694838547355 1.0 244000
1694838579849 1.0 248000
1694838611841 1.0 252000
1694838643986 1.0 256000
1694838675335 1.0 260000
1694838706625 1.0 264000
1694838738457 1.0 268000
1694838771282 1.0 272000
1694838804127 1.0 276000
1694838837518 1.0 280000
1694838875142 1.0 284000
1694838908173 1.0 288000
1694838941070 1.0 292000
1694838973652 1.0 296000
1694839006715 1.0 300000
1694839038452 1.0 304000
1694839070223 1.0 308000
1694839101618 1.0 312000
1694839134626 1.0 316000
1694839166656 1.0 320000
1694839200652 1.0 324000
1694839233113 1.0 328000
1694839264745 1.0 332000
1694839297110 1.0 336000
1694839328305 1.0 340000
1694839359606 1.0 344000
1694839389693 1.0 348000
1694839420659 1.0 352000
1694839451949 1.0 356000
1694839482938 1.0 360000
1694839516175 1.0 364000
1694839547856 1.0 368000
1694839579326 1.0 372000
1694839611570 1.0 376000
1694839642657 1.0 380000
1694839674288 1.0 384000
1694839706632 1.0 388000
1694839739392 1.0 392000
1694839771288 1.0 396000
1694839804014 1.0 400000
1694839840461 1.0 404000
1694839873311 1.0 408000
1694839906037 1.0 412000
1694839938325 1.0 416000
1694839971027 1.0 420000
1694840002986 1.0 424000
1694840035722 1.0 428000
1694840067114 1.0 432000
1694840099496 1.0 436000
1694840132880 1.0 440000
1694840170543 1.0 444000
1694840204913 1.0 448000
1694840237191 1.0 452000
1694840270656 1.0 456000
1694840302665 1.0 460000
1694840335447 1.0 464000
1694840366190 1.0 468000
1694840399417 1.0 472000
1694840430506 1.0 476000
1694840462708 1.0 480000
1694840497918 1.0 484000
1694840530035 1.0 488000
1694840561859 1.0 492000
1694840593919 1.0 496000
1694840627370 1.0 500000
1694840658538 1.0 504000
1694840690084 1.0 508000
1694840720620 1.0 512000
1694840752228 1.0 516000
1694840783507 1.0 520000
1694840820593 1.0 524000
1694840855901 1.0 528000
1694840885025 1.0 532000
1694840911995 1.0 536000
1694840940078 1.0 540000
1694840966221 1.0 544000
1694840993049 1.0 548000
1694841019237 1.0 552000
1694841045875 1.0 556000
1694841073202 1.0 560000
1694841101894 1.0 564000
1694841128204 1.0 568000
1694841154677 1.0 572000
1694841181601 1.0 576000
