1694836625248 1.0 4000
1694836654123 1.0 8000
1694836682245 1.0 12000
1694836711991 1.0 16000
1694836741717 1.0 20000
1694836771192 1.0 24000
1694836802128 1.0 28000
1694836832430 1.0 32000
1694836863322 1.0 36000
1694836893189 1.0 40000
1694836927207 1.0 44000
1694836958470 1.0 48000
1694836990802 1.0 52000
1694837023861 1.0 56000
1694837056146 1.0 60000
1694837087115 1.0 64000
1694837118664 1.0 68000
1694837150835 1.0 72000
1694837182556 1.0 76000
1694837215573 1.0 80000
1694837250384 1.0 84000
1694837282769 1.0 88000
1694837314565 1.0 92000
1694837347023 1.0 96000
1694837379133 1.0 100000
1694837410606 1.0 104000
1694837442717 1.0 108000
1694837474383 1.0 112000
1694837506194 1.0 116000
1694837538590 1.0 120000
1694837573370 1.0 124000
1694837605865 1.0 128000
1694837639825 1.0 132000
1694837672693 1.0 136000
1694837705103 1.0 140000
1694837737336 1.0 144000
1694837769238 1.0 148000
1694837801973 1.0 152000
1694837834022 1.0 156000
1694837867530 1.0 160000
1694837905476 1.0 164000
1694837938845 1.0 168000
1694837971158 1.0 172000
1694838004789 1.0 176000
1694838036937 1.0 180000
1694838068091 1.0 184000
1694838099477 1.0 188000
1694838130838 1.0 192000
1694838162242 1.0 196000
1694838192906 1.0 200000
1694838228839 1.0 204000
1694838260143 1.0 208000
1694838291001 1.0 212000
1694838322920 1.0 216000
1694838354514 1.0 220000
1694838385933 1.0 224000
1694838417071 1.0 228000
1694838447889 1.0 232000
1694838479809 1.0 236000
1694838511702 1.0 240000
1694838547354 1.0 244000
1694838579848 1.0 248000
1694838611840 1.0 252000
1694838643985 1.0 256000
1694838675334 1.0 260000
1694838706623 1.0 264000
1694838738455 1.0 268000
1694838771281 1.0 272000
1694838804126 1.0 276000
1694838837516 1.0 280000
1694838875141 1.0 284000
1694838908170 1.0 288000
1694838941069 1.0 292000
1694838973650 1.0 296000
1694839006713 1.0 300000
1694839038451 1.0 304000
1694839070222 1.0 308000
1694839101616 1.0 312000
1694839134624 1.0 316000
1694839166655 1.0 320000
1694839200651 1.0 324000
1694839233112 1.0 328000
1694839264744 1.0 332000
1694839297108 1.0 336000
1694839328304 1.0 340000
1694839359605 1.0 344000
1694839389692 1.0 348000
1694839420657 1.0 352000
1694839451947 1.0 356000
1694839482937 1.0 360000
1694839516173 1.0 364000
1694839547854 1.0 368000
1694839579325 1.0 372000
1694839611569 1.0 376000
1694839642655 1.0 380000
1694839674287 1.0 384000
1694839706631 1.0 388000
1694839739390 1.0 392000
1694839771286 1.0 396000
1694839804013 1.0 400000
1694839840460 1.0 404000
1694839873310 1.0 408000
1694839906035 1.0 412000
1694839938322 1.0 416000
1694839971026 1.0 420000
1694840002985 1.0 424000
1694840035721 1.0 428000
1694840067113 1.0 432000
1694840099495 1.0 436000
1694840132878 1.0 440000
1694840170540 1.0 444000
1694840204911 1.0 448000
1694840237190 1.0 452000
1694840270655 1.0 456000
1694840302664 1.0 460000
1694840335445 1.0 464000
1694840366189 1.0 468000
1694840399415 1.0 472000
1694840430503 1.0 476000
1694840462707 1.0 480000
1694840497917 1.0 484000
1694840530033 1.0 488000
1694840561857 1.0 492000
1694840593918 1.0 496000
1694840627369 1.0 500000
1694840658536 1.0 504000
1694840690083 1.0 508000
1694840720618 1.0 512000
1694840752227 1.0 516000
1694840783506 1.0 520000
1694840820590 1.0 524000
1694840855900 1.0 528000
1694840885024 1.0 532000
1694840911994 1.0 536000
1694840940077 1.0 540000
1694840966219 1.0 544000
1694840993047 1.0 548000
1694841019235 1.0 552000
1694841045874 1.0 556000
1694841073201 1.0 560000
1694841101892 1.0 564000
1694841128203 1.0 568000
1694841154676 1.0 572000
1694841181599 1.0 576000
