1694836625285 10.0 4000
1694836654134 10.0 8000
1694836682260 10.0 12000
1694836712007 10.0 16000
1694836741728 10.0 20000
1694836771204 10.0 24000
1694836802140 10.0 28000
1694836832446 10.0 32000
1694836863335 10.0 36000
1694836893202 10.0 40000
1694836927223 10.0 44000
1694836958480 10.0 48000
1694836990815 10.0 52000
1694837023882 10.0 56000
1694837056159 10.0 60000
1694837087130 10.0 64000
1694837118700 10.0 68000
1694837150852 10.0 72000
1694837182567 10.0 76000
1694837215591 10.0 80000
1694837250420 10.0 84000
1694837282787 10.0 88000
1694837314578 10.0 92000
1694837347038 10.0 96000
1694837379147 10.0 100000
1694837410618 10.0 104000
1694837442734 10.0 108000
1694837474398 10.0 112000
1694837506212 10.0 116000
1694837538607 10.0 120000
1694837573384 10.0 124000
1694837605876 10.0 128000
1694837639843 10.0 132000
1694837672712 10.0 136000
1694837705119 10.0 140000
1694837737350 10.0 144000
1694837769255 10.0 148000
1694837801986 10.0 152000
1694837834033 10.0 156000
1694837867547 10.0 160000
1694837905490 10.0 164000
1694837938861 10.0 168000
1694837971194 10.0 172000
1694838004802 10.0 176000
1694838036949 10.0 180000
1694838068108 10.0 184000
1694838099488 10.0 188000
1694838130854 10.0 192000
1694838162256 10.0 196000
1694838192916 10.0 200000
1694838228856 10.0 204000
1694838260157 10.0 208000
1694838291013 10.0 212000
1694838322933 10.0 216000
1694838354526 10.0 220000
1694838385944 10.0 224000
1694838417082 10.0 228000
1694838447903 10.0 232000
1694838479821 10.0 236000
1694838511715 10.0 240000
1694838547370 10.0 244000
1694838579862 10.0 248000
1694838611852 10.0 252000
1694838643996 10.0 256000
1694838675345 10.0 260000
1694838706639 10.0 264000
1694838738466 10.0 268000
1694838771292 10.0 272000
1694838804138 10.0 276000
1694838837536 10.0 280000
1694838875154 10.0 284000
1694838908188 10.0 288000
1694838941081 10.0 292000
1694838973663 10.0 296000
1694839006726 10.0 300000
1694839038463 10.0 304000
1694839070233 10.0 308000
1694839101629 10.0 312000
1694839134636 10.0 316000
1694839166670 10.0 320000
1694839200667 10.0 324000
1694839233134 10.0 328000
1694839264755 10.0 332000
1694839297123 10.0 336000
1694839328316 10.0 340000
1694839359617 10.0 344000
1694839389702 10.0 348000
1694839420676 10.0 352000
1694839451958 10.0 356000
1694839482950 10.0 360000
1694839516185 10.0 364000
1694839547867 10.0 368000
1694839579335 10.0 372000
1694839611580 10.0 376000
1694839642667 10.0 380000
1694839674299 10.0 384000
1694839706641 10.0 388000
1694839739401 10.0 392000
1694839771321 10.0 396000
1694839804024 10.0 400000
1694839840474 10.0 404000
1694839873322 10.0 408000
1694839906048 10.0 412000
1694839938340 10.0 416000
1694839971037 10.0 420000
1694840002996 10.0 424000
1694840035738 10.0 428000
1694840067125 10.0 432000
1694840099506 10.0 436000
1694840132894 10.0 440000
1694840170556 10.0 444000
1694840204923 10.0 448000
1694840237201 10.0 452000
1694840270666 10.0 456000
1694840302675 10.0 460000
1694840335457 10.0 464000
1694840366200 10.0 468000
1694840399427 10.0 472000
1694840430538 10.0 476000
1694840462718 10.0 480000
1694840497929 10.0 484000
1694840530050 10.0 488000
1694840561869 10.0 492000
1694840593954 10.0 496000
1694840627383 10.0 500000
1694840658549 10.0 504000
1694840690096 10.0 508000
1694840720629 10.0 512000
1694840752240 10.0 516000
1694840783516 10.0 520000
1694840820608 10.0 524000
1694840855915 10.0 528000
1694840885035 10.0 532000
1694840912011 10.0 536000
1694840940092 10.0 540000
1694840966230 10.0 544000
1694840993059 10.0 548000
1694841019253 10.0 552000
1694841045884 10.0 556000
1694841073218 10.0 560000
1694841101908 10.0 564000
1694841128238 10.0 568000
1694841154686 10.0 572000
1694841181615 10.0 576000
