1694836625262 0.5 4000
1694836654130 0.5 8000
1694836682253 0.5 12000
1694836712000 0.5 16000
1694836741724 0.5 20000
1694836771199 0.5 24000
1694836802135 0.5 28000
1694836832439 0.5 32000
1694836863329 0.5 36000
1694836893199 0.5 40000
1694836927215 0.5 44000
1694836958477 0.5 48000
1694836990810 0.5 52000
1694837023877 0.5 56000
1694837056155 0.5 60000
1694837087126 0.5 64000
1694837118695 0.5 68000
1694837150848 0.5 72000
1694837182564 0.5 76000
1694837215586 0.5 80000
1694837250397 0.5 84000
1694837282781 0.5 88000
1694837314573 0.5 92000
1694837347031 0.5 96000
1694837379141 0.5 100000
1694837410614 0.5 104000
1694837442726 0.5 108000
1694837474393 0.5 112000
1694837506208 0.5 116000
1694837538599 0.5 120000
1694837573378 0.5 124000
1694837605873 0.5 128000
1694837639837 0.5 132000
1694837672704 0.5 136000
1694837705115 0.5 140000
1694837737344 0.5 144000
1694837769250 0.5 148000
1694837801981 0.5 152000
1694837834029 0.5 156000
1694837867541 0.5 160000
1694837905484 0.5 164000
1694837938855 0.5 168000
1694837971189 0.5 172000
1694838004797 0.5 176000
1694838036945 0.5 180000
1694838068104 0.5 184000
1694838099484 0.5 188000
1694838130847 0.5 192000
1694838162252 0.5 196000
1694838192913 0.5 200000
1694838228849 0.5 204000
1694838260154 0.5 208000
1694838291009 0.5 212000
1694838322929 0.5 216000
1694838354523 0.5 220000
1694838385940 0.5 224000
1694838417078 0.5 228000
1694838447897 0.5 232000
1694838479817 0.5 236000
1694838511711 0.5 240000
1694838547365 0.5 244000
1694838579858 0.5 248000
1694838611848 0.5 252000
1694838643992 0.5 256000
1694838675341 0.5 260000
1694838706634 0.5 264000
1694838738463 0.5 268000
1694838771288 0.5 272000
1694838804134 0.5 276000
1694838837525 0.5 280000
1694838875149 0.5 284000
1694838908184 0.5 288000
1694838941076 0.5 292000
1694838973659 0.5 296000
1694839006722 0.5 300000
1694839038459 0.5 304000
1694839070230 0.5 308000
1694839101626 0.5 312000
1694839134632 0.5 316000
1694839166666 0.5 320000
1694839200660 0.5 324000
1694839233126 0.5 328000
1694839264751 0.5 332000
1694839297119 0.5 336000
1694839328312 0.5 340000
1694839359613 0.5 344000
1694839389699 0.5 348000
1694839420669 0.5 352000
1694839451955 0.5 356000
1694839482946 0.5 360000
1694839516181 0.5 364000
1694839547861 0.5 368000
1694839579332 0.5 372000
1694839611576 0.5 376000
1694839642662 0.5 380000
1694839674295 0.5 384000
1694839706638 0.5 388000
1694839739398 0.5 392000
1694839771316 0.5 396000
1694839804020 0.5 400000
1694839840468 0.5 404000
1694839873318 0.5 408000
1694839906044 0.5 412000
1694839938334 0.5 416000
1694839971034 0.5 420000
1694840002993 0.5 424000
1694840035732 0.5 428000
1694840067121 0.5 432000
1694840099502 0.5 436000
1694840132888 0.5 440000
1694840170551 0.5 444000
1694840204919 0.5 448000
1694840237197 0.5 452000
1694840270663 0.5 456000
1694840302671 0.5 460000
1694840335453 0.5 464000
1694840366196 0.5 468000
1694840399423 0.5 472000
1694840430533 0.5 476000
1694840462714 0.5 480000
1694840497925 0.5 484000
1694840530044 0.5 488000
1694840561866 0.5 492000
1694840593947 0.5 496000
1694840627376 0.5 500000
1694840658546 0.5 504000
1694840690092 0.5 508000
1694840720626 0.5 512000
1694840752236 0.5 516000
1694840783513 0.5 520000
1694840820602 0.5 524000
1694840855911 0.5 528000
1694840885031 0.5 532000
1694840912005 0.5 536000
1694840940085 0.5 540000
1694840966226 0.5 544000
1694840993054 0.5 548000
1694841019249 0.5 552000
1694841045881 0.5 556000
1694841073213 0.5 560000
1694841101903 0.5 564000
1694841128214 0.5 568000
1694841154682 0.5 572000
1694841181609 0.5 576000
