1694836625288 -1.0 4000
1694836654136 -1.0 8000
1694836682264 -1.0 12000
1694836712011 -1.0 16000
1694836741730 -1.0 20000
1694836771208 -1.0 24000
1694836802143 -1.0 28000
1694836832451 -1.0 32000
1694836863340 -1.0 36000
1694836893204 -1.0 40000
1694836927227 -1.0 44000
1694836958483 -1.0 48000
1694836990819 -1.0 52000
1694837023887 -1.0 56000
1694837056161 -1.0 60000
1694837087133 -1.0 64000
1694837118703 -1.0 68000
1694837150855 -1.0 72000
1694837182570 -1.0 76000
1694837215596 -1.0 80000
1694837250423 -1.0 84000
1694837282792 -1.0 88000
1694837314582 -1.0 92000
1694837347043 -1.0 96000
1694837379152 -1.0 100000
1694837410620 -1.0 104000
1694837442738 -1.0 108000
1694837474403 -1.0 112000
1694837506215 -1.0 116000
1694837538610 -1.0 120000
1694837573387 -1.0 124000
1694837605880 -1.0 128000
1694837639847 -1.0 132000
1694837672731 -1.0 136000
1694837705121 -1.0 140000
1694837737355 -1.0 144000
1694837769259 -1.0 148000
1694837801990 -1.0 152000
1694837834038 -1.0 156000
1694837867550 -1.0 160000
1694837905493 -1.0 164000
1694837938866 -1.0 168000
1694837971197 -1.0 172000
1694838004805 -1.0 176000
1694838036951 -1.0 180000
1694838068110 -1.0 184000
1694838099491 -1.0 188000
1694838130858 -1.0 192000
1694838162259 -1.0 196000
1694838192918 -1.0 200000
1694838228860 -1.0 204000
1694838260160 -1.0 208000
1694838291018 -1.0 212000
1694838322936 -1.0 216000
1694838354529 -1.0 220000
1694838385947 -1.0 224000
1694838417085 -1.0 228000
1694838447906 -1.0 232000
1694838479823 -1.0 236000
1694838511719 -1.0 240000
1694838547374 -1.0 244000
1694838579865 -1.0 248000
1694838611854 -1.0 252000
1694838643998 -1.0 256000
1694838675347 -1.0 260000
1694838706642 -1.0 264000
1694838738469 -1.0 268000
1694838771294 -1.0 272000
1694838804141 -1.0 276000
1694838837544 -1.0 280000
1694838875157 -1.0 284000
1694838908192 -1.0 288000
1694838941083 -1.0 292000
1694838973666 -1.0 296000
1694839006728 -1.0 300000
1694839038466 -1.0 304000
1694839070236 -1.0 308000
1694839101632 -1.0 312000
1694839134639 -1.0 316000
1694839166673 -1.0 320000
1694839200670 -1.0 324000
1694839233139 -1.0 328000
1694839264757 -1.0 332000
1694839297126 -1.0 336000
1694839328318 -1.0 340000
1694839359619 -1.0 344000
1694839389704 -1.0 348000
1694839420681 -1.0 352000
1694839451961 -1.0 356000
1694839482952 -1.0 360000
1694839516188 -1.0 364000
1694839547871 -1.0 368000
1694839579338 -1.0 372000
1694839611583 -1.0 376000
1694839642671 -1.0 380000
1694839674301 -1.0 384000
1694839706644 -1.0 388000
1694839739404 -1.0 392000
1694839771324 -1.0 396000
1694839804026 -1.0 400000
1694839840477 -1.0 404000
1694839873325 -1.0 408000
1694839906051 -1.0 412000
1694839938344 -1.0 416000
1694839971040 -1.0 420000
1694840002999 -1.0 424000
1694840035741 -1.0 428000
1694840067127 -1.0 432000
1694840099508 -1.0 436000
1694840132898 -1.0 440000
1694840170558 -1.0 444000
1694840204926 -1.0 448000
1694840237203 -1.0 452000
1694840270669 -1.0 456000
1694840302680 -1.0 460000
1694840335459 -1.0 464000
1694840366203 -1.0 468000
1694840399430 -1.0 472000
1694840430541 -1.0 476000
1694840462721 -1.0 480000
1694840497932 -1.0 484000
1694840530054 -1.0 488000
1694840561872 -1.0 492000
1694840593959 -1.0 496000
1694840627386 -1.0 500000
1694840658551 -1.0 504000
1694840690098 -1.0 508000
1694840720632 -1.0 512000
1694840752243 -1.0 516000
1694840783519 -1.0 520000
1694840820611 -1.0 524000
1694840855917 -1.0 528000
1694840885039 -1.0 532000
1694840912032 -1.0 536000
1694840940095 -1.0 540000
1694840966232 -1.0 544000
1694840993063 -1.0 548000
1694841019255 -1.0 552000
1694841045886 -1.0 556000
1694841073221 -1.0 560000
1694841101911 -1.0 564000
1694841128240 -1.0 568000
1694841154690 -1.0 572000
1694841181619 -1.0 576000
