1694836625204 60.0 4000
1694836654102 60.0 8000
1694836682229 60.0 12000
1694836711953 60.0 16000
1694836741697 60.0 20000
1694836771153 60.0 24000
1694836802107 60.0 28000
1694836832393 60.0 32000
1694836863303 60.0 36000
1694836893168 60.0 40000
1694836927189 60.0 44000
1694836958455 60.0 48000
1694836990780 60.0 52000
1694837023842 60.0 56000
1694837056126 60.0 60000
1694837087100 60.0 64000
1694837118648 60.0 68000
1694837150820 60.0 72000
1694837182534 60.0 76000
1694837215554 60.0 80000
1694837250347 60.0 84000
1694837282753 60.0 88000
1694837314545 60.0 92000
1694837347007 60.0 96000
1694837379115 60.0 100000
1694837410585 60.0 104000
1694837442698 60.0 108000
1694837474364 60.0 112000
1694837506171 60.0 116000
1694837538569 60.0 120000
1694837573347 60.0 124000
1694837605844 60.0 128000
1694837639805 60.0 132000
1694837672651 60.0 136000
1694837705077 60.0 140000
1694837737314 60.0 144000
1694837769221 60.0 148000
1694837801950 60.0 152000
1694837833999 60.0 156000
1694837867509 60.0 160000
1694837905452 60.0 164000
1694837938826 60.0 168000
1694837971139 60.0 172000
1694838004773 60.0 176000
1694838036922 60.0 180000
1694838068077 60.0 184000
1694838099462 60.0 188000
1694838130822 60.0 192000
1694838162228 60.0 196000
1694838192887 60.0 200000
1694838228824 60.0 204000
1694838260128 60.0 208000
1694838290961 60.0 212000
1694838322900 60.0 216000
1694838354493 60.0 220000
1694838385918 60.0 224000
1694838417052 60.0 228000
1694838447875 60.0 232000
1694838479791 60.0 236000
1694838511661 60.0 240000
1694838547337 60.0 244000
1694838579833 60.0 248000
1694838611824 60.0 252000
1694838643970 60.0 256000
1694838675318 60.0 260000
1694838706602 60.0 264000
1694838738438 60.0 268000
1694838771265 60.0 272000
1694838804108 60.0 276000
1694838837496 60.0 280000
1694838875124 60.0 284000
1694838908108 60.0 288000
1694838941049 60.0 292000
1694838973635 60.0 296000
1694839006698 60.0 300000
1694839038435 60.0 304000
1694839070203 60.0 308000
1694839101598 60.0 312000
1694839134606 60.0 316000
1694839166641 60.0 320000
1694839200637 60.0 324000
1694839233076 60.0 328000
1694839264729 60.0 332000
1694839297093 60.0 336000
1694839328287 60.0 340000
1694839359589 60.0 344000
1694839389678 60.0 348000
1694839420642 60.0 352000
1694839451933 60.0 356000
1694839482915 60.0 360000
1694839516153 60.0 364000
1694839547840 60.0 368000
1694839579305 60.0 372000
1694839611554 60.0 376000
1694839642641 60.0 380000
1694839674262 60.0 384000
1694839706613 60.0 388000
1694839739374 60.0 392000
1694839771264 60.0 396000
1694839803998 60.0 400000
1694839840443 60.0 404000
1694839873296 60.0 408000
1694839906013 60.0 412000
1694839938304 60.0 416000
1694839971011 60.0 420000
1694840002966 60.0 424000
1694840035706 60.0 428000
1694840067098 60.0 432000
1694840099478 60.0 436000
1694840132838 60.0 440000
1694840170520 60.0 444000
1694840204894 60.0 448000
1694840237171 60.0 452000
1694840270635 60.0 456000
1694840302650 60.0 460000
1694840335430 60.0 464000
1694840366170 60.0 468000
1694840399401 60.0 472000
1694840430482 60.0 476000
1694840462685 60.0 480000
1694840497901 60.0 484000
1694840530015 60.0 488000
1694840561842 60.0 492000
1694840593901 60.0 496000
1694840627354 60.0 500000
1694840658520 60.0 504000
1694840690069 60.0 508000
1694840720605 60.0 512000
1694840752210 60.0 516000
1694840783489 60.0 520000
1694840820574 60.0 524000
1694840855880 60.0 528000
1694840885004 60.0 532000
1694840911955 60.0 536000
1694840940062 60.0 540000
1694840966200 60.0 544000
1694840993035 60.0 548000
1694841019222 60.0 552000
1694841045853 60.0 556000
1694841073183 60.0 560000
1694841101876 60.0 564000
1694841128188 60.0 568000
1694841154657 60.0 572000
1694841181580 60.0 576000
