1694836625207 1800.0 4000
1694836654104 1800.0 8000
1694836682230 1800.0 12000
1694836711955 1800.0 16000
1694836741698 1800.0 20000
1694836771154 1800.0 24000
1694836802109 1800.0 28000
1694836832395 1800.0 32000
1694836863305 1800.0 36000
1694836893170 1800.0 40000
1694836927192 1800.0 44000
1694836958456 1800.0 48000
1694836990781 1800.0 52000
1694837023845 1800.0 56000
1694837056127 1800.0 60000
1694837087102 1800.0 64000
1694837118650 1800.0 68000
1694837150821 1800.0 72000
1694837182536 1800.0 76000
1694837215556 1800.0 80000
1694837250350 1800.0 84000
1694837282755 1800.0 88000
1694837314548 1800.0 92000
1694837347009 1800.0 96000
1694837379116 1800.0 100000
1694837410586 1800.0 104000
1694837442700 1800.0 108000
1694837474365 1800.0 112000
1694837506173 1800.0 116000
1694837538571 1800.0 120000
1694837573349 1800.0 124000
1694837605845 1800.0 128000
1694837639807 1800.0 132000
1694837672654 1800.0 136000
1694837705078 1800.0 140000
1694837737315 1800.0 144000
1694837769222 1800.0 148000
1694837801952 1800.0 152000
1694837834001 1800.0 156000
1694837867512 1800.0 160000
1694837905455 1800.0 164000
1694837938827 1800.0 168000
1694837971140 1800.0 172000
1694838004774 1800.0 176000
1694838036923 1800.0 180000
1694838068078 1800.0 184000
1694838099464 1800.0 188000
1694838130823 1800.0 192000
1694838162229 1800.0 196000
1694838192888 1800.0 200000
1694838228825 1800.0 204000
1694838260129 1800.0 208000
1694838290962 1800.0 212000
1694838322902 1800.0 216000
1694838354494 1800.0 220000
1694838385920 1800.0 224000
1694838417055 1800.0 228000
1694838447876 1800.0 232000
1694838479793 1800.0 236000
1694838511663 1800.0 240000
1694838547339 1800.0 244000
1694838579834 1800.0 248000
1694838611826 1800.0 252000
1694838643972 1800.0 256000
1694838675319 1800.0 260000
1694838706603 1800.0 264000
1694838738440 1800.0 268000
1694838771266 1800.0 272000
1694838804110 1800.0 276000
1694838837497 1800.0 280000
1694838875126 1800.0 284000
1694838908110 1800.0 288000
1694838941051 1800.0 292000
1694838973637 1800.0 296000
1694839006700 1800.0 300000
1694839038437 1800.0 304000
1694839070205 1800.0 308000
1694839101599 1800.0 312000
1694839134608 1800.0 316000
1694839166642 1800.0 320000
1694839200638 1800.0 324000
1694839233078 1800.0 328000
1694839264731 1800.0 332000
1694839297094 1800.0 336000
1694839328289 1800.0 340000
1694839359591 1800.0 344000
1694839389680 1800.0 348000
1694839420644 1800.0 352000
1694839451934 1800.0 356000
1694839482917 1800.0 360000
1694839516154 1800.0 364000
1694839547841 1800.0 368000
1694839579306 1800.0 372000
1694839611555 1800.0 376000
1694839642643 1800.0 380000
1694839674264 1800.0 384000
1694839706614 1800.0 388000
1694839739376 1800.0 392000
1694839771267 1800.0 396000
1694839804000 1800.0 400000
1694839840444 1800.0 404000
1694839873297 1800.0 408000
1694839906014 1800.0 412000
1694839938306 1800.0 416000
1694839971012 1800.0 420000
1694840002967 1800.0 424000
1694840035708 1800.0 428000
1694840067099 1800.0 432000
1694840099480 1800.0 436000
1694840132839 1800.0 440000
1694840170521 1800.0 444000
1694840204895 1800.0 448000
1694840237172 1800.0 452000
1694840270637 1800.0 456000
1694840302651 1800.0 460000
1694840335431 1800.0 464000
1694840366171 1800.0 468000
1694840399402 1800.0 472000
1694840430484 1800.0 476000
1694840462687 1800.0 480000
1694840497902 1800.0 484000
1694840530016 1800.0 488000
1694840561843 1800.0 492000
1694840593903 1800.0 496000
1694840627356 1800.0 500000
1694840658521 1800.0 504000
1694840690070 1800.0 508000
1694840720606 1800.0 512000
1694840752212 1800.0 516000
1694840783491 1800.0 520000
1694840820575 1800.0 524000
1694840855881 1800.0 528000
1694840885006 1800.0 532000
1694840911958 1800.0 536000
1694840940064 1800.0 540000
1694840966201 1800.0 544000
1694840993036 1800.0 548000
1694841019223 1800.0 552000
1694841045855 1800.0 556000
1694841073184 1800.0 560000
1694841101878 1800.0 564000
1694841128189 1800.0 568000
1694841154659 1800.0 572000
1694841181581 1800.0 576000
