1694832173284 0.5 4000
1694832210125 0.5 8000
1694832246676 0.5 12000
1694832283310 0.5 16000
1694832317598 0.5 20000
1694832349095 0.5 24000
1694832378969 0.5 28000
1694832409051 0.5 32000
1694832440800 0.5 36000
1694832472205 0.5 40000
1694832507793 0.5 44000
1694832536739 0.5 48000
1694832564410 0.5 52000
1694832596803 0.5 56000
1694832626043 0.5 60000
1694832655278 0.5 64000
1694832683760 0.5 68000
1694832713383 0.5 72000
1694832742286 0.5 76000
1694832770674 0.5 80000
1694832800154 0.5 84000
1694832829647 0.5 88000
1694832858601 0.5 92000
1694832888223 0.5 96000
1694832916757 0.5 100000
1694832946526 0.5 104000
1694832974648 0.5 108000
1694833003739 0.5 112000
1694833032600 0.5 116000
1694833062206 0.5 120000
1694833092269 0.5 124000
1694833121856 0.5 128000
1694833150812 0.5 132000
1694833180718 0.5 136000
1694833209679 0.5 140000
1694833239425 0.5 144000
1694833268141 0.5 148000
1694833297009 0.5 152000
1694833326077 0.5 156000
1694833355758 0.5 160000
1694833389626 0.5 164000
1694833420563 0.5 168000
1694833449945 0.5 172000
1694833480757 0.5 176000
1694833509829 0.5 180000
1694833538471 0.5 184000
1694833568612 0.5 188000
1694833603695 0.5 192000
1694833633145 0.5 196000
1694833663323 0.5 200000
1694833692786 0.5 204000
1694833718940 0.5 208000
1694833743635 0.5 212000
1694833768237 0.5 216000
1694833793174 0.5 220000
1694833817190 0.5 224000
1694833841950 0.5 228000
1694833866153 0.5 232000
1694833891105 0.5 236000
1694833915007 0.5 240000
1694833940139 0.5 244000
1694833964892 0.5 248000
1694833989164 0.5 252000
1694834014096 0.5 256000
1694834038319 0.5 260000
1694834062316 0.5 264000
1694834086901 0.5 268000
1694834111214 0.5 272000
1694834135877 0.5 276000
1694834160264 0.5 280000
1694834186887 0.5 284000
1694834219610 0.5 288000
1694834253643 0.5 292000
1694834285754 0.5 296000
1694834318238 0.5 300000
1694834347665 0.5 304000
1694834377092 0.5 308000
1694834412825 0.5 312000
1694834450978 0.5 316000
1694834485906 0.5 320000
1694834524927 0.5 324000
1694834560638 0.5 328000
1694834603621 0.5 332000
1694834644294 0.5 336000
1694834689537 0.5 340000
1694834723619 0.5 344000
