1694832173278 0.5 4000
1694832210121 0.5 8000
1694832246673 0.5 12000
1694832283306 0.5 16000
1694832317596 0.5 20000
1694832349092 0.5 24000
1694832378967 0.5 28000
1694832409049 0.5 32000
1694832440797 0.5 36000
1694832472202 0.5 40000
1694832507790 0.5 44000
1694832536735 0.5 48000
1694832564408 0.5 52000
1694832596800 0.5 56000
1694832626040 0.5 60000
1694832655274 0.5 64000
1694832683758 0.5 68000
1694832713381 0.5 72000
1694832742284 0.5 76000
1694832770671 0.5 80000
1694832800151 0.5 84000
1694832829643 0.5 88000
1694832858595 0.5 92000
1694832888221 0.5 96000
1694832916754 0.5 100000
1694832946524 0.5 104000
1694832974645 0.5 108000
1694833003735 0.5 112000
1694833032596 0.5 116000
1694833062203 0.5 120000
1694833092267 0.5 124000
1694833121853 0.5 128000
1694833150809 0.5 132000
1694833180715 0.5 136000
1694833209654 0.5 140000
1694833239423 0.5 144000
1694833268139 0.5 148000
1694833297006 0.5 152000
1694833326075 0.5 156000
1694833355756 0.5 160000
1694833389623 0.5 164000
1694833420560 0.5 168000
1694833449942 0.5 172000
1694833480751 0.5 176000
1694833509825 0.5 180000
1694833538468 0.5 184000
1694833568607 0.5 188000
1694833603692 0.5 192000
1694833633142 0.5 196000
1694833663318 0.5 200000
1694833692783 0.5 204000
1694833718937 0.5 208000
1694833743632 0.5 212000
1694833768234 0.5 216000
1694833793171 0.5 220000
1694833817188 0.5 224000
1694833841948 0.5 228000
1694833866151 0.5 232000
1694833891085 0.5 236000
1694833915005 0.5 240000
1694833940134 0.5 244000
1694833964890 0.5 248000
1694833989161 0.5 252000
1694834014094 0.5 256000
1694834038317 0.5 260000
1694834062313 0.5 264000
1694834086899 0.5 268000
1694834111212 0.5 272000
1694834135874 0.5 276000
1694834160262 0.5 280000
1694834186883 0.5 284000
1694834219608 0.5 288000
1694834253637 0.5 292000
1694834285751 0.5 296000
1694834318236 0.5 300000
1694834347663 0.5 304000
1694834377089 0.5 308000
1694834412821 0.5 312000
1694834450974 0.5 316000
1694834485903 0.5 320000
1694834524922 0.5 324000
1694834560635 0.5 328000
1694834603618 0.5 332000
1694834644288 0.5 336000
1694834689531 0.5 340000
1694834723616 0.5 344000
