1694832173304 0.001 4000
1694832210128 0.001 8000
1694832246679 0.001 12000
1694832283312 0.001 16000
1694832317600 0.001 20000
1694832349096 0.001 24000
1694832378971 0.001 28000
1694832409052 0.001 32000
1694832440801 0.001 36000
1694832472206 0.001 40000
1694832507795 0.001 44000
1694832536742 0.001 48000
1694832564411 0.001 52000
1694832596804 0.001 56000
1694832626045 0.001 60000
1694832655279 0.001 64000
1694832683762 0.001 68000
1694832713384 0.001 72000
1694832742287 0.001 76000
1694832770675 0.001 80000
1694832800155 0.001 84000
1694832829650 0.001 88000
1694832858604 0.001 92000
1694832888224 0.001 96000
1694832916758 0.001 100000
1694832946528 0.001 104000
1694832974649 0.001 108000
1694833003741 0.001 112000
1694833032601 0.001 116000
1694833062207 0.001 120000
1694833092270 0.001 124000
1694833121857 0.001 128000
1694833150813 0.001 132000
1694833180719 0.001 136000
1694833209699 0.001 140000
1694833239426 0.001 144000
1694833268142 0.001 148000
1694833297010 0.001 152000
1694833326079 0.001 156000
1694833355760 0.001 160000
1694833389627 0.001 164000
1694833420565 0.001 168000
1694833449946 0.001 172000
1694833480758 0.001 176000
1694833509830 0.001 180000
1694833538472 0.001 184000
1694833568614 0.001 188000
1694833603697 0.001 192000
1694833633146 0.001 196000
1694833663325 0.001 200000
1694833692787 0.001 204000
1694833718941 0.001 208000
1694833743636 0.001 212000
1694833768238 0.001 216000
1694833793175 0.001 220000
1694833817191 0.001 224000
1694833841951 0.001 228000
1694833866154 0.001 232000
1694833891106 0.001 236000
1694833915009 0.001 240000
1694833940141 0.001 244000
1694833964893 0.001 248000
1694833989165 0.001 252000
1694834014097 0.001 256000
1694834038320 0.001 260000
1694834062318 0.001 264000
1694834086902 0.001 268000
1694834111215 0.001 272000
1694834135878 0.001 276000
1694834160265 0.001 280000
1694834186890 0.001 284000
1694834219612 0.001 288000
1694834253646 0.001 292000
1694834285755 0.001 296000
1694834318240 0.001 300000
1694834347666 0.001 304000
1694834377093 0.001 308000
1694834412827 0.001 312000
1694834450980 0.001 316000
1694834485908 0.001 320000
1694834524928 0.001 324000
1694834560641 0.001 328000
1694834603623 0.001 332000
1694834644296 0.001 336000
1694834689539 0.001 340000
1694834723620 0.001 344000
