1694832173281 0.5 4000
1694832210123 0.5 8000
1694832246675 0.5 12000
1694832283308 0.5 16000
1694832317597 0.5 20000
1694832349093 0.5 24000
1694832378968 0.5 28000
1694832409050 0.5 32000
1694832440799 0.5 36000
1694832472204 0.5 40000
1694832507792 0.5 44000
1694832536737 0.5 48000
1694832564409 0.5 52000
1694832596802 0.5 56000
1694832626042 0.5 60000
1694832655276 0.5 64000
1694832683759 0.5 68000
1694832713382 0.5 72000
1694832742285 0.5 76000
1694832770673 0.5 80000
1694832800153 0.5 84000
1694832829645 0.5 88000
1694832858598 0.5 92000
1694832888222 0.5 96000
1694832916755 0.5 100000
1694832946525 0.5 104000
1694832974646 0.5 108000
1694833003737 0.5 112000
1694833032598 0.5 116000
1694833062205 0.5 120000
1694833092268 0.5 124000
1694833121854 0.5 128000
1694833150810 0.5 132000
1694833180717 0.5 136000
1694833209658 0.5 140000
1694833239424 0.5 144000
1694833268140 0.5 148000
1694833297008 0.5 152000
1694833326076 0.5 156000
1694833355757 0.5 160000
1694833389625 0.5 164000
1694833420561 0.5 168000
1694833449943 0.5 172000
1694833480754 0.5 176000
1694833509827 0.5 180000
1694833538469 0.5 184000
1694833568610 0.5 188000
1694833603694 0.5 192000
1694833633143 0.5 196000
1694833663319 0.5 200000
1694833692784 0.5 204000
1694833718939 0.5 208000
1694833743634 0.5 212000
1694833768235 0.5 216000
1694833793172 0.5 220000
1694833817189 0.5 224000
1694833841949 0.5 228000
1694833866152 0.5 232000
1694833891087 0.5 236000
1694833915006 0.5 240000
1694833940137 0.5 244000
1694833964891 0.5 248000
1694833989162 0.5 252000
1694834014095 0.5 256000
1694834038318 0.5 260000
1694834062314 0.5 264000
1694834086900 0.5 268000
1694834111213 0.5 272000
1694834135876 0.5 276000
1694834160263 0.5 280000
1694834186885 0.5 284000
1694834219609 0.5 288000
1694834253640 0.5 292000
1694834285752 0.5 296000
1694834318237 0.5 300000
1694834347664 0.5 304000
1694834377090 0.5 308000
1694834412823 0.5 312000
1694834450976 0.5 316000
1694834485904 0.5 320000
1694834524925 0.5 324000
1694834560636 0.5 328000
1694834603619 0.5 332000
1694834644291 0.5 336000
1694834689534 0.5 340000
1694834723618 0.5 344000
