1694832172515 0.0 4000
1694832209160 0.0 8000
1694832246209 0.0 12000
1694832282771 0.0 16000
1694832317142 0.0 20000
1694832348681 0.0 24000
1694832378535 0.0 28000
1694832408612 0.0 32000
1694832440315 0.0 36000
1694832471714 0.0 40000
1694832507441 0.0 44000
1694832536380 0.0 48000
1694832564031 0.0 52000
1694832596450 0.0 56000
1694832625681 0.0 60000
1694832654936 0.0 64000
1694832683387 0.0 68000
1694832713041 0.0 72000
1694832741947 0.0 76000
1694832770305 0.0 80000
1694832799736 0.0 84000
1694832829294 0.0 88000
1694832858229 0.0 92000
1694832887853 0.0 96000
1694832916386 0.0 100000
1694832946179 0.0 104000
1694832974308 0.0 108000
1694833003392 0.0 112000
1694833032210 0.0 116000
1694833061833 0.0 120000
1694833091910 0.0 124000
1694833121501 0.0 128000
1694833150441 0.0 132000
1694833180365 0.0 136000
1694833209262 0.0 140000
1694833239061 0.0 144000
1694833267770 0.0 148000
1694833296656 0.0 152000
1694833325702 0.0 156000
1694833355390 0.0 160000
1694833389170 0.0 164000
1694833420210 0.0 168000
1694833449450 0.0 172000
1694833480371 0.0 176000
1694833509469 0.0 180000
1694833538110 0.0 184000
1694833568002 0.0 188000
1694833603258 0.0 192000
1694833632727 0.0 196000
1694833662950 0.0 200000
1694833692425 0.0 204000
1694833718613 0.0 208000
1694833743283 0.0 212000
1694833767876 0.0 216000
1694833792827 0.0 220000
1694833816837 0.0 224000
1694833841614 0.0 228000
1694833865811 0.0 232000
1694833890472 0.0 236000
1694833914680 0.0 240000
1694833939769 0.0 244000
1694833964582 0.0 248000
1694833988733 0.0 252000
1694834013776 0.0 256000
1694834037987 0.0 260000
1694834061983 0.0 264000
1694834086564 0.0 268000
1694834110885 0.0 272000
1694834135529 0.0 276000
1694834159927 0.0 280000
1694834186515 0.0 284000
1694834219225 0.0 288000
1694834252822 0.0 292000
1694834285383 0.0 296000
1694834317882 0.0 300000
1694834347296 0.0 304000
1694834376724 0.0 308000
1694834412045 0.0 312000
1694834450102 0.0 316000
1694834485493 0.0 320000
1694834524440 0.0 324000
1694834560094 0.0 328000
1694834603047 0.0 332000
1694834643843 0.0 336000
1694834688881 0.0 340000
1694834723263 0.0 344000
