1694832172517 0.0 4000
1694832209163 0.0 8000
1694832246211 0.0 12000
1694832282773 0.0 16000
1694832317144 0.0 20000
1694832348684 0.0 24000
1694832378537 0.0 28000
1694832408614 0.0 32000
1694832440316 1.0 36000
1694832471716 1.0 40000
1694832507442 1.0 44000
1694832536381 1.0 48000
1694832564032 1.0 52000
1694832596451 0.0 56000
1694832625682 0.0 60000
1694832654937 0.0 64000
1694832683388 0.0 68000
1694832713043 0.0 72000
1694832741948 1.0 76000
1694832770306 1.0 80000
1694832799738 1.0 84000
1694832829295 1.0 88000
1694832858230 1.0 92000
1694832887854 1.0 96000
1694832916387 1.0 100000
1694832946181 1.0 104000
1694832974309 1.0 108000
1694833003394 1.0 112000
1694833032211 0.0 116000
1694833061835 0.0 120000
1694833091912 0.0 124000
1694833121502 0.0 128000
1694833150443 0.0 132000
1694833180366 0.0 136000
1694833209264 0.0 140000
1694833239062 0.0 144000
1694833267771 0.0 148000
1694833296657 0.0 152000
1694833325703 0.0 156000
1694833355392 0.0 160000
1694833389171 0.0 164000
1694833420212 1.0 168000
1694833449451 1.0 172000
1694833480373 1.0 176000
1694833509470 1.0 180000
1694833538112 1.0 184000
1694833568004 0.0 188000
1694833603259 0.0 192000
1694833632728 0.0 196000
1694833662952 0.0 200000
1694833692426 1.0 204000
1694833718614 1.0 208000
1694833743284 1.0 212000
1694833767877 1.0 216000
1694833792828 1.0 220000
1694833816838 1.0 224000
1694833841615 1.0 228000
1694833865812 1.0 232000
1694833890473 1.0 236000
1694833914682 1.0 240000
1694833939770 1.0 244000
1694833964583 0.0 248000
1694833988735 0.0 252000
1694834013777 0.0 256000
1694834037988 0.0 260000
1694834061984 0.0 264000
1694834086566 0.0 268000
1694834110887 0.0 272000
1694834135531 0.0 276000
1694834159928 0.0 280000
1694834186516 0.0 284000
1694834219227 0.0 288000
1694834252824 0.0 292000
1694834285384 0.0 296000
1694834317883 0.0 300000
1694834347297 0.0 304000
1694834376725 0.0 308000
1694834412047 0.0 312000
1694834450104 0.0 316000
1694834485495 0.0 320000
1694834524442 0.0 324000
1694834560096 0.0 328000
1694834603049 0.0 332000
1694834643844 0.0 336000
1694834688883 0.0 340000
1694834723264 0.0 344000
