1694832172513 0.0 4000
1694832209158 0.0 8000
1694832246208 0.0 12000
1694832282770 0.0 16000
1694832317141 0.0 20000
1694832348680 0.0 24000
1694832378533 0.0 28000
1694832408611 0.0 32000
1694832440313 0.01 36000
1694832471712 0.01 40000
1694832507440 0.01 44000
1694832536379 0.01 48000
1694832564029 0.01 52000
1694832596448 0.0 56000
1694832625680 0.0 60000
1694832654935 0.0 64000
1694832683386 0.0 68000
1694832713040 0.0 72000
1694832741946 0.01 76000
1694832770303 0.01 80000
1694832799735 0.01 84000
1694832829293 0.01 88000
1694832858228 0.01 92000
1694832887851 0.01 96000
1694832916384 0.01 100000
1694832946177 0.01 104000
1694832974306 0.01 108000
1694833003391 0.01 112000
1694833032209 0.0 116000
1694833061832 0.0 120000
1694833091909 0.0 124000
1694833121500 0.0 128000
1694833150440 0.0 132000
1694833180363 0.0 136000
1694833209261 0.0 140000
1694833239059 0.0 144000
1694833267768 0.0 148000
1694833296655 0.0 152000
1694833325700 0.0 156000
1694833355389 0.0 160000
1694833389168 0.0 164000
1694833420209 0.01 168000
1694833449448 0.01 172000
1694833480370 0.01 176000
1694833509468 0.01 180000
1694833538109 0.01 184000
1694833568000 0.0 188000
1694833603256 0.0 192000
1694833632725 0.0 196000
1694833662948 0.0 200000
1694833692423 0.01 204000
1694833718612 0.01 208000
1694833743282 0.01 212000
1694833767874 0.01 216000
1694833792826 0.01 220000
1694833816836 0.01 224000
1694833841613 0.01 228000
1694833865810 0.03 232000
1694833890471 0.02 236000
1694833914679 0.02 240000
1694833939768 0.02 244000
1694833964581 0.0 248000
1694833988732 0.0 252000
1694834013775 0.0 256000
1694834037986 0.0 260000
1694834061981 0.0 264000
1694834086561 0.0 268000
1694834110884 0.0 272000
1694834135528 0.0 276000
1694834159926 0.0 280000
1694834186514 0.0 284000
1694834219224 0.0 288000
1694834252820 0.0 292000
1694834285382 0.0 296000
1694834317881 0.0 300000
1694834347294 0.0 304000
1694834376722 0.0 308000
1694834412043 0.0 312000
1694834450100 0.0 316000
1694834485492 0.0 320000
1694834524438 0.0 324000
1694834560093 0.0 328000
1694834603045 0.0 332000
1694834643841 0.0 336000
1694834688879 0.0 340000
1694834723262 0.0 344000
