1694832172532 0.42857142857142855 4000
1694832209186 0.47058823529411764 8000
1694832246221 0.41379310344827586 12000
1694832282790 0.3924050632911392 16000
1694832317153 0.3838383838383838 20000
1694832348697 0.4 24000
1694832378549 0.43 28000
1694832408625 0.4 32000
1694832440326 0.39 36000
1694832471726 0.36 40000
1694832507450 0.31 44000
1694832536391 0.26 48000
1694832564041 0.29 52000
1694832596459 0.33 56000
1694832625692 0.38 60000
1694832654946 0.42 64000
1694832683397 0.42 68000
1694832713051 0.43 72000
1694832741957 0.45 76000
1694832770314 0.46 80000
1694832799748 0.43 84000
1694832829304 0.42 88000
1694832858239 0.38 92000
1694832887862 0.34 96000
1694832916396 0.27 100000
1694832946192 0.25 104000
1694832974317 0.27 108000
1694833003402 0.29 112000
1694833032219 0.31 116000
1694833061844 0.38 120000
1694833091920 0.41 124000
1694833121512 0.44 128000
1694833150453 0.38 132000
1694833180374 0.35 136000
1694833209272 0.29 140000
1694833239071 0.27 144000
1694833267778 0.27 148000
1694833296667 0.28 152000
1694833325712 0.33 156000
1694833355401 0.38 160000
1694833389180 0.43 164000
1694833420221 0.41 168000
1694833449496 0.4 172000
1694833480382 0.37 176000
1694833509479 0.38 180000
1694833538121 0.36 184000
1694833568017 0.37 188000
1694833603270 0.43 192000
1694833632736 0.41 196000
1694833662963 0.42 200000
1694833692434 0.44 204000
1694833718623 0.44 208000
1694833743291 0.42 212000
1694833767885 0.44 216000
1694833792836 0.43 220000
1694833816845 0.4 224000
1694833841623 0.4 228000
1694833865820 0.37 232000
1694833890483 0.37 236000
1694833914690 0.38 240000
1694833939778 0.39 244000
1694833964591 0.42 248000
1694833988743 0.42 252000
1694834013786 0.39 256000
1694834037996 0.38 260000
1694834061992 0.41 264000
1694834086576 0.43 268000
1694834110895 0.4 272000
1694834135539 0.46 276000
1694834159936 0.44 280000
1694834186527 0.41 284000
1694834219236 0.39 288000
1694834252837 0.35 292000
1694834285393 0.31 296000
1694834317892 0.34 300000
1694834347305 0.36 304000
1694834376735 0.41 308000
1694834412059 0.43 312000
1694834450133 0.37 316000
1694834485504 0.38 320000
1694834524452 0.4 324000
1694834560107 0.38 328000
1694834603063 0.42 332000
1694834643856 0.5 336000
1694834688897 0.5 340000
1694834723273 0.5 344000
