1694832172522 1.0 4000
1694832209174 1.0 8000
1694832246215 1.0 12000
1694832282778 1.0 16000
1694832317148 1.0 20000
1694832348691 1.0 24000
1694832378544 1.0 28000
1694832408619 1.0 32000
1694832440320 1.0 36000
1694832471720 1.0 40000
1694832507446 1.0 44000
1694832536384 1.0 48000
1694832564035 1.0 52000
1694832596454 1.0 56000
1694832625686 1.0 60000
1694832654942 1.0 64000
1694832683392 1.0 68000
1694832713046 1.0 72000
1694832741952 1.0 76000
1694832770309 1.0 80000
1694832799742 1.0 84000
1694832829299 1.0 88000
1694832858234 1.0 92000
1694832887858 1.0 96000
1694832916391 1.0 100000
1694832946187 1.0 104000
1694832974312 1.0 108000
1694833003397 1.0 112000
1694833032215 1.0 116000
1694833061838 1.0 120000
1694833091915 1.0 124000
1694833121506 1.0 128000
1694833150447 1.0 132000
1694833180370 1.0 136000
1694833209268 1.0 140000
1694833239066 1.0 144000
1694833267774 1.0 148000
1694833296662 1.0 152000
1694833325707 1.0 156000
1694833355396 1.0 160000
1694833389175 1.0 164000
1694833420216 1.0 168000
1694833449455 1.0 172000
1694833480377 1.0 176000
1694833509474 1.0 180000
1694833538116 1.0 184000
1694833568009 1.0 188000
1694833603264 1.0 192000
1694833632732 1.0 196000
1694833662957 1.0 200000
1694833692430 1.0 204000
1694833718618 1.0 208000
1694833743287 1.0 212000
1694833767880 1.0 216000
1694833792832 1.0 220000
1694833816841 1.0 224000
1694833841618 1.0 228000
1694833865816 1.0 232000
1694833890478 1.0 236000
1694833914685 1.0 240000
1694833939774 1.0 244000
1694833964587 1.0 248000
1694833988738 1.0 252000
1694834013781 1.0 256000
1694834037992 1.0 260000
1694834061987 1.0 264000
1694834086571 1.0 268000
1694834110890 1.0 272000
1694834135534 1.0 276000
1694834159932 1.0 280000
1694834186521 1.0 284000
1694834219230 1.0 288000
1694834252830 1.0 292000
1694834285388 1.0 296000
1694834317887 1.0 300000
1694834347300 1.0 304000
1694834376730 1.0 308000
1694834412053 1.0 312000
1694834450126 1.0 316000
1694834485499 1.0 320000
1694834524446 1.0 324000
1694834560101 1.0 328000
1694834603054 1.0 332000
1694834643849 1.0 336000
1694834688889 1.0 340000
1694834723268 1.0 344000
