1694832172520 0.0 4000
1694832209170 0.0 8000
1694832246214 0.0 12000
1694832282776 0.0 16000
1694832317147 0.0 20000
1694832348689 0.0 24000
1694832378543 0.0 28000
1694832408617 0.0 32000
1694832440319 0.0 36000
1694832471719 0.0 40000
1694832507445 0.0 44000
1694832536383 0.0 48000
1694832564034 0.0 52000
1694832596453 0.0 56000
1694832625685 0.0 60000
1694832654940 0.0 64000
1694832683391 0.0 68000
1694832713045 0.0 72000
1694832741951 0.0 76000
1694832770308 0.0 80000
1694832799740 0.0 84000
1694832829298 0.0 88000
1694832858233 0.0 92000
1694832887856 0.0 96000
1694832916390 0.0 100000
1694832946185 0.0 104000
1694832974311 0.0 108000
1694833003396 0.0 112000
1694833032214 0.0 116000
1694833061837 0.0 120000
1694833091914 0.0 124000
1694833121505 0.0 128000
1694833150446 0.0 132000
1694833180368 0.0 136000
1694833209266 0.0 140000
1694833239065 0.0 144000
1694833267773 0.0 148000
1694833296660 0.0 152000
1694833325705 0.0 156000
1694833355395 0.0 160000
1694833389174 0.0 164000
1694833420215 0.0 168000
1694833449454 0.0 172000
1694833480375 0.0 176000
1694833509473 0.0 180000
1694833538114 0.0 184000
1694833568007 0.0 188000
1694833603262 0.0 192000
1694833632730 0.0 196000
1694833662956 0.0 200000
1694833692428 0.0 204000
1694833718617 0.0 208000
1694833743286 0.0 212000
1694833767879 0.0 216000
1694833792830 0.0 220000
1694833816840 0.0 224000
1694833841617 0.0 228000
1694833865815 0.0 232000
1694833890476 0.0 236000
1694833914684 0.0 240000
1694833939773 0.0 244000
1694833964586 0.0 248000
1694833988737 0.0 252000
1694834013780 0.0 256000
1694834037990 0.0 260000
1694834061986 0.0 264000
1694834086570 0.0 268000
1694834110889 0.0 272000
1694834135533 0.0 276000
1694834159930 0.0 280000
1694834186519 0.0 284000
1694834219229 0.0 288000
1694834252828 0.0 292000
1694834285387 0.0 296000
1694834317886 0.0 300000
1694834347299 0.0 304000
1694834376728 0.0 308000
1694834412051 0.0 312000
1694834450124 0.0 316000
1694834485497 0.0 320000
1694834524444 0.0 324000
1694834560099 0.0 328000
1694834603053 0.0 332000
1694834643847 0.0 336000
1694834688887 0.0 340000
1694834723267 0.0 344000
