1694832172535 0.0 4000
1694832209205 0.0 8000
1694832246223 0.0 12000
1694832282792 0.0 16000
1694832317154 0.0 20000
1694832348698 0.0 24000
1694832378550 0.0 28000
1694832408627 0.0 32000
1694832440327 0.0 36000
1694832471727 0.0 40000
1694832507452 0.0 44000
1694832536393 0.0 48000
1694832564042 0.0 52000
1694832596460 0.0 56000
1694832625693 0.0 60000
1694832654948 0.0 64000
1694832683398 0.0 68000
1694832713053 0.0 72000
1694832741958 0.0 76000
1694832770315 0.0 80000
1694832799749 0.0 84000
1694832829306 0.0 88000
1694832858240 0.0 92000
1694832887863 0.0 96000
1694832916397 0.0 100000
1694832946194 0.0 104000
1694832974318 0.0 108000
1694833003404 0.0 112000
1694833032220 0.0 116000
1694833061845 0.0 120000
1694833091922 0.0 124000
1694833121513 0.0 128000
1694833150454 0.0 132000
1694833180376 0.0 136000
1694833209273 0.0 140000
1694833239072 0.0 144000
1694833267780 0.0 148000
1694833296669 0.0 152000
1694833325713 0.0 156000
1694833355402 0.0 160000
1694833389182 0.0 164000
1694833420222 0.0 168000
1694833449514 0.0 172000
1694833480383 0.0 176000
1694833509480 0.0 180000
1694833538122 0.0 184000
1694833568019 0.0 188000
1694833603272 0.0 192000
1694833632737 0.0 196000
1694833662964 0.0 200000
1694833692435 0.0 204000
1694833718624 0.0 208000
1694833743292 0.0 212000
1694833767887 0.0 216000
1694833792838 0.0 220000
1694833816846 0.0 224000
1694833841624 0.0 228000
1694833865821 0.0 232000
1694833890485 0.0 236000
1694833914691 0.0 240000
1694833939779 0.0 244000
1694833964592 0.0 248000
1694833988744 0.0 252000
1694834013788 0.0 256000
1694834037997 0.0 260000
1694834061993 0.0 264000
1694834086577 0.0 268000
1694834110896 0.0 272000
1694834135541 0.0 276000
1694834159937 0.0 280000
1694834186528 0.0 284000
1694834219237 0.0 288000
1694834252838 0.0 292000
1694834285395 0.0 296000
1694834317894 0.0 300000
1694834347306 0.0 304000
1694834376737 0.0 308000
1694834412061 0.0 312000
1694834450135 0.0 316000
1694834485506 0.0 320000
1694834524454 0.0 324000
1694834560110 0.0 328000
1694834603064 0.0 332000
1694834643857 0.0 336000
1694834688899 0.0 340000
1694834723274 0.0 344000
