1694832172518 0.42857142857142855 4000
1694832209167 0.47058823529411764 8000
1694832246212 0.41379310344827586 12000
1694832282775 0.3924050632911392 16000
1694832317145 0.3838383838383838 20000
1694832348686 0.4 24000
1694832378540 0.43 28000
1694832408615 0.4 32000
1694832440318 0.39 36000
1694832471717 0.36 40000
1694832507444 0.31 44000
1694832536382 0.26 48000
1694832564033 0.29 52000
1694832596452 0.33 56000
1694832625683 0.38 60000
1694832654939 0.42 64000
1694832683389 0.42 68000
1694832713044 0.43 72000
1694832741950 0.45 76000
1694832770307 0.46 80000
1694832799739 0.43 84000
1694832829297 0.42 88000
1694832858231 0.38 92000
1694832887855 0.34 96000
1694832916388 0.27 100000
1694832946183 0.25 104000
1694832974310 0.27 108000
1694833003395 0.29 112000
1694833032213 0.31 116000
1694833061836 0.38 120000
1694833091913 0.41 124000
1694833121503 0.44 128000
1694833150444 0.38 132000
1694833180367 0.35 136000
1694833209265 0.29 140000
1694833239063 0.27 144000
1694833267772 0.27 148000
1694833296659 0.28 152000
1694833325704 0.33 156000
1694833355393 0.38 160000
1694833389173 0.43 164000
1694833420213 0.41 168000
1694833449453 0.4 172000
1694833480374 0.37 176000
1694833509472 0.38 180000
1694833538113 0.36 184000
1694833568005 0.37 188000
1694833603261 0.43 192000
1694833632729 0.41 196000
1694833662954 0.42 200000
1694833692427 0.44 204000
1694833718615 0.44 208000
1694833743285 0.42 212000
1694833767878 0.44 216000
1694833792829 0.43 220000
1694833816839 0.4 224000
1694833841616 0.4 228000
1694833865813 0.37 232000
1694833890475 0.37 236000
1694833914683 0.38 240000
1694833939771 0.39 244000
1694833964584 0.42 248000
1694833988736 0.42 252000
1694834013778 0.39 256000
1694834037989 0.38 260000
1694834061985 0.41 264000
1694834086568 0.43 268000
1694834110888 0.4 272000
1694834135532 0.46 276000
1694834159929 0.44 280000
1694834186518 0.41 284000
1694834219228 0.39 288000
1694834252826 0.35 292000
1694834285385 0.31 296000
1694834317885 0.34 300000
1694834347298 0.36 304000
1694834376727 0.41 308000
1694834412049 0.43 312000
1694834450122 0.37 316000
1694834485496 0.38 320000
1694834524443 0.4 324000
1694834560097 0.38 328000
1694834603051 0.42 332000
1694834643846 0.5 336000
1694834688885 0.5 340000
1694834723266 0.5 344000
