1694832172554 1.0 4000
1694832209208 1.0 8000
1694832246224 1.0 12000
1694832282794 1.0 16000
1694832317155 1.0 20000
1694832348699 1.0 24000
1694832378552 1.0 28000
1694832408628 1.0 32000
1694832440329 1.0 36000
1694832471729 1.0 40000
1694832507453 1.0 44000
1694832536394 1.0 48000
1694832564044 1.0 52000
1694832596461 1.0 56000
1694832625694 1.0 60000
1694832654949 1.0 64000
1694832683399 1.0 68000
1694832713054 1.0 72000
1694832741959 1.0 76000
1694832770316 1.0 80000
1694832799751 1.0 84000
1694832829307 1.0 88000
1694832858242 1.0 92000
1694832887864 1.0 96000
1694832916399 1.0 100000
1694832946195 1.0 104000
1694832974319 1.0 108000
1694833003405 1.0 112000
1694833032222 1.0 116000
1694833061846 1.0 120000
1694833091923 1.0 124000
1694833121514 1.0 128000
1694833150456 1.0 132000
1694833180377 1.0 136000
1694833209275 1.0 140000
1694833239073 1.0 144000
1694833267781 1.0 148000
1694833296670 1.0 152000
1694833325715 1.0 156000
1694833355404 1.0 160000
1694833389183 1.0 164000
1694833420224 1.0 168000
1694833449516 1.0 172000
1694833480384 1.0 176000
1694833509481 1.0 180000
1694833538123 1.0 184000
1694833568021 1.0 188000
1694833603273 1.0 192000
1694833632738 1.0 196000
1694833662965 1.0 200000
1694833692436 1.0 204000
1694833718625 1.0 208000
1694833743293 1.0 212000
1694833767888 1.0 216000
1694833792838 1.0 220000
1694833816847 1.0 224000
1694833841625 1.0 228000
1694833865822 1.0 232000
1694833890486 1.0 236000
1694833914692 1.0 240000
1694833939781 1.0 244000
1694833964593 1.0 248000
1694833988745 1.0 252000
1694834013789 1.0 256000
1694834037998 1.0 260000
1694834061994 1.0 264000
1694834086579 1.0 268000
1694834110898 1.0 272000
1694834135542 1.0 276000
1694834159939 1.0 280000
1694834186530 1.0 284000
1694834219239 1.0 288000
1694834252840 1.0 292000
1694834285396 1.0 296000
1694834317895 1.0 300000
1694834347307 1.0 304000
1694834376738 1.0 308000
1694834412062 1.0 312000
1694834450137 1.0 316000
1694834485507 1.0 320000
1694834524456 1.0 324000
1694834560112 1.0 328000
1694834603066 1.0 332000
1694834643859 1.0 336000
1694834688901 1.0 340000
1694834723275 1.0 344000
