1694832172527 0.0 4000
1694832209180 0.0 8000
1694832246219 0.0 12000
1694832282783 0.0 16000
1694832317150 0.0 20000
1694832348694 0.0 24000
1694832378547 0.0 28000
1694832408622 0.0 32000
1694832440323 0.0 36000
1694832471723 0.0 40000
1694832507448 0.0 44000
1694832536388 0.0 48000
1694832564038 0.0 52000
1694832596456 0.0 56000
1694832625689 0.0 60000
1694832654944 0.0 64000
1694832683395 0.0 68000
1694832713049 0.0 72000
1694832741955 0.0 76000
1694832770311 0.0 80000
1694832799745 0.0 84000
1694832829302 0.0 88000
1694832858237 0.0 92000
1694832887860 0.0 96000
1694832916393 0.0 100000
1694832946190 0.0 104000
1694832974314 0.0 108000
1694833003400 0.0 112000
1694833032217 0.0 116000
1694833061841 0.0 120000
1694833091918 0.0 124000
1694833121509 0.0 128000
1694833150450 0.0 132000
1694833180372 0.0 136000
1694833209270 0.0 140000
1694833239069 0.0 144000
1694833267776 0.0 148000
1694833296665 0.0 152000
1694833325709 0.0 156000
1694833355399 0.0 160000
1694833389178 0.0 164000
1694833420219 0.0 168000
1694833449476 0.0 172000
1694833480379 0.0 176000
1694833509476 0.0 180000
1694833538118 0.0 184000
1694833568013 0.0 188000
1694833603267 0.0 192000
1694833632734 0.0 196000
1694833662960 0.0 200000
1694833692432 0.0 204000
1694833718620 0.0 208000
1694833743289 0.0 212000
1694833767883 0.0 216000
1694833792834 0.0 220000
1694833816843 0.0 224000
1694833841621 0.0 228000
1694833865818 0.0 232000
1694833890481 0.0 236000
1694833914687 0.0 240000
1694833939776 0.0 244000
1694833964589 0.0 248000
1694833988741 0.0 252000
1694834013784 0.0 256000
1694834037994 0.0 260000
1694834061990 0.0 264000
1694834086574 0.0 268000
1694834110893 0.0 272000
1694834135537 0.0 276000
1694834159934 0.0 280000
1694834186524 0.0 284000
1694834219233 0.0 288000
1694834252833 0.0 292000
1694834285391 0.0 296000
1694834317890 0.0 300000
1694834347303 0.0 304000
1694834376733 0.0 308000
1694834412056 0.0 312000
1694834450129 0.0 316000
1694834485501 0.0 320000
1694834524449 0.0 324000
1694834560104 0.0 328000
1694834603058 0.0 332000
1694834643852 0.0 336000
1694834688893 0.0 340000
1694834723270 0.0 344000
