1694832172524 0.21428571428571427 4000
1694832209177 0.29411764705882354 8000
1694832246217 0.3275862068965517 12000
1694832282781 0.34177215189873417 16000
1694832317149 0.31313131313131315 20000
1694832348693 0.29 24000
1694832378545 0.23 28000
1694832408621 0.26 32000
1694832440322 0.27 36000
1694832471722 0.28 40000
1694832507447 0.3 44000
1694832536386 0.33 48000
1694832564037 0.3 52000
1694832596455 0.3 56000
1694832625687 0.32 60000
1694832654943 0.32 64000
1694832683393 0.34 68000
1694832713048 0.35 72000
1694832741953 0.32 76000
1694832770310 0.31 80000
1694832799743 0.32 84000
1694832829301 0.3 88000
1694832858236 0.34 92000
1694832887859 0.37 96000
1694832916392 0.4 100000
1694832946188 0.43 104000
1694832974313 0.46 108000
1694833003398 0.42 112000
1694833032216 0.41 116000
1694833061840 0.35 120000
1694833091916 0.32 124000
1694833121508 0.28 128000
1694833150449 0.37 132000
1694833180371 0.39 136000
1694833209269 0.41 140000
1694833239067 0.47 144000
1694833267775 0.43 148000
1694833296663 0.37 152000
1694833325708 0.36 156000
1694833355397 0.31 160000
1694833389177 0.25 164000
1694833420217 0.27 168000
1694833449475 0.25 172000
1694833480378 0.24 176000
1694833509475 0.25 180000
1694833538117 0.3 184000
1694833568011 0.35 188000
1694833603265 0.32 192000
1694833632733 0.33 196000
1694833662959 0.32 200000
1694833692431 0.27 204000
1694833718619 0.24 208000
1694833743288 0.31 212000
1694833767882 0.34 216000
1694833792833 0.34 220000
1694833816842 0.35 224000
1694833841620 0.33 228000
1694833865817 0.36 232000
1694833890479 0.39 236000
1694833914686 0.42 240000
1694833939775 0.42 244000
1694833964588 0.4 248000
1694833988739 0.39 252000
1694834013782 0.44 256000
1694834037993 0.42 260000
1694834061989 0.41 264000
1694834086572 0.42 268000
1694834110891 0.48 272000
1694834135535 0.45 276000
1694834159933 0.42 280000
1694834186522 0.4 284000
1694834219232 0.39 288000
1694834252831 0.39 292000
1694834285390 0.44 296000
1694834317888 0.42 300000
1694834347302 0.43 304000
1694834376731 0.4 308000
1694834412055 0.37 312000
1694834450127 0.44 316000
1694834485500 0.39 320000
1694834524448 0.4 324000
1694834560102 0.42 328000
1694834603056 0.36 332000
1694834643851 0.3 336000
1694834688891 0.27 340000
1694834723269 0.23 344000
