1694832172529 1.0 4000
1694832209183 1.0 8000
1694832246220 1.0 12000
1694832282787 1.0 16000
1694832317151 1.0 20000
1694832348696 1.0 24000
1694832378548 1.0 28000
1694832408624 1.0 32000
1694832440325 1.0 36000
1694832471725 1.0 40000
1694832507449 1.0 44000
1694832536390 1.0 48000
1694832564040 1.0 52000
1694832596457 1.0 56000
1694832625690 1.0 60000
1694832654945 1.0 64000
1694832683396 1.0 68000
1694832713050 1.0 72000
1694832741956 1.0 76000
1694832770313 1.0 80000
1694832799747 1.0 84000
1694832829303 1.0 88000
1694832858238 1.0 92000
1694832887861 1.0 96000
1694832916395 1.0 100000
1694832946191 1.0 104000
1694832974316 1.0 108000
1694833003401 1.0 112000
1694833032218 1.0 116000
1694833061842 1.0 120000
1694833091919 1.0 124000
1694833121510 1.0 128000
1694833150451 1.0 132000
1694833180373 1.0 136000
1694833209271 1.0 140000
1694833239070 1.0 144000
1694833267777 1.0 148000
1694833296666 1.0 152000
1694833325711 1.0 156000
1694833355400 1.0 160000
1694833389179 1.0 164000
1694833420220 1.0 168000
1694833449495 1.0 172000
1694833480381 1.0 176000
1694833509478 1.0 180000
1694833538120 1.0 184000
1694833568015 1.0 188000
1694833603268 1.0 192000
1694833632735 1.0 196000
1694833662962 1.0 200000
1694833692433 1.0 204000
1694833718621 1.0 208000
1694833743290 1.0 212000
1694833767884 1.0 216000
1694833792835 1.0 220000
1694833816844 1.0 224000
1694833841622 1.0 228000
1694833865819 1.0 232000
1694833890482 1.0 236000
1694833914689 1.0 240000
1694833939777 1.0 244000
1694833964590 1.0 248000
1694833988742 1.0 252000
1694834013785 1.0 256000
1694834037995 1.0 260000
1694834061991 1.0 264000
1694834086575 1.0 268000
1694834110894 1.0 272000
1694834135538 1.0 276000
1694834159935 1.0 280000
1694834186526 1.0 284000
1694834219234 1.0 288000
1694834252835 1.0 292000
1694834285392 1.0 296000
1694834317891 1.0 300000
1694834347304 1.0 304000
1694834376734 1.0 308000
1694834412058 1.0 312000
1694834450131 1.0 316000
1694834485503 1.0 320000
1694834524450 1.0 324000
1694834560106 1.0 328000
1694834603061 1.0 332000
1694834643854 1.0 336000
1694834688895 1.0 340000
1694834723271 1.0 344000
