1694836625632 0.5 4000
1694836654308 0.5 8000
1694836682468 0.5 12000
1694836712348 0.5 16000
1694836741910 0.5 20000
1694836771538 0.5 24000
1694836802345 0.5 28000
1694836832778 0.5 32000
1694836863540 0.5 36000
1694836893407 0.5 40000
1694836927443 0.5 44000
1694836958697 0.5 48000
1694836991039 0.5 52000
1694837024105 0.5 56000
1694837056361 0.5 60000
1694837087333 0.5 64000
1694837118911 0.5 68000
1694837151060 0.5 72000
1694837182792 0.5 76000
1694837215810 0.5 80000
1694837250773 0.5 84000
1694837283004 0.5 88000
1694837314814 0.5 92000
1694837347237 0.5 96000
1694837379354 0.5 100000
1694837410826 0.5 104000
1694837442943 0.5 108000
1694837474611 0.5 112000
1694837506423 0.5 116000
1694837538813 0.5 120000
1694837573594 0.5 124000
1694837606092 0.5 128000
1694837640083 0.5 132000
1694837673079 0.5 136000
1694837705323 0.5 140000
1694837737585 0.5 144000
1694837769468 0.5 148000
1694837802203 0.5 152000
1694837834247 0.5 156000
1694837867753 0.5 160000
1694837905717 0.5 164000
1694837939233 0.5 168000
1694837971559 0.5 172000
1694838004980 0.5 176000
1694838037128 0.5 180000
1694838068308 0.5 184000
1694838099674 0.5 188000
1694838131079 0.5 192000
1694838162430 0.5 196000
1694838193096 0.5 200000
1694838229061 0.5 204000
1694838260334 0.5 208000
1694838291217 0.5 212000
1694838323138 0.5 216000
1694838354711 0.5 220000
1694838386121 0.5 224000
1694838417264 0.5 228000
1694838448088 0.5 232000
1694838479998 0.5 236000
1694838512045 0.5 240000
1694838547579 0.5 244000
1694838580038 0.5 248000
1694838612032 0.5 252000
1694838644177 0.5 256000
1694838675526 0.5 260000
1694838706869 0.5 264000
1694838738651 0.5 268000
1694838771471 0.5 272000
1694838804337 0.5 276000
1694838837758 0.5 280000
1694838875364 0.5 284000
1694838908386 0.5 288000
1694838941285 0.5 292000
1694838973859 0.5 296000
1694839006908 0.5 300000
1694839038687 0.5 304000
1694839070412 0.5 308000
1694839101808 0.5 312000
1694839134821 0.5 316000
1694839166849 0.5 320000
1694839200854 0.5 324000
1694839233460 0.5 328000
1694839264939 0.5 332000
1694839297304 0.5 336000
1694839328497 0.5 340000
1694839359792 0.5 344000
1694839389870 0.5 348000
1694839420900 0.5 352000
1694839452145 0.5 356000
1694839483153 0.5 360000
1694839516425 0.5 364000
1694839548056 0.5 368000
1694839579512 0.5 372000
1694839611754 0.5 376000
1694839642852 0.5 380000
1694839674501 0.5 384000
1694839706815 0.5 388000
1694839739592 0.5 392000
1694839771671 0.5 396000
1694839804198 0.5 400000
1694839840683 0.5 404000
1694839873501 0.5 408000
1694839906239 0.5 412000
1694839938550 0.5 416000
1694839971235 0.5 420000
1694840003174 0.5 424000
1694840035936 0.5 428000
1694840067315 0.5 432000
1694840099715 0.5 436000
1694840133287 0.5 440000
1694840170745 0.5 444000
1694840205112 0.5 448000
1694840237378 0.5 452000
1694840270880 0.5 456000
1694840302849 0.5 460000
1694840335647 0.5 464000
1694840366379 0.5 468000
1694840399602 0.5 472000
1694840430844 0.5 476000
1694840462921 0.5 480000
1694840498121 0.5 484000
1694840530232 0.5 488000
1694840562062 0.5 492000
1694840594162 0.5 496000
1694840627565 0.5 500000
1694840658735 0.5 504000
1694840690276 0.5 508000
1694840720811 0.5 512000
1694840752426 0.5 516000
1694840783703 0.5 520000
1694840820802 0.5 524000
1694840856088 0.5 528000
1694840885192 0.5 532000
1694840912332 0.5 536000
1694840940255 0.5 540000
1694840966407 0.5 544000
1694840993222 0.5 548000
1694841019417 0.5 552000
1694841046045 0.5 556000
1694841073382 0.5 560000
1694841102079 0.5 564000
1694841128432 0.5 568000
1694841154838 0.5 572000
1694841181816 0.5 576000
