1694836625613 0.5 4000
1694836654303 0.5 8000
1694836682465 0.5 12000
1694836712345 0.5 16000
1694836741905 0.5 20000
1694836771534 0.5 24000
1694836802341 0.5 28000
1694836832775 0.5 32000
1694836863535 0.5 36000
1694836893404 0.5 40000
1694836927438 0.5 44000
1694836958694 0.5 48000
1694836991034 0.5 52000
1694837024102 0.5 56000
1694837056358 0.5 60000
1694837087328 0.5 64000
1694837118908 0.5 68000
1694837151057 0.5 72000
1694837182788 0.5 76000
1694837215807 0.5 80000
1694837250770 0.5 84000
1694837283001 0.5 88000
1694837314811 0.5 92000
1694837347234 0.5 96000
1694837379348 0.5 100000
1694837410822 0.5 104000
1694837442940 0.5 108000
1694837474608 0.5 112000
1694837506420 0.5 116000
1694837538810 0.5 120000
1694837573591 0.5 124000
1694837606088 0.5 128000
1694837640078 0.5 132000
1694837673057 0.5 136000
1694837705320 0.5 140000
1694837737582 0.5 144000
1694837769463 0.5 148000
1694837802201 0.5 152000
1694837834242 0.5 156000
1694837867751 0.5 160000
1694837905714 0.5 164000
1694837939231 0.5 168000
1694837971556 0.5 172000
1694838004978 0.5 176000
1694838037126 0.5 180000
1694838068305 0.5 184000
1694838099671 0.5 188000
1694838131077 0.5 192000
1694838162427 0.5 196000
1694838193094 0.5 200000
1694838229058 0.5 204000
1694838260331 0.5 208000
1694838291214 0.5 212000
1694838323135 0.5 216000
1694838354708 0.5 220000
1694838386118 0.5 224000
1694838417260 0.5 228000
1694838448086 0.5 232000
1694838479995 0.5 236000
1694838512024 0.5 240000
1694838547575 0.5 244000
1694838580035 0.5 248000
1694838612030 0.5 252000
1694838644174 0.5 256000
1694838675523 0.5 260000
1694838706867 0.5 264000
1694838738648 0.5 268000
1694838771467 0.5 272000
1694838804334 0.5 276000
1694838837754 0.5 280000
1694838875361 0.5 284000
1694838908382 0.5 288000
1694838941283 0.5 292000
1694838973856 0.5 296000
1694839006906 0.5 300000
1694839038684 0.5 304000
1694839070410 0.5 308000
1694839101806 0.5 312000
1694839134818 0.5 316000
1694839166847 0.5 320000
1694839200851 0.5 324000
1694839233457 0.5 328000
1694839264937 0.5 332000
1694839297301 0.5 336000
1694839328494 0.5 340000
1694839359790 0.5 344000
1694839389865 0.5 348000
1694839420897 0.5 352000
1694839452143 0.5 356000
1694839483150 0.5 360000
1694839516421 0.5 364000
1694839548053 0.5 368000
1694839579509 0.5 372000
1694839611752 0.5 376000
1694839642849 0.5 380000
1694839674498 0.5 384000
1694839706812 0.5 388000
1694839739589 0.5 392000
1694839771668 0.5 396000
1694839804195 0.5 400000
1694839840678 0.5 404000
1694839873498 0.5 408000
1694839906236 0.5 412000
1694839938546 0.5 416000
1694839971232 0.5 420000
1694840003172 0.5 424000
1694840035931 0.5 428000
1694840067312 0.5 432000
1694840099712 0.5 436000
1694840133283 0.5 440000
1694840170740 0.5 444000
1694840205109 0.5 448000
1694840237376 0.5 452000
1694840270875 0.5 456000
1694840302846 0.5 460000
1694840335644 0.5 464000
1694840366376 0.5 468000
1694840399599 0.5 472000
1694840430841 0.5 476000
1694840462919 0.5 480000
1694840498118 0.5 484000
1694840530229 0.5 488000
1694840562060 0.5 492000
1694840594159 0.5 496000
1694840627562 0.5 500000
1694840658732 0.5 504000
1694840690274 0.5 508000
1694840720809 0.5 512000
1694840752424 0.5 516000
1694840783700 0.5 520000
1694840820797 0.5 524000
1694840856084 0.5 528000
1694840885189 0.5 532000
1694840912313 0.5 536000
1694840940252 0.5 540000
1694840966403 0.5 544000
1694840993219 0.5 548000
1694841019414 0.5 552000
1694841046043 0.5 556000
1694841073380 0.5 560000
1694841102076 0.5 564000
1694841128430 0.5 568000
1694841154834 0.5 572000
1694841181812 0.5 576000
