1694836625634 0.001 4000
1694836654311 0.001 8000
1694836682469 0.001 12000
1694836712350 0.001 16000
1694836741913 0.001 20000
1694836771540 0.001 24000
1694836802347 0.001 28000
1694836832779 0.001 32000
1694836863543 0.001 36000
1694836893408 0.001 40000
1694836927445 0.001 44000
1694836958698 0.001 48000
1694836991041 0.001 52000
1694837024106 0.001 56000
1694837056362 0.001 60000
1694837087335 0.001 64000
1694837118912 0.001 68000
1694837151061 0.001 72000
1694837182795 0.001 76000
1694837215811 0.001 80000
1694837250775 0.001 84000
1694837283006 0.001 88000
1694837314815 0.001 92000
1694837347238 0.001 96000
1694837379356 0.001 100000
1694837410829 0.001 104000
1694837442945 0.001 108000
1694837474612 0.001 112000
1694837506424 0.001 116000
1694837538814 0.001 120000
1694837573596 0.001 124000
1694837606094 0.001 128000
1694837640085 0.001 132000
1694837673081 0.001 136000
1694837705324 0.001 140000
1694837737587 0.001 144000
1694837769469 0.001 148000
1694837802205 0.001 152000
1694837834249 0.001 156000
1694837867754 0.001 160000
1694837905719 0.001 164000
1694837939235 0.001 168000
1694837971561 0.001 172000
1694838004981 0.001 176000
1694838037130 0.001 180000
1694838068310 0.001 184000
1694838099675 0.001 188000
1694838131080 0.001 192000
1694838162431 0.001 196000
1694838193097 0.001 200000
1694838229063 0.001 204000
1694838260335 0.001 208000
1694838291218 0.001 212000
1694838323139 0.001 216000
1694838354712 0.001 220000
1694838386122 0.001 224000
1694838417265 0.001 228000
1694838448090 0.001 232000
1694838479999 0.001 236000
1694838512047 0.001 240000
1694838547581 0.001 244000
1694838580039 0.001 248000
1694838612033 0.001 252000
1694838644179 0.001 256000
1694838675528 0.001 260000
1694838706871 0.001 264000
1694838738652 0.001 268000
1694838771473 0.001 272000
1694838804338 0.001 276000
1694838837760 0.001 280000
1694838875367 0.001 284000
1694838908388 0.001 288000
1694838941287 0.001 292000
1694838973861 0.001 296000
1694839006910 0.001 300000
1694839038688 0.001 304000
1694839070414 0.001 308000
1694839101809 0.001 312000
1694839134822 0.001 316000
1694839166851 0.001 320000
1694839200855 0.001 324000
1694839233462 0.001 328000
1694839264940 0.001 332000
1694839297305 0.001 336000
1694839328498 0.001 340000
1694839359793 0.001 344000
1694839389872 0.001 348000
1694839420901 0.001 352000
1694839452147 0.001 356000
1694839483154 0.001 360000
1694839516428 0.001 364000
1694839548057 0.001 368000
1694839579513 0.001 372000
1694839611755 0.001 376000
1694839642853 0.001 380000
1694839674503 0.001 384000
1694839706817 0.001 388000
1694839739593 0.001 392000
1694839771673 0.001 396000
1694839804199 0.001 400000
1694839840685 0.001 404000
1694839873502 0.001 408000
1694839906241 0.001 412000
1694839938551 0.001 416000
1694839971237 0.001 420000
1694840003176 0.001 424000
1694840035938 0.001 428000
1694840067316 0.001 432000
1694840099716 0.001 436000
1694840133288 0.001 440000
1694840170747 0.001 444000
1694840205113 0.001 448000
1694840237380 0.001 452000
1694840270882 0.001 456000
1694840302850 0.001 460000
1694840335649 0.001 464000
1694840366380 0.001 468000
1694840399603 0.001 472000
1694840430847 0.001 476000
1694840462922 0.001 480000
1694840498122 0.001 484000
1694840530234 0.001 488000
1694840562064 0.001 492000
1694840594164 0.001 496000
1694840627566 0.001 500000
1694840658736 0.001 504000
1694840690277 0.001 508000
1694840720812 0.001 512000
1694840752428 0.001 516000
1694840783704 0.001 520000
1694840820804 0.001 524000
1694840856090 0.001 528000
1694840885194 0.001 532000
1694840912333 0.001 536000
1694840940256 0.001 540000
1694840966409 0.001 544000
1694840993223 0.001 548000
1694841019418 0.001 552000
1694841046047 0.001 556000
1694841073383 0.001 560000
1694841102080 0.001 564000
1694841128434 0.001 568000
1694841154841 0.001 572000
1694841181819 0.001 576000
