1694832172622 -0.06350000000000001 4000
1694832209370 -0.04258823529411765 8000
1694832246282 -0.0015517241379310244 12000
1694832282850 0.04353164556962026 16000
1694832317204 0.036030303030303044 20000
1694832348749 0.02311 24000
1694832378595 -0.059980000000000006 28000
1694832408676 0.004480000000000005 32000
1694832440380 0.03633000000000001 36000
1694832471782 0.08170999999999996 40000
1694832507497 0.11867999999999995 44000
1694832536435 0.20421000000000006 48000
1694832564085 0.15461 52000
1694832596495 0.10921000000000002 56000
1694832625734 0.06964000000000001 60000
1694832654985 0.04869000000000002 64000
1694832683443 0.060669999999999995 68000
1694832713091 0.05035999999999999 72000
1694832741991 0.03412 76000
1694832770359 -0.0003599999999999992 80000
1694832799794 0.009859999999999983 84000
1694832829339 0.007789999999999986 88000
1694832858286 0.06399999999999997 92000
1694832887909 0.13168999999999997 96000
1694832916439 0.21392999999999993 100000
1694832946228 0.24911999999999998 104000
1694832974352 0.26526 108000
1694833003446 0.24366 112000
1694833032267 0.21191999999999997 116000
1694833061881 0.12744000000000003 120000
1694833091968 0.07626 124000
1694833121552 -0.0059399999999999896 128000
1694833150496 0.086 132000
1694833180413 0.11433999999999997 136000
1694833209313 0.20862000000000003 140000
1694833239120 0.29087 144000
1694833267825 0.27218 148000
1694833296712 0.24947999999999998 152000
1694833325754 0.21159000000000003 156000
1694833355439 0.07325999999999999 160000
1694833389231 0.001719999999999986 164000
1694833420257 0.03662 168000
1694833449612 0.030070000000000006 172000
1694833480422 0.06781000000000001 176000
1694833509524 0.060840000000000005 180000
1694833538164 0.07191999999999998 184000
1694833568073 0.05115 188000
1694833603313 -0.03185 192000
1694833632778 -0.02045000000000001 196000
1694833663000 -0.008680000000000007 200000
1694833692479 -0.04403000000000002 204000
1694833718658 -0.04113000000000001 208000
1694833743329 0.04049999999999999 212000
1694833767933 0.030789999999999984 216000
1694833792876 0.02861000000000002 220000
1694833816893 0.06853 224000
1694833841656 0.05128000000000002 228000
1694833865852 0.11589999999999996 232000
1694833890558 0.15200999999999998 236000
1694833914725 0.15003 240000
1694833939814 0.11451 244000
1694833964623 0.047560000000000005 248000
1694833988778 0.013669999999999995 252000
1694834013820 0.07444999999999999 256000
1694834038043 0.10226999999999997 260000
1694834062031 0.08563999999999997 264000
1694834086609 0.10039999999999998 268000
1694834110943 0.12645 272000
1694834135573 0.04168 276000
1694834159974 0.05626999999999999 280000
1694834186566 0.08245999999999999 284000
1694834219281 0.08101999999999998 288000
1694834252927 0.15045999999999995 292000
1694834285436 0.22097999999999998 296000
1694834317930 0.1689 300000
1694834347346 0.19142 304000
1694834376775 0.11483999999999998 308000
1694834412120 0.06856000000000001 312000
1694834450224 0.18221 316000
1694834485555 0.15055 320000
1694834524504 0.15513000000000005 324000
1694834560164 0.19373999999999994 328000
1694834603122 0.09272999999999999 332000
1694834643909 -0.06967000000000001 336000
1694834688963 -0.09377000000000002 340000
1694834723314 -0.11374000000000001 344000
