1694832172620 0.1662857142857143 4000
1694832209367 0.14188235294117643 8000
1694832246279 0.057448275862068965 12000
1694832282849 0.06987341772151896 16000
1694832317203 0.084020202020202 20000
1694832348748 0.15188000000000001 24000
1694832378593 0.23073999999999995 28000
1694832408675 0.18394 32000
1694832440378 0.14165 36000
1694832471780 0.11782999999999999 40000
1694832507496 0.06089999999999998 44000
1694832536434 0.009319999999999988 48000
1694832564084 0.09712 52000
1694832596493 0.12799999999999997 56000
1694832625732 0.11148000000000001 60000
1694832654983 0.15065 64000
1694832683442 0.11378 68000
1694832713090 0.12855999999999998 72000
1694832741990 0.19852999999999998 76000
1694832770358 0.23497 80000
1694832799793 0.21531999999999996 84000
1694832829338 0.21634 88000
1694832858284 0.13147999999999999 92000
1694832887908 0.06196999999999999 96000
1694832916436 -0.008069999999999996 100000
1694832946227 -0.047619999999999975 104000
1694832974351 -0.06439000000000002 108000
1694833003444 -0.01934000000000002 112000
1694833032266 -0.0002600000000000224 116000
1694833061879 0.09704 120000
1694833091967 0.16071 124000
1694833121551 0.22736 128000
1694833150494 0.13501999999999997 132000
1694833180411 0.1072 136000
1694833209311 0.06086999999999999 140000
1694833239117 -0.02869999999999999 144000
1694833267823 0.007929999999999994 148000
1694833296711 0.07428999999999998 152000
1694833325752 0.11441000000000001 156000
1694833355438 0.20481 160000
1694833389229 0.30544 164000
1694833420256 0.26879 168000
1694833449610 0.24875999999999998 172000
1694833480420 0.22451999999999997 176000
1694833509523 0.21563 180000
1694833538163 0.166 184000
1694833568071 0.11007999999999997 188000
1694833603311 0.18019000000000002 192000
1694833632776 0.21389 196000
1694833662998 0.22158999999999998 200000
1694833692478 0.28606 204000
1694833718657 0.31656 208000
1694833743328 0.24233000000000002 212000
1694833767931 0.17229000000000003 216000
1694833792874 0.18565 220000
1694833816892 0.16951 224000
1694833841654 0.17045999999999994 228000
1694833865851 0.16826999999999998 232000
1694833890556 0.14897999999999997 236000
1694833914722 0.11567 240000
1694833939811 0.08761999999999999 244000
1694833964622 0.1093 248000
1694833988777 0.11468 252000
1694834013819 0.019289999999999988 256000
1694834038041 0.07749 260000
1694834062030 0.09783999999999998 264000
1694834086608 0.09739999999999999 268000
1694834110941 0.01572999999999998 272000
1694834135572 0.034209999999999983 276000
1694834159972 0.06981000000000001 280000
1694834186564 0.07593 284000
1694834219279 0.07902999999999996 288000
1694834252926 0.05872000000000001 292000
1694834285435 -0.009130000000000004 296000
1694834317929 0.042280000000000005 300000
1694834347345 0.03479 304000
1694834376774 0.13124 308000
1694834412119 0.18911999999999995 312000
1694834450222 0.06590999999999997 316000
1694834485554 0.12312000000000001 320000
1694834524502 0.10480999999999999 324000
1694834560162 0.07031999999999998 328000
1694834603121 0.14640999999999998 332000
1694834643908 0.25889 336000
1694834688961 0.29201 340000
1694834723313 0.33926 344000
