1694832173064 8.0 4000
1694832209905 8.0 8000
1694832246552 8.0 12000
1694832283159 8.0 16000
1694832317470 8.0 20000
1694832348988 8.0 24000
1694832378824 8.0 28000
1694832408931 8.0 32000
1694832440664 8.0 36000
1694832472069 8.0 40000
1694832507696 8.0 44000
1694832536640 8.0 48000
1694832564308 8.0 52000
1694832596709 8.0 56000
1694832625940 8.0 60000
1694832655185 8.0 64000
1694832683666 8.0 68000
1694832713286 8.0 72000
1694832742192 8.0 76000
1694832770574 8.0 80000
1694832800038 8.0 84000
1694832829553 8.0 88000
1694832858503 8.0 92000
1694832888122 8.0 96000
1694832916659 8.0 100000
1694832946425 8.0 104000
1694832974552 8.0 108000
1694833003642 8.0 112000
1694833032486 8.0 116000
1694833062100 8.0 120000
1694833092172 8.0 124000
1694833121750 8.0 128000
1694833150711 8.0 132000
1694833180618 8.0 136000
1694833209514 8.0 140000
1694833239323 8.0 144000
1694833268018 8.0 148000
1694833296913 8.0 152000
1694833325961 8.0 156000
1694833355649 8.0 160000
1694833389489 8.0 164000
1694833420467 8.0 168000
1694833449841 8.0 172000
1694833480641 8.0 176000
1694833509729 8.0 180000
1694833538378 8.0 184000
1694833568452 8.0 188000
1694833603575 8.0 192000
1694833633036 8.0 196000
1694833663217 8.0 200000
1694833692684 8.0 204000
1694833718846 8.0 208000
1694833743535 8.0 212000
1694833768136 8.0 216000
1694833793080 8.0 220000
1694833817089 8.0 224000
1694833841850 8.0 228000
1694833866054 8.0 232000
1694833890914 8.0 236000
1694833914915 8.0 240000
1694833940041 8.0 244000
1694833964806 8.0 248000
1694833988980 8.0 252000
1694834014007 8.0 256000
1694834038230 8.0 260000
1694834062209 8.0 264000
1694834086809 8.0 268000
1694834111118 8.0 272000
1694834135768 8.0 276000
1694834160176 8.0 280000
1694834186788 8.0 284000
1694834219506 8.0 288000
1694834253393 8.0 292000
1694834285649 8.0 296000
1694834318140 8.0 300000
1694834347567 8.0 304000
1694834376990 8.0 308000
1694834412581 8.0 312000
1694834450734 8.0 316000
1694834485790 8.0 320000
1694834524788 8.0 324000
1694834560467 8.0 328000
1694834603456 8.0 332000
1694834644162 8.0 336000
1694834689361 8.0 340000
1694834723519 8.0 344000
