1694832173061 8.0 4000
1694832209888 8.0 8000
1694832246551 8.0 12000
1694832283156 8.0 16000
1694832317468 8.0 20000
1694832348986 8.0 24000
1694832378822 8.0 28000
1694832408930 8.0 32000
1694832440662 8.0 36000
1694832472067 8.0 40000
1694832507695 8.0 44000
1694832536639 8.0 48000
1694832564307 8.0 52000
1694832596708 8.0 56000
1694832625939 8.0 60000
1694832655184 8.0 64000
1694832683665 8.0 68000
1694832713285 8.0 72000
1694832742191 8.0 76000
1694832770573 8.0 80000
1694832800037 8.0 84000
1694832829552 8.0 88000
1694832858502 8.0 92000
1694832888121 8.0 96000
1694832916657 8.0 100000
1694832946424 8.0 104000
1694832974550 8.0 108000
1694833003641 8.0 112000
1694833032484 8.0 116000
1694833062099 8.0 120000
1694833092170 8.0 124000
1694833121749 8.0 128000
1694833150708 8.0 132000
1694833180616 8.0 136000
1694833209512 8.0 140000
1694833239322 8.0 144000
1694833268016 8.0 148000
1694833296911 8.0 152000
1694833325959 8.0 156000
1694833355647 8.0 160000
1694833389488 8.0 164000
1694833420465 8.0 168000
1694833449840 8.0 172000
1694833480639 8.0 176000
1694833509728 8.0 180000
1694833538376 8.0 184000
1694833568450 8.0 188000
1694833603573 8.0 192000
1694833633034 8.0 196000
1694833663216 8.0 200000
1694833692683 8.0 204000
1694833718845 8.0 208000
1694833743534 8.0 212000
1694833768135 8.0 216000
1694833793079 8.0 220000
1694833817088 8.0 224000
1694833841849 8.0 228000
1694833866052 8.0 232000
1694833890912 8.0 236000
1694833914913 8.0 240000
1694833940040 8.0 244000
1694833964805 8.0 248000
1694833988978 8.0 252000
1694834014006 8.0 256000
1694834038229 8.0 260000
1694834062208 8.0 264000
1694834086808 8.0 268000
1694834111117 8.0 272000
1694834135766 8.0 276000
1694834160175 8.0 280000
1694834186786 8.0 284000
1694834219505 8.0 288000
1694834253390 8.0 292000
1694834285648 8.0 296000
1694834318138 8.0 300000
1694834347566 8.0 304000
1694834376989 8.0 308000
1694834412578 8.0 312000
1694834450732 8.0 316000
1694834485789 8.0 320000
1694834524785 8.0 324000
1694834560466 8.0 328000
1694834603453 8.0 332000
1694834644160 8.0 336000
1694834689358 8.0 340000
1694834723517 8.0 344000
