1694832172864 0.0 4000
1694832209666 0.0 8000
1694832246440 0.0 12000
1694832283019 0.0 16000
1694832317351 0.0 20000
1694832348881 0.0 24000
1694832378722 0.0 28000
1694832408818 0.0 32000
1694832440539 0.0 36000
1694832471938 0.0 40000
1694832507607 0.0 44000
1694832536555 0.0 48000
1694832564203 0.0 52000
1694832596613 0.0 56000
1694832625851 0.0 60000
1694832655084 0.0 64000
1694832683572 0.0 68000
1694832713204 0.0 72000
1694832742104 0.0 76000
1694832770477 0.0 80000
1694832799926 0.0 84000
1694832829457 0.0 88000
1694832858412 0.0 92000
1694832888021 0.0 96000
1694832916556 0.0 100000
1694832946335 0.0 104000
1694832974463 0.0 108000
1694833003553 0.0 112000
1694833032372 0.0 116000
1694833062001 0.0 120000
1694833092075 0.0 124000
1694833121656 0.0 128000
1694833150615 0.0 132000
1694833180522 0.0 136000
1694833209423 0.0 140000
1694833239231 0.0 144000
1694833267927 0.0 148000
1694833296822 0.0 152000
1694833325870 0.0 156000
1694833355553 0.0 160000
1694833389378 0.0 164000
1694833420374 0.0 168000
1694833449739 0.0 172000
1694833480542 0.0 176000
1694833509638 0.0 180000
1694833538283 0.0 184000
1694833568273 0.0 188000
1694833603453 0.0 192000
1694833632909 0.0 196000
1694833663112 0.0 200000
1694833692586 0.0 204000
1694833718758 0.0 208000
1694833743439 0.0 212000
1694833768043 0.0 216000
1694833792991 0.0 220000
1694833817002 0.0 224000
1694833841762 0.0 228000
1694833865969 0.0 232000
1694833890732 0.0 236000
1694833914838 0.0 240000
1694833939946 0.0 244000
1694833964722 0.0 248000
1694833988897 0.0 252000
1694834013920 0.0 256000
1694834038148 0.0 260000
1694834062129 0.0 264000
1694834086728 0.0 268000
1694834111040 0.0 272000
1694834135677 0.0 276000
1694834160091 0.0 280000
1694834186684 0.0 284000
1694834219407 0.0 288000
1694834253186 0.0 292000
1694834285559 0.0 296000
1694834318041 0.0 300000
1694834347474 0.0 304000
1694834376885 0.0 308000
1694834412332 0.0 312000
1694834450493 0.0 316000
1694834485688 0.0 320000
1694834524660 0.0 324000
1694834560331 0.0 328000
1694834603310 0.0 332000
1694834644045 0.0 336000
1694834689184 0.0 340000
1694834723421 0.0 344000
