1694832172865 0.0 4000
1694832209667 0.0 8000
1694832246442 0.0 12000
1694832283020 0.0 16000
1694832317352 0.0 20000
1694832348883 0.0 24000
1694832378723 0.0 28000
1694832408820 0.0 32000
1694832440541 0.0 36000
1694832471940 0.0 40000
1694832507608 0.0 44000
1694832536556 0.0 48000
1694832564204 0.0 52000
1694832596614 0.0 56000
1694832625852 0.0 60000
1694832655085 0.0 64000
1694832683575 0.0 68000
1694832713206 0.0 72000
1694832742105 0.0 76000
1694832770480 0.0 80000
1694832799928 0.0 84000
1694832829459 0.0 88000
1694832858414 0.0 92000
1694832888023 0.0 96000
1694832916557 0.0 100000
1694832946336 0.0 104000
1694832974464 0.0 108000
1694833003554 0.0 112000
1694833032373 0.0 116000
1694833062002 0.0 120000
1694833092076 0.0 124000
1694833121657 0.0 128000
1694833150617 0.0 132000
1694833180524 0.0 136000
1694833209424 0.0 140000
1694833239232 0.0 144000
1694833267929 0.0 148000
1694833296823 0.0 152000
1694833325871 0.0 156000
1694833355554 0.0 160000
1694833389380 0.0 164000
1694833420375 0.0 168000
1694833449741 0.0 172000
1694833480543 0.0 176000
1694833509639 0.0 180000
1694833538285 0.0 184000
1694833568275 0.0 188000
1694833603455 0.0 192000
1694833632913 0.0 196000
1694833663114 0.0 200000
1694833692587 0.0 204000
1694833718759 0.0 208000
1694833743440 0.0 212000
1694833768044 0.0 216000
1694833792992 0.0 220000
1694833817003 0.0 224000
1694833841763 0.0 228000
1694833865970 0.0 232000
1694833890733 0.0 236000
1694833914839 0.0 240000
1694833939947 0.0 244000
1694833964723 0.0 248000
1694833988899 0.0 252000
1694834013921 0.0 256000
1694834038149 0.0 260000
1694834062130 0.0 264000
1694834086729 0.0 268000
1694834111041 0.0 272000
1694834135678 0.0 276000
1694834160092 0.0 280000
1694834186686 0.0 284000
1694834219408 0.0 288000
1694834253188 0.0 292000
1694834285560 0.0 296000
1694834318043 0.0 300000
1694834347475 0.0 304000
1694834376886 0.0 308000
1694834412339 0.0 312000
1694834450496 0.0 316000
1694834485690 0.0 320000
1694834524662 0.0 324000
1694834560334 0.0 328000
1694834603313 0.0 332000
1694834644046 0.0 336000
1694834689187 0.0 340000
1694834723422 0.0 344000
