1694832172867 1.0 4000
1694832209669 1.0 8000
1694832246443 1.0 12000
1694832283022 1.0 16000
1694832317353 1.0 20000
1694832348886 1.0 24000
1694832378725 1.0 28000
1694832408822 1.0 32000
1694832440544 1.0 36000
1694832471943 1.0 40000
1694832507609 1.0 44000
1694832536557 1.0 48000
1694832564206 1.0 52000
1694832596615 1.0 56000
1694832625853 1.0 60000
1694832655086 1.0 64000
1694832683577 1.0 68000
1694832713207 1.0 72000
1694832742107 1.0 76000
1694832770483 1.0 80000
1694832799931 1.0 84000
1694832829460 1.0 88000
1694832858415 1.0 92000
1694832888024 1.0 96000
1694832916558 1.0 100000
1694832946337 1.0 104000
1694832974466 1.0 108000
1694833003556 1.0 112000
1694833032374 1.0 116000
1694833062003 1.0 120000
1694833092077 1.0 124000
1694833121658 1.0 128000
1694833150618 1.0 132000
1694833180525 1.0 136000
1694833209425 1.0 140000
1694833239233 1.0 144000
1694833267930 1.0 148000
1694833296825 1.0 152000
1694833325872 1.0 156000
1694833355556 1.0 160000
1694833389381 1.0 164000
1694833420377 1.0 168000
1694833449742 1.0 172000
1694833480545 1.0 176000
1694833509640 1.0 180000
1694833538286 1.0 184000
1694833568278 1.0 188000
1694833603456 1.0 192000
1694833632916 1.0 196000
1694833663115 1.0 200000
1694833692589 1.0 204000
1694833718760 1.0 208000
1694833743441 1.0 212000
1694833768045 1.0 216000
1694833792993 1.0 220000
1694833817004 1.0 224000
1694833841764 1.0 228000
1694833865971 1.0 232000
1694833890735 1.0 236000
1694833914840 1.0 240000
1694833939948 1.0 244000
1694833964724 1.0 248000
1694833988900 1.0 252000
1694834013922 1.0 256000
1694834038150 1.0 260000
1694834062131 1.0 264000
1694834086730 1.0 268000
1694834111042 1.0 272000
1694834135679 1.0 276000
1694834160093 1.0 280000
1694834186688 1.0 284000
1694834219410 1.0 288000
1694834253190 1.0 292000
1694834285561 1.0 296000
1694834318046 1.0 300000
1694834347476 1.0 304000
1694834376887 1.0 308000
1694834412343 1.0 312000
1694834450499 1.0 316000
1694834485691 1.0 320000
1694834524663 1.0 324000
1694834560336 1.0 328000
1694834603314 1.0 332000
1694834644047 1.0 336000
1694834689189 1.0 340000
1694834723423 1.0 344000
