1694832172869 0.0 4000
1694832209671 0.0 8000
1694832246445 0.0 12000
1694832283024 0.0 16000
1694832317355 0.0 20000
1694832348888 0.0 24000
1694832378726 0.0 28000
1694832408824 0.0 32000
1694832440546 0.0 36000
1694832471946 0.0 40000
1694832507610 0.0 44000
1694832536558 0.0 48000
1694832564207 0.0 52000
1694832596616 0.0 56000
1694832625855 0.0 60000
1694832655088 0.0 64000
1694832683578 0.0 68000
1694832713208 0.0 72000
1694832742108 0.0 76000
1694832770485 0.0 80000
1694832799933 0.0 84000
1694832829461 0.0 88000
1694832858416 0.0 92000
1694832888025 0.0 96000
1694832916559 0.0 100000
1694832946339 0.0 104000
1694832974467 0.0 108000
1694833003557 0.0 112000
1694833032376 0.0 116000
1694833062004 0.0 120000
1694833092079 0.0 124000
1694833121659 0.0 128000
1694833150619 0.0 132000
1694833180526 0.0 136000
1694833209426 0.0 140000
1694833239234 0.0 144000
1694833267931 0.0 148000
1694833296826 0.0 152000
1694833325874 0.0 156000
1694833355557 0.0 160000
1694833389382 0.0 164000
1694833420378 0.0 168000
1694833449744 0.0 172000
1694833480546 0.0 176000
1694833509641 0.0 180000
1694833538287 0.0 184000
1694833568280 0.0 188000
1694833603457 0.0 192000
1694833632919 0.0 196000
1694833663116 0.0 200000
1694833692590 0.0 204000
1694833718761 0.0 208000
1694833743443 0.0 212000
1694833768045 0.0 216000
1694833792994 0.0 220000
1694833817005 0.0 224000
1694833841764 0.0 228000
1694833865972 0.0 232000
1694833890736 0.0 236000
1694833914842 0.0 240000
1694833939949 0.0 244000
1694833964726 0.0 248000
1694833988901 0.0 252000
1694834013923 0.0 256000
1694834038151 0.0 260000
1694834062132 0.0 264000
1694834086731 0.0 268000
1694834111043 0.0 272000
1694834135680 0.0 276000
1694834160094 0.0 280000
1694834186690 0.0 284000
1694834219411 0.0 288000
1694834253193 0.0 292000
1694834285562 0.0 296000
1694834318048 0.0 300000
1694834347477 0.0 304000
1694834376889 0.0 308000
1694834412345 0.0 312000
1694834450502 0.0 316000
1694834485692 0.0 320000
1694834524665 0.0 324000
1694834560339 0.0 328000
1694834603316 0.0 332000
1694834644049 0.0 336000
1694834689192 0.0 340000
1694834723424 0.0 344000
