1694832172761 0.0 4000
1694832209554 0.0 8000
1694832246366 0.0 12000
1694832282951 0.0 16000
1694832317291 0.0 20000
1694832348825 0.0 24000
1694832378670 0.0 28000
1694832408756 0.0 32000
1694832440468 0.0 36000
1694832471866 0.0 40000
1694832507554 0.0 44000
1694832536502 0.0 48000
1694832564150 0.0 52000
1694832596563 0.0 56000
1694832625799 0.0 60000
1694832655038 0.0 64000
1694832683514 0.0 68000
1694832713156 0.0 72000
1694832742056 0.0 76000
1694832770421 0.0 80000
1694832799866 0.0 84000
1694832829399 0.0 88000
1694832858352 0.0 92000
1694832887973 0.0 96000
1694832916506 0.0 100000
1694832946288 0.0 104000
1694832974417 0.0 108000
1694833003508 0.0 112000
1694833032325 0.0 116000
1694833061948 0.0 120000
1694833092034 0.0 124000
1694833121609 0.0 128000
1694833150566 0.0 132000
1694833180473 0.0 136000
1694833209374 0.0 140000
1694833239181 0.0 144000
1694833267882 0.0 148000
1694833296775 0.0 152000
1694833325818 0.0 156000
1694833355503 0.0 160000
1694833389310 0.0 164000
1694833420321 0.0 168000
1694833449682 0.0 172000
1694833480489 0.0 176000
1694833509589 0.0 180000
1694833538229 0.0 184000
1694833568193 0.0 188000
1694833603387 0.0 192000
1694833632848 0.0 196000
1694833663060 0.0 200000
1694833692533 0.0 204000
1694833718711 0.0 208000
1694833743385 0.0 212000
1694833767991 0.0 216000
1694833792944 0.0 220000
1694833816949 0.0 224000
1694833841713 0.0 228000
1694833865923 0.0 232000
1694833890664 0.0 236000
1694833914784 0.0 240000
1694833939893 0.0 244000
1694833964678 0.0 248000
1694833988839 0.0 252000
1694834013876 0.0 256000
1694834038104 0.0 260000
1694834062087 0.0 264000
1694834086676 0.0 268000
1694834110995 0.0 272000
1694834135632 0.0 276000
1694834160043 0.0 280000
1694834186636 0.0 284000
1694834219352 0.0 288000
1694834253076 0.0 292000
1694834285504 0.0 296000
1694834317993 0.0 300000
1694834347418 0.0 304000
1694834376835 0.0 308000
1694834412239 0.0 312000
1694834450378 0.0 316000
1694834485625 0.0 320000
1694834524590 0.0 324000
1694834560254 0.0 328000
1694834603223 0.0 332000
1694834643976 0.0 336000
1694834689096 0.0 340000
1694834723372 0.0 344000
