1694832172860 0.0 4000
1694832209662 0.0 8000
1694832246435 0.0 12000
1694832283016 0.0 16000
1694832317349 0.0 20000
1694832348878 0.0 24000
1694832378720 0.0 28000
1694832408814 0.0 32000
1694832440534 0.0 36000
1694832471933 0.0 40000
1694832507604 0.0 44000
1694832536552 0.0 48000
1694832564200 0.0 52000
1694832596610 0.0 56000
1694832625846 0.0 60000
1694832655082 0.0 64000
1694832683568 0.0 68000
1694832713201 0.0 72000
1694832742099 0.0 76000
1694832770472 0.0 80000
1694832799922 0.0 84000
1694832829452 0.0 88000
1694832858410 0.0 92000
1694832888019 0.0 96000
1694832916553 0.0 100000
1694832946333 0.0 104000
1694832974458 0.0 108000
1694833003551 0.0 112000
1694833032369 0.0 116000
1694833061998 0.0 120000
1694833092073 0.0 124000
1694833121653 0.0 128000
1694833150613 0.0 132000
1694833180520 0.0 136000
1694833209420 0.0 140000
1694833239228 0.0 144000
1694833267925 0.0 148000
1694833296818 0.0 152000
1694833325867 0.0 156000
1694833355551 0.0 160000
1694833389376 0.0 164000
1694833420369 0.0 168000
1694833449737 0.0 172000
1694833480539 0.0 176000
1694833509636 0.0 180000
1694833538279 0.0 184000
1694833568268 0.0 188000
1694833603449 0.0 192000
1694833632903 0.0 196000
1694833663110 0.0 200000
1694833692584 0.0 204000
1694833718755 0.0 208000
1694833743437 0.0 212000
1694833768040 0.0 216000
1694833792988 0.0 220000
1694833817000 0.0 224000
1694833841760 0.0 228000
1694833865967 0.0 232000
1694833890729 0.0 236000
1694833914835 0.0 240000
1694833939944 0.0 244000
1694833964720 0.0 248000
1694833988894 0.0 252000
1694834013918 0.0 256000
1694834038146 0.0 260000
1694834062127 0.0 264000
1694834086726 0.0 268000
1694834111038 0.0 272000
1694834135675 0.0 276000
1694834160088 0.0 280000
1694834186682 0.0 284000
1694834219405 0.0 288000
1694834253183 0.0 292000
1694834285556 0.0 296000
1694834318037 0.0 300000
1694834347470 0.0 304000
1694834376883 0.0 308000
1694834412326 0.0 312000
1694834450489 0.0 316000
1694834485685 0.0 320000
1694834524655 0.0 324000
1694834560323 0.0 328000
1694834603306 0.0 332000
1694834644042 0.0 336000
1694834689178 0.0 340000
1694834723418 0.0 344000
