1694832172681 0.0 4000
1694832209455 0.0 8000
1694832246318 0.0 12000
1694832282897 0.0 16000
1694832317244 0.0 20000
1694832348786 0.0 24000
1694832378630 0.0 28000
1694832408710 0.0 32000
1694832440418 0.0 36000
1694832471821 0.0 40000
1694832507521 0.0 44000
1694832536460 0.0 48000
1694832564116 0.0 52000
1694832596527 0.0 56000
1694832625761 0.0 60000
1694832655009 0.0 64000
1694832683468 0.0 68000
1694832713120 0.0 72000
1694832742024 0.0 76000
1694832770383 0.0 80000
1694832799822 0.0 84000
1694832829369 0.0 88000
1694832858313 0.0 92000
1694832887942 0.0 96000
1694832916470 0.0 100000
1694832946252 0.0 104000
1694832974383 0.0 108000
1694833003473 0.0 112000
1694833032291 0.0 116000
1694833061912 0.0 120000
1694833092001 0.0 124000
1694833121578 0.0 128000
1694833150526 0.0 132000
1694833180441 0.0 136000
1694833209342 0.0 140000
1694833239149 0.0 144000
1694833267849 0.0 148000
1694833296743 0.0 152000
1694833325782 0.0 156000
1694833355464 0.0 160000
1694833389266 0.0 164000
1694833420288 0.0 168000
1694833449643 0.0 172000
1694833480453 0.0 176000
1694833509553 0.0 180000
1694833538195 0.0 184000
1694833568137 0.0 188000
1694833603348 0.0 192000
1694833632805 0.0 196000
1694833663024 0.0 200000
1694833692504 0.0 204000
1694833718683 0.0 208000
1694833743350 0.0 212000
1694833767956 0.0 216000
1694833792905 0.0 220000
1694833816921 0.0 224000
1694833841684 0.0 228000
1694833865892 0.0 232000
1694833890607 0.0 236000
1694833914752 0.0 240000
1694833939856 0.0 244000
1694833964651 0.0 248000
1694833988808 0.0 252000
1694834013848 0.0 256000
1694834038075 0.0 260000
1694834062060 0.0 264000
1694834086644 0.0 268000
1694834110966 0.0 272000
1694834135603 0.0 276000
1694834160003 0.0 280000
1694834186602 0.0 284000
1694834219312 0.0 288000
1694834252985 0.0 292000
1694834285464 0.0 296000
1694834317961 0.0 300000
1694834347373 0.0 304000
1694834376804 0.0 308000
1694834412171 0.0 312000
1694834450286 0.0 316000
1694834485583 0.0 320000
1694834524538 0.0 324000
1694834560203 0.0 328000
1694834603166 0.0 332000
1694834643940 0.0 336000
1694834689014 0.0 340000
1694834723341 0.0 344000
