1694832172862 0.0 4000
1694832209664 0.0 8000
1694832246438 0.0 12000
1694832283017 0.0 16000
1694832317350 0.0 20000
1694832348879 0.0 24000
1694832378721 0.0 28000
1694832408816 0.0 32000
1694832440536 0.0 36000
1694832471935 0.0 40000
1694832507605 0.0 44000
1694832536553 0.0 48000
1694832564202 0.0 52000
1694832596612 0.0 56000
1694832625849 0.0 60000
1694832655083 0.0 64000
1694832683570 0.0 68000
1694832713203 0.0 72000
1694832742102 0.0 76000
1694832770475 0.0 80000
1694832799924 0.0 84000
1694832829456 0.0 88000
1694832858411 0.0 92000
1694832888020 0.0 96000
1694832916555 0.0 100000
1694832946334 0.0 104000
1694832974461 0.0 108000
1694833003552 0.0 112000
1694833032371 0.0 116000
1694833062000 0.0 120000
1694833092074 0.0 124000
1694833121654 0.0 128000
1694833150614 0.0 132000
1694833180521 0.0 136000
1694833209422 0.0 140000
1694833239230 0.0 144000
1694833267926 0.0 148000
1694833296820 0.0 152000
1694833325868 0.0 156000
1694833355552 0.0 160000
1694833389377 0.0 164000
1694833420371 0.0 168000
1694833449738 0.0 172000
1694833480541 0.0 176000
1694833509637 0.0 180000
1694833538281 0.0 184000
1694833568270 0.0 188000
1694833603451 0.0 192000
1694833632905 0.0 196000
1694833663111 0.0 200000
1694833692585 0.0 204000
1694833718757 0.0 208000
1694833743438 0.0 212000
1694833768042 0.0 216000
1694833792989 0.0 220000
1694833817001 0.0 224000
1694833841761 0.0 228000
1694833865968 0.0 232000
1694833890730 0.0 236000
1694833914836 0.0 240000
1694833939945 0.0 244000
1694833964721 0.0 248000
1694833988896 0.0 252000
1694834013919 0.0 256000
1694834038147 0.0 260000
1694834062128 0.0 264000
1694834086727 0.0 268000
1694834111039 0.0 272000
1694834135676 0.0 276000
1694834160090 0.0 280000
1694834186683 0.0 284000
1694834219406 0.0 288000
1694834253184 0.0 292000
1694834285557 0.0 296000
1694834318039 0.0 300000
1694834347472 0.0 304000
1694834376884 0.0 308000
1694834412329 0.0 312000
1694834450491 0.0 316000
1694834485687 0.0 320000
1694834524658 0.0 324000
1694834560329 0.0 328000
1694834603309 0.0 332000
1694834644043 0.0 336000
1694834689181 0.0 340000
1694834723420 0.0 344000
