1694832172766 0.0 4000
1694832209561 0.0 8000
1694832246376 0.0 12000
1694832282955 0.0 16000
1694832317295 0.0 20000
1694832348828 0.0 24000
1694832378673 0.0 28000
1694832408759 0.0 32000
1694832440475 0.0 36000
1694832471874 0.0 40000
1694832507557 0.0 44000
1694832536505 0.0 48000
1694832564153 0.0 52000
1694832596567 0.0 56000
1694832625802 0.0 60000
1694832655042 0.0 64000
1694832683518 0.0 68000
1694832713160 0.0 72000
1694832742060 0.0 76000
1694832770427 0.0 80000
1694832799870 0.0 84000
1694832829404 0.0 88000
1694832858359 0.0 92000
1694832887977 0.0 96000
1694832916511 0.0 100000
1694832946292 0.0 104000
1694832974421 0.0 108000
1694833003512 0.0 112000
1694833032329 0.0 116000
1694833061952 0.0 120000
1694833092037 0.0 124000
1694833121614 0.0 128000
1694833150569 0.0 132000
1694833180477 0.0 136000
1694833209377 0.0 140000
1694833239185 0.0 144000
1694833267885 0.0 148000
1694833296779 0.0 152000
1694833325821 0.0 156000
1694833355507 0.0 160000
1694833389316 0.0 164000
1694833420326 0.0 168000
1694833449685 0.0 172000
1694833480494 0.0 176000
1694833509592 0.0 180000
1694833538234 0.0 184000
1694833568198 0.0 188000
1694833603391 0.0 192000
1694833632853 0.0 196000
1694833663064 0.0 200000
1694833692536 0.0 204000
1694833718715 0.0 208000
1694833743389 0.0 212000
1694833767994 0.0 216000
1694833792947 0.0 220000
1694833816952 0.0 224000
1694833841716 0.0 228000
1694833865926 0.0 232000
1694833890668 0.0 236000
1694833914789 0.0 240000
1694833939896 0.0 244000
1694833964681 0.0 248000
1694833988845 0.0 252000
1694834013879 0.0 256000
1694834038107 0.0 260000
1694834062092 0.0 264000
1694834086681 0.0 268000
1694834110998 0.0 272000
1694834135635 0.0 276000
1694834160047 0.0 280000
1694834186642 0.0 284000
1694834219356 0.0 288000
1694834253082 0.0 292000
1694834285507 0.0 296000
1694834317997 0.0 300000
1694834347424 0.0 304000
1694834376839 0.0 308000
1694834412248 0.0 312000
1694834450384 0.0 316000
1694834485631 0.0 320000
1694834524595 0.0 324000
1694834560261 0.0 328000
1694834603231 0.0 332000
1694834643981 0.0 336000
1694834689104 0.0 340000
1694834723375 0.0 344000
