1694832172719 1.0 4000
1694832209485 1.0 8000
1694832246344 1.0 12000
1694832282921 1.0 16000
1694832317261 1.0 20000
1694832348803 1.0 24000
1694832378651 1.0 28000
1694832408734 1.0 32000
1694832440447 1.0 36000
1694832471844 1.0 40000
1694832507539 1.0 44000
1694832536478 1.0 48000
1694832564133 1.0 52000
1694832596541 1.0 56000
1694832625775 1.0 60000
1694832655023 1.0 64000
1694832683493 1.0 68000
1694832713133 1.0 72000
1694832742037 1.0 76000
1694832770406 1.0 80000
1694832799843 1.0 84000
1694832829383 1.0 88000
1694832858328 1.0 92000
1694832887958 1.0 96000
1694832916489 1.0 100000
1694832946272 1.0 104000
1694832974396 1.0 108000
1694833003487 1.0 112000
1694833032309 1.0 116000
1694833061928 1.0 120000
1694833092017 1.0 124000
1694833121593 1.0 128000
1694833150540 1.0 132000
1694833180454 1.0 136000
1694833209356 1.0 140000
1694833239162 1.0 144000
1694833267866 1.0 148000
1694833296757 1.0 152000
1694833325797 1.0 156000
1694833355485 1.0 160000
1694833389283 1.0 164000
1694833420303 1.0 168000
1694833449663 1.0 172000
1694833480468 1.0 176000
1694833509573 1.0 180000
1694833538210 1.0 184000
1694833568166 1.0 188000
1694833603364 1.0 192000
1694833632827 1.0 196000
1694833663043 1.0 200000
1694833692518 1.0 204000
1694833718696 1.0 208000
1694833743368 1.0 212000
1694833767969 1.0 216000
1694833792928 1.0 220000
1694833816934 1.0 224000
1694833841699 1.0 228000
1694833865905 1.0 232000
1694833890623 1.0 236000
1694833914769 1.0 240000
1694833939877 1.0 244000
1694833964663 1.0 248000
1694833988822 1.0 252000
1694834013861 1.0 256000
1694834038089 1.0 260000
1694834062073 1.0 264000
1694834086656 1.0 268000
1694834110979 1.0 272000
1694834135618 1.0 276000
1694834160021 1.0 280000
1694834186616 1.0 284000
1694834219328 1.0 288000
1694834253029 1.0 292000
1694834285479 1.0 296000
1694834317976 1.0 300000
1694834347394 1.0 304000
1694834376818 1.0 308000
1694834412206 1.0 312000
1694834450330 1.0 316000
1694834485606 1.0 320000
1694834524563 1.0 324000
1694834560220 1.0 328000
1694834603191 1.0 332000
1694834643956 1.0 336000
1694834689042 1.0 340000
1694834723356 1.0 344000
