1694832172819 0.0 4000
1694832209618 0.0 8000
1694832246412 0.0 12000
1694832282995 0.0 16000
1694832317328 0.0 20000
1694832348858 0.0 24000
1694832378704 0.0 28000
1694832408796 0.0 32000
1694832440509 0.0 36000
1694832471910 0.0 40000
1694832507587 0.0 44000
1694832536528 0.0 48000
1694832564180 0.0 52000
1694832596593 0.0 56000
1694832625828 0.0 60000
1694832655069 0.0 64000
1694832683554 0.0 68000
1694832713183 0.0 72000
1694832742082 0.0 76000
1694832770459 0.0 80000
1694832799907 0.0 84000
1694832829434 0.0 88000
1694832858389 0.0 92000
1694832888002 0.0 96000
1694832916538 0.0 100000
1694832946318 0.0 104000
1694832974443 0.0 108000
1694833003537 0.0 112000
1694833032355 0.0 116000
1694833061975 0.0 120000
1694833092060 0.0 124000
1694833121639 0.0 128000
1694833150599 0.0 132000
1694833180505 0.0 136000
1694833209406 0.0 140000
1694833239211 0.0 144000
1694833267912 0.0 148000
1694833296803 0.0 152000
1694833325847 0.0 156000
1694833355536 0.0 160000
1694833389353 0.0 164000
1694833420351 0.0 168000
1694833449720 0.0 172000
1694833480521 0.0 176000
1694833509617 0.0 180000
1694833538258 0.0 184000
1694833568241 0.0 188000
1694833603430 0.0 192000
1694833632886 0.0 196000
1694833663095 0.0 200000
1694833692563 0.0 204000
1694833718739 0.0 208000
1694833743417 0.0 212000
1694833768026 0.0 216000
1694833792970 0.0 220000
1694833816987 0.0 224000
1694833841745 0.0 228000
1694833865951 0.0 232000
1694833890713 0.0 236000
1694833914816 0.0 240000
1694833939924 0.0 244000
1694833964708 0.0 248000
1694833988874 0.0 252000
1694834013904 0.0 256000
1694834038133 0.0 260000
1694834062115 0.0 264000
1694834086710 0.0 268000
1694834111023 0.0 272000
1694834135657 0.0 276000
1694834160073 0.0 280000
1694834186668 0.0 284000
1694834219385 0.0 288000
1694834253141 0.0 292000
1694834285535 0.0 296000
1694834318024 0.0 300000
1694834347457 0.0 304000
1694834376868 0.0 308000
1694834412300 0.0 312000
1694834450445 0.0 316000
1694834485666 0.0 320000
1694834524633 0.0 324000
1694834560299 0.0 328000
1694834603276 0.0 332000
1694834644021 0.0 336000
1694834689153 0.0 340000
1694834723403 0.0 344000
