1694832172714 0.0 4000
1694832209477 0.0 8000
1694832246339 0.0 12000
1694832282912 0.0 16000
1694832317255 0.0 20000
1694832348800 0.0 24000
1694832378648 0.0 28000
1694832408728 0.0 32000
1694832440440 0.0 36000
1694832471837 0.0 40000
1694832507535 0.0 44000
1694832536473 0.0 48000
1694832564130 0.0 52000
1694832596538 0.0 56000
1694832625771 0.0 60000
1694832655019 0.0 64000
1694832683487 0.0 68000
1694832713130 0.0 72000
1694832742034 0.0 76000
1694832770402 0.0 80000
1694832799838 0.0 84000
1694832829380 0.0 88000
1694832858323 0.0 92000
1694832887954 0.0 96000
1694832916483 0.0 100000
1694832946268 0.0 104000
1694832974393 0.0 108000
1694833003484 0.0 112000
1694833032305 0.0 116000
1694833061924 0.0 120000
1694833092014 0.0 124000
1694833121589 0.0 128000
1694833150537 0.0 132000
1694833180451 0.0 136000
1694833209353 0.0 140000
1694833239159 0.0 144000
1694833267863 0.0 148000
1694833296754 0.0 152000
1694833325793 0.0 156000
1694833355481 0.0 160000
1694833389279 0.0 164000
1694833420299 0.0 168000
1694833449659 0.0 172000
1694833480464 0.0 176000
1694833509569 0.0 180000
1694833538206 0.0 184000
1694833568158 0.0 188000
1694833603360 0.0 192000
1694833632819 0.0 196000
1694833663040 0.0 200000
1694833692514 0.0 204000
1694833718693 0.0 208000
1694833743365 0.0 212000
1694833767965 0.0 216000
1694833792923 0.0 220000
1694833816931 0.0 224000
1694833841695 0.0 228000
1694833865901 0.0 232000
1694833890619 0.0 236000
1694833914765 0.0 240000
1694833939873 0.0 244000
1694833964661 0.0 248000
1694833988818 0.0 252000
1694834013858 0.0 256000
1694834038086 0.0 260000
1694834062070 0.0 264000
1694834086653 0.0 268000
1694834110976 0.0 272000
1694834135614 0.0 276000
1694834160015 0.0 280000
1694834186612 0.0 284000
1694834219324 0.0 288000
1694834253023 0.0 292000
1694834285475 0.0 296000
1694834317972 0.0 300000
1694834347390 0.0 304000
1694834376814 0.0 308000
1694834412198 0.0 312000
1694834450325 0.0 316000
1694834485602 0.0 320000
1694834524559 0.0 324000
1694834560216 0.0 328000
1694834603183 0.0 332000
1694834643952 0.0 336000
1694834689033 0.0 340000
1694834723352 0.0 344000
