1694832172911 0.3 4000
1694832209719 0.3 8000
1694832246464 0.3 12000
1694832283050 0.3 16000
1694832317380 0.3 20000
1694832348905 0.3 24000
1694832378748 0.3 28000
1694832408848 0.3 32000
1694832440564 0.3 36000
1694832471964 0.3 40000
1694832507629 0.3 44000
1694832536577 0.3 48000
1694832564224 0.3 52000
1694832596631 0.3 56000
1694832625871 0.3 60000
1694832655111 0.3 64000
1694832683599 0.3 68000
1694832713222 0.3 72000
1694832742123 0.3 76000
1694832770507 0.3 80000
1694832799955 0.3 84000
1694832829479 0.3 88000
1694832858433 0.3 92000
1694832888049 0.3 96000
1694832916574 0.3 100000
1694832946355 0.3 104000
1694832974483 0.3 108000
1694833003572 0.3 112000
1694833032398 0.3 116000
1694833062019 0.3 120000
1694833092099 0.3 124000
1694833121677 0.3 128000
1694833150634 0.3 132000
1694833180546 0.3 136000
1694833209446 0.3 140000
1694833239251 0.3 144000
1694833267949 0.3 148000
1694833296842 0.3 152000
1694833325889 0.3 156000
1694833355574 0.3 160000
1694833389403 0.3 164000
1694833420395 0.3 168000
1694833449767 0.3 172000
1694833480563 0.3 176000
1694833509664 0.3 180000
1694833538303 0.3 184000
1694833568302 0.3 188000
1694833603481 0.3 192000
1694833632943 0.3 196000
1694833663139 0.3 200000
1694833692606 0.3 204000
1694833718780 0.3 208000
1694833743458 0.3 212000
1694833768066 0.3 216000
1694833793011 0.3 220000
1694833817023 0.3 224000
1694833841780 0.3 228000
1694833865990 0.3 232000
1694833890770 0.3 236000
1694833914856 0.3 240000
1694833939967 0.3 244000
1694833964746 0.3 248000
1694833988916 0.3 252000
1694834013936 0.3 256000
1694834038165 0.3 260000
1694834062146 0.3 264000
1694834086744 0.3 268000
1694834111057 0.3 272000
1694834135698 0.3 276000
1694834160108 0.3 280000
1694834186710 0.3 284000
1694834219431 0.3 288000
1694834253234 0.3 292000
1694834285581 0.3 296000
1694834318066 0.3 300000
1694834347494 0.3 304000
1694834376910 0.3 308000
1694834412392 0.3 312000
1694834450543 0.3 316000
1694834485713 0.3 320000
1694834524688 0.3 324000
1694834560366 0.3 328000
1694834603347 0.3 332000
1694834644073 0.3 336000
1694834689224 0.3 340000
1694834723445 0.3 344000
