1694832172736 0.0 4000
1694832209520 0.0 8000
1694832246354 0.0 12000
1694832282941 0.0 16000
1694832317278 0.0 20000
1694832348816 0.0 24000
1694832378660 0.0 28000
1694832408749 0.0 32000
1694832440457 0.0 36000
1694832471857 0.0 40000
1694832507547 0.0 44000
1694832536490 0.0 48000
1694832564143 0.0 52000
1694832596555 0.0 56000
1694832625786 0.0 60000
1694832655032 0.0 64000
1694832683507 0.0 68000
1694832713144 0.0 72000
1694832742046 0.0 76000
1694832770415 0.0 80000
1694832799859 0.0 84000
1694832829392 0.0 88000
1694832858342 0.0 92000
1694832887966 0.0 96000
1694832916499 0.0 100000
1694832946281 0.0 104000
1694832974406 0.0 108000
1694833003499 0.0 112000
1694833032318 0.0 116000
1694833061941 0.0 120000
1694833092026 0.0 124000
1694833121602 0.0 128000
1694833150552 0.0 132000
1694833180464 0.0 136000
1694833209366 0.0 140000
1694833239174 0.0 144000
1694833267875 0.0 148000
1694833296768 0.0 152000
1694833325810 0.0 156000
1694833355495 0.0 160000
1694833389295 0.0 164000
1694833420312 0.0 168000
1694833449674 0.0 172000
1694833480482 0.0 176000
1694833509582 0.0 180000
1694833538219 0.0 184000
1694833568183 0.0 188000
1694833603376 0.0 192000
1694833632840 0.0 196000
1694833663053 0.0 200000
1694833692526 0.0 204000
1694833718705 0.0 208000
1694833743377 0.0 212000
1694833767984 0.0 216000
1694833792937 0.0 220000
1694833816942 0.0 224000
1694833841707 0.0 228000
1694833865917 0.0 232000
1694833890655 0.0 236000
1694833914777 0.0 240000
1694833939886 0.0 244000
1694833964672 0.0 248000
1694833988831 0.0 252000
1694834013870 0.0 256000
1694834038098 0.0 260000
1694834062081 0.0 264000
1694834086666 0.0 268000
1694834110989 0.0 272000
1694834135626 0.0 276000
1694834160033 0.0 280000
1694834186625 0.0 284000
1694834219344 0.0 288000
1694834253047 0.0 292000
1694834285492 0.0 296000
1694834317986 0.0 300000
1694834347410 0.0 304000
1694834376828 0.0 308000
1694834412222 0.0 312000
1694834450347 0.0 316000
1694834485616 0.0 320000
1694834524576 0.0 324000
1694834560238 0.0 328000
1694834603213 0.0 332000
1694834643967 0.0 336000
1694834689065 0.0 340000
1694834723365 0.0 344000
