1694832172919 0.0 4000
1694832209732 0.0 8000
1694832246474 0.0 12000
1694832283058 0.0 16000
1694832317391 0.0 20000
1694832348912 0.0 24000
1694832378754 0.0 28000
1694832408854 0.0 32000
1694832440577 0.0 36000
1694832471975 0.0 40000
1694832507635 0.0 44000
1694832536582 0.0 48000
1694832564234 0.0 52000
1694832596636 0.0 56000
1694832625880 0.0 60000
1694832655117 0.0 64000
1694832683607 0.0 68000
1694832713228 0.0 72000
1694832742129 0.0 76000
1694832770513 0.0 80000
1694832799961 0.0 84000
1694832829487 0.0 88000
1694832858441 0.0 92000
1694832888058 0.0 96000
1694832916580 0.0 100000
1694832946362 0.0 104000
1694832974489 0.0 108000
1694833003578 0.0 112000
1694833032408 0.0 116000
1694833062026 0.0 120000
1694833092105 0.0 124000
1694833121683 0.0 128000
1694833150644 0.0 132000
1694833180552 0.0 136000
1694833209452 0.0 140000
1694833239257 0.0 144000
1694833267955 0.0 148000
1694833296847 0.0 152000
1694833325895 0.0 156000
1694833355580 0.0 160000
1694833389409 0.0 164000
1694833420400 0.0 168000
1694833449776 0.0 172000
1694833480571 0.0 176000
1694833509671 0.0 180000
1694833538308 0.0 184000
1694833568314 0.0 188000
1694833603489 0.0 192000
1694833632949 0.0 196000
1694833663144 0.0 200000
1694833692616 0.0 204000
1694833718788 0.0 208000
1694833743468 0.0 212000
1694833768074 0.0 216000
1694833793021 0.0 220000
1694833817031 0.0 224000
1694833841789 0.0 228000
1694833865997 0.0 232000
1694833890777 0.0 236000
1694833914862 0.0 240000
1694833939976 0.0 244000
1694833964751 0.0 248000
1694833988921 0.0 252000
1694834013943 0.0 256000
1694834038172 0.0 260000
1694834062152 0.0 264000
1694834086749 0.0 268000
1694834111062 0.0 272000
1694834135704 0.0 276000
1694834160113 0.0 280000
1694834186715 0.0 284000
1694834219438 0.0 288000
1694834253247 0.0 292000
1694834285586 0.0 296000
1694834318073 0.0 300000
1694834347503 0.0 304000
1694834376916 0.0 308000
1694834412421 0.0 312000
1694834450572 0.0 316000
1694834485720 0.0 320000
1694834524697 0.0 324000
1694834560373 0.0 328000
1694834603356 0.0 332000
1694834644080 0.0 336000
1694834689235 0.0 340000
1694834723452 0.0 344000
