1694832172834 60.0 4000
1694832209635 60.0 8000
1694832246424 60.0 12000
1694832283006 60.0 16000
1694832317342 60.0 20000
1694832348871 60.0 24000
1694832378712 60.0 28000
1694832408806 60.0 32000
1694832440525 60.0 36000
1694832471925 60.0 40000
1694832507598 60.0 44000
1694832536545 60.0 48000
1694832564190 60.0 52000
1694832596604 60.0 56000
1694832625836 60.0 60000
1694832655077 60.0 64000
1694832683562 60.0 68000
1694832713191 60.0 72000
1694832742090 60.0 76000
1694832770467 60.0 80000
1694832799916 60.0 84000
1694832829442 60.0 88000
1694832858400 60.0 92000
1694832888013 60.0 96000
1694832916548 60.0 100000
1694832946327 60.0 104000
1694832974451 60.0 108000
1694833003545 60.0 112000
1694833032364 60.0 116000
1694833061988 60.0 120000
1694833092067 60.0 124000
1694833121648 60.0 128000
1694833150607 60.0 132000
1694833180513 60.0 136000
1694833209414 60.0 140000
1694833239221 60.0 144000
1694833267920 60.0 148000
1694833296811 60.0 152000
1694833325860 60.0 156000
1694833355545 60.0 160000
1694833389366 60.0 164000
1694833420359 60.0 168000
1694833449731 60.0 172000
1694833480533 60.0 176000
1694833509630 60.0 180000
1694833538267 60.0 184000
1694833568258 60.0 188000
1694833603441 60.0 192000
1694833632895 60.0 196000
1694833663104 60.0 200000
1694833692573 60.0 204000
1694833718747 60.0 208000
1694833743428 60.0 212000
1694833768036 60.0 216000
1694833792980 60.0 220000
1694833816994 60.0 224000
1694833841753 60.0 228000
1694833865961 60.0 232000
1694833890722 60.0 236000
1694833914825 60.0 240000
1694833939937 60.0 244000
1694833964715 60.0 248000
1694833988885 60.0 252000
1694834013912 60.0 256000
1694834038141 60.0 260000
1694834062122 60.0 264000
1694834086720 60.0 268000
1694834111032 60.0 272000
1694834135666 60.0 276000
1694834160082 60.0 280000
1694834186676 60.0 284000
1694834219398 60.0 288000
1694834253173 60.0 292000
1694834285550 60.0 296000
1694834318032 60.0 300000
1694834347465 60.0 304000
1694834376877 60.0 308000
1694834412315 60.0 312000
1694834450478 60.0 316000
1694834485676 60.0 320000
1694834524643 60.0 324000
1694834560316 60.0 328000
1694834603294 60.0 332000
1694834644031 60.0 336000
1694834689169 60.0 340000
1694834723413 60.0 344000
