1694832172716 0.0 4000
1694832209480 0.0 8000
1694832246341 0.0 12000
1694832282915 0.0 16000
1694832317257 0.0 20000
1694832348801 0.0 24000
1694832378649 0.0 28000
1694832408730 0.0 32000
1694832440442 0.0 36000
1694832471839 0.0 40000
1694832507536 0.0 44000
1694832536474 0.0 48000
1694832564131 0.0 52000
1694832596539 0.0 56000
1694832625773 0.0 60000
1694832655020 0.0 64000
1694832683489 0.0 68000
1694832713131 0.0 72000
1694832742035 0.0 76000
1694832770403 0.0 80000
1694832799840 0.0 84000
1694832829381 0.0 88000
1694832858325 0.0 92000
1694832887955 0.0 96000
1694832916485 0.0 100000
1694832946269 0.0 104000
1694832974394 0.0 108000
1694833003485 0.0 112000
1694833032306 0.0 116000
1694833061925 0.0 120000
1694833092015 0.0 124000
1694833121590 0.0 128000
1694833150538 0.0 132000
1694833180452 0.0 136000
1694833209354 0.0 140000
1694833239160 0.0 144000
1694833267864 0.0 148000
1694833296755 0.0 152000
1694833325795 0.0 156000
1694833355482 0.0 160000
1694833389280 0.0 164000
1694833420300 0.0 168000
1694833449660 0.0 172000
1694833480465 0.0 176000
1694833509570 0.0 180000
1694833538207 0.0 184000
1694833568161 0.0 188000
1694833603361 0.0 192000
1694833632821 0.0 196000
1694833663041 0.0 200000
1694833692515 0.0 204000
1694833718694 0.0 208000
1694833743366 0.0 212000
1694833767967 0.0 216000
1694833792925 0.0 220000
1694833816932 0.0 224000
1694833841697 0.0 228000
1694833865902 0.0 232000
1694833890621 0.0 236000
1694833914767 0.0 240000
1694833939875 0.0 244000
1694833964662 0.0 248000
1694833988820 0.0 252000
1694834013859 0.0 256000
1694834038087 0.0 260000
1694834062071 0.0 264000
1694834086654 0.0 268000
1694834110977 0.0 272000
1694834135616 0.0 276000
1694834160017 0.0 280000
1694834186613 0.0 284000
1694834219325 0.0 288000
1694834253025 0.0 292000
1694834285476 0.0 296000
1694834317973 0.0 300000
1694834347391 0.0 304000
1694834376816 0.0 308000
1694834412201 0.0 312000
1694834450327 0.0 316000
1694834485603 0.0 320000
1694834524560 0.0 324000
1694834560218 0.0 328000
1694834603186 0.0 332000
1694834643954 0.0 336000
1694834689036 0.0 340000
1694834723353 0.0 344000
