1694832172709 20.0 4000
1694832209469 20.0 8000
1694832246331 20.0 12000
1694832282906 20.0 16000
1694832317252 20.0 20000
1694832348796 20.0 24000
1694832378644 20.0 28000
1694832408723 20.0 32000
1694832440433 20.0 36000
1694832471831 20.0 40000
1694832507529 20.0 44000
1694832536467 20.0 48000
1694832564126 20.0 52000
1694832596534 20.0 56000
1694832625768 20.0 60000
1694832655016 20.0 64000
1694832683482 20.0 68000
1694832713127 20.0 72000
1694832742031 20.0 76000
1694832770395 20.0 80000
1694832799834 20.0 84000
1694832829377 20.0 88000
1694832858320 20.0 92000
1694832887950 20.0 96000
1694832916477 20.0 100000
1694832946265 20.0 104000
1694832974390 20.0 108000
1694833003480 20.0 112000
1694833032301 20.0 116000
1694833061920 20.0 120000
1694833092010 20.0 124000
1694833121585 20.0 128000
1694833150533 20.0 132000
1694833180448 20.0 136000
1694833209349 20.0 140000
1694833239155 20.0 144000
1694833267859 20.0 148000
1694833296750 20.0 152000
1694833325790 20.0 156000
1694833355477 20.0 160000
1694833389275 20.0 164000
1694833420296 20.0 168000
1694833449654 20.0 172000
1694833480460 20.0 176000
1694833509564 20.0 180000
1694833538203 20.0 184000
1694833568150 20.0 188000
1694833603356 20.0 192000
1694833632815 20.0 196000
1694833663037 20.0 200000
1694833692511 20.0 204000
1694833718689 20.0 208000
1694833743361 20.0 212000
1694833767962 20.0 216000
1694833792916 20.0 220000
1694833816928 20.0 224000
1694833841692 20.0 228000
1694833865898 20.0 232000
1694833890615 20.0 236000
1694833914760 20.0 240000
1694833939868 20.0 244000
1694833964657 20.0 248000
1694833988815 20.0 252000
1694834013854 20.0 256000
1694834038083 20.0 260000
1694834062067 20.0 264000
1694834086650 20.0 268000
1694834110973 20.0 272000
1694834135611 20.0 276000
1694834160011 20.0 280000
1694834186609 20.0 284000
1694834219321 20.0 288000
1694834253016 20.0 292000
1694834285472 20.0 296000
1694834317969 20.0 300000
1694834347386 20.0 304000
1694834376811 20.0 308000
1694834412189 20.0 312000
1694834450301 20.0 316000
1694834485596 20.0 320000
1694834524549 20.0 324000
1694834560212 20.0 328000
1694834603175 20.0 332000
1694834643948 20.0 336000
1694834689026 20.0 340000
1694834723349 20.0 344000
