1694832172707 0.0 4000
1694832209467 0.0 8000
1694832246328 0.0 12000
1694832282904 0.0 16000
1694832317250 0.0 20000
1694832348795 0.0 24000
1694832378642 0.0 28000
1694832408721 0.0 32000
1694832440431 0.0 36000
1694832471829 0.0 40000
1694832507527 0.0 44000
1694832536466 0.0 48000
1694832564125 0.0 52000
1694832596533 0.0 56000
1694832625766 0.0 60000
1694832655015 0.0 64000
1694832683480 0.0 68000
1694832713126 0.0 72000
1694832742029 0.0 76000
1694832770392 0.0 80000
1694832799832 0.0 84000
1694832829375 0.0 88000
1694832858319 0.0 92000
1694832887949 0.0 96000
1694832916476 0.0 100000
1694832946263 0.0 104000
1694832974389 0.0 108000
1694833003479 0.0 112000
1694833032299 0.0 116000
1694833061919 0.0 120000
1694833092009 0.0 124000
1694833121584 0.0 128000
1694833150531 0.0 132000
1694833180446 0.0 136000
1694833209348 0.0 140000
1694833239154 0.0 144000
1694833267858 0.0 148000
1694833296749 0.0 152000
1694833325789 0.0 156000
1694833355475 0.0 160000
1694833389274 0.0 164000
1694833420295 0.0 168000
1694833449653 0.0 172000
1694833480459 0.0 176000
1694833509562 0.0 180000
1694833538201 0.0 184000
1694833568147 0.0 188000
1694833603355 0.0 192000
1694833632813 0.0 196000
1694833663035 0.0 200000
1694833692510 0.0 204000
1694833718688 0.0 208000
1694833743360 0.0 212000
1694833767961 0.0 216000
1694833792914 0.0 220000
1694833816927 0.0 224000
1694833841691 0.0 228000
1694833865897 0.0 232000
1694833890614 0.0 236000
1694833914758 0.0 240000
1694833939866 0.0 244000
1694833964656 0.0 248000
1694833988814 0.0 252000
1694834013853 0.0 256000
1694834038082 0.0 260000
1694834062066 0.0 264000
1694834086649 0.0 268000
1694834110972 0.0 272000
1694834135610 0.0 276000
1694834160009 0.0 280000
1694834186607 0.0 284000
1694834219319 0.0 288000
1694834252999 0.0 292000
1694834285471 0.0 296000
1694834317967 0.0 300000
1694834347385 0.0 304000
1694834376809 0.0 308000
1694834412186 0.0 312000
1694834450298 0.0 316000
1694834485593 0.0 320000
1694834524547 0.0 324000
1694834560211 0.0 328000
1694834603174 0.0 332000
1694834643947 0.0 336000
1694834689024 0.0 340000
1694834723347 0.0 344000
