1694832172753 0.0 4000
1694832209522 0.0 8000
1694832246356 0.0 12000
1694832282943 0.0 16000
1694832317280 0.0 20000
1694832348818 0.0 24000
1694832378662 0.0 28000
1694832408750 0.0 32000
1694832440459 0.0 36000
1694832471858 0.0 40000
1694832507548 0.0 44000
1694832536493 0.0 48000
1694832564144 0.0 52000
1694832596557 0.0 56000
1694832625788 0.0 60000
1694832655033 0.0 64000
1694832683508 0.0 68000
1694832713147 0.0 72000
1694832742047 0.0 76000
1694832770416 0.0 80000
1694832799860 0.0 84000
1694832829393 0.0 88000
1694832858343 0.0 92000
1694832887968 0.0 96000
1694832916500 0.0 100000
1694832946283 0.0 104000
1694832974408 0.0 108000
1694833003501 0.0 112000
1694833032319 0.0 116000
1694833061942 0.0 120000
1694833092027 0.0 124000
1694833121603 0.0 128000
1694833150555 0.0 132000
1694833180467 0.0 136000
1694833209368 0.0 140000
1694833239175 0.0 144000
1694833267877 0.0 148000
1694833296769 0.0 152000
1694833325812 0.0 156000
1694833355497 0.0 160000
1694833389298 0.0 164000
1694833420313 0.0 168000
1694833449675 0.0 172000
1694833480483 0.0 176000
1694833509584 0.0 180000
1694833538220 0.0 184000
1694833568185 0.0 188000
1694833603378 0.0 192000
1694833632841 0.0 196000
1694833663055 0.0 200000
1694833692528 0.0 204000
1694833718706 0.0 208000
1694833743379 0.0 212000
1694833767985 0.0 216000
1694833792939 0.0 220000
1694833816943 0.0 224000
1694833841708 0.0 228000
1694833865918 0.0 232000
1694833890657 0.0 236000
1694833914778 0.0 240000
1694833939887 0.0 244000
1694833964673 0.0 248000
1694833988832 0.0 252000
1694834013871 0.0 256000
1694834038099 0.0 260000
1694834062082 0.0 264000
1694834086667 0.0 268000
1694834110990 0.0 272000
1694834135627 0.0 276000
1694834160035 0.0 280000
1694834186626 0.0 284000
1694834219346 0.0 288000
1694834253066 0.0 292000
1694834285494 0.0 296000
1694834317987 0.0 300000
1694834347412 0.0 304000
1694834376829 0.0 308000
1694834412224 0.0 312000
1694834450350 0.0 316000
1694834485617 0.0 320000
1694834524579 0.0 324000
1694834560241 0.0 328000
1694834603215 0.0 332000
1694834643969 0.0 336000
1694834689067 0.0 340000
1694834723366 0.0 344000
