1694832172723 1.0 4000
1694832209510 1.0 8000
1694832246348 1.0 12000
1694832282928 1.0 16000
1694832317267 1.0 20000
1694832348807 1.0 24000
1694832378655 1.0 28000
1694832408741 1.0 32000
1694832440451 1.0 36000
1694832471850 1.0 40000
1694832507542 1.0 44000
1694832536483 1.0 48000
1694832564137 1.0 52000
1694832596546 1.0 56000
1694832625778 1.0 60000
1694832655026 1.0 64000
1694832683499 1.0 68000
1694832713137 1.0 72000
1694832742040 1.0 76000
1694832770409 1.0 80000
1694832799850 1.0 84000
1694832829386 1.0 88000
1694832858334 1.0 92000
1694832887961 1.0 96000
1694832916493 1.0 100000
1694832946275 1.0 104000
1694832974400 1.0 108000
1694833003490 1.0 112000
1694833032312 1.0 116000
1694833061932 1.0 120000
1694833092021 1.0 124000
1694833121596 1.0 128000
1694833150543 1.0 132000
1694833180458 1.0 136000
1694833209359 1.0 140000
1694833239167 1.0 144000
1694833267870 1.0 148000
1694833296761 1.0 152000
1694833325800 1.0 156000
1694833355489 1.0 160000
1694833389286 1.0 164000
1694833420306 1.0 168000
1694833449667 1.0 172000
1694833480473 1.0 176000
1694833509576 1.0 180000
1694833538213 1.0 184000
1694833568173 1.0 188000
1694833603368 1.0 192000
1694833632833 1.0 196000
1694833663047 1.0 200000
1694833692521 1.0 204000
1694833718699 1.0 208000
1694833743371 1.0 212000
1694833767973 1.0 216000
1694833792932 1.0 220000
1694833816937 1.0 224000
1694833841702 1.0 228000
1694833865911 1.0 232000
1694833890629 1.0 236000
1694833914772 1.0 240000
1694833939880 1.0 244000
1694833964666 1.0 248000
1694833988825 1.0 252000
1694834013864 1.0 256000
1694834038092 1.0 260000
1694834062076 1.0 264000
1694834086659 1.0 268000
1694834110983 1.0 272000
1694834135621 1.0 276000
1694834160025 1.0 280000
1694834186619 1.0 284000
1694834219333 1.0 288000
1694834253034 1.0 292000
1694834285483 1.0 296000
1694834317980 1.0 300000
1694834347401 1.0 304000
1694834376822 1.0 308000
1694834412213 1.0 312000
1694834450336 1.0 316000
1694834485610 1.0 320000
1694834524568 1.0 324000
1694834560224 1.0 328000
1694834603200 1.0 332000
1694834643961 1.0 336000
1694834689051 1.0 340000
1694834723359 1.0 344000
