1694832172910 0.0 4000
1694832209717 0.0 8000
1694832246462 0.0 12000
1694832283048 0.0 16000
1694832317378 0.0 20000
1694832348904 0.0 24000
1694832378747 0.0 28000
1694832408847 0.0 32000
1694832440562 0.0 36000
1694832471963 0.0 40000
1694832507628 0.0 44000
1694832536575 0.0 48000
1694832564221 0.0 52000
1694832596630 0.0 56000
1694832625869 0.0 60000
1694832655110 0.0 64000
1694832683597 0.0 68000
1694832713221 0.0 72000
1694832742122 0.0 76000
1694832770505 0.0 80000
1694832799954 0.0 84000
1694832829477 0.0 88000
1694832858431 0.0 92000
1694832888047 0.0 96000
1694832916573 0.0 100000
1694832946353 0.0 104000
1694832974482 0.0 108000
1694833003571 0.0 112000
1694833032396 0.0 116000
1694833062018 0.0 120000
1694833092098 0.0 124000
1694833121675 0.0 128000
1694833150633 0.0 132000
1694833180544 0.0 136000
1694833209445 0.0 140000
1694833239250 0.0 144000
1694833267948 0.0 148000
1694833296841 0.0 152000
1694833325887 0.0 156000
1694833355573 0.0 160000
1694833389401 0.0 164000
1694833420393 0.0 168000
1694833449765 0.0 172000
1694833480561 0.0 176000
1694833509663 0.0 180000
1694833538302 0.0 184000
1694833568299 0.0 188000
1694833603480 0.0 192000
1694833632942 0.0 196000
1694833663138 0.0 200000
1694833692604 0.0 204000
1694833718778 0.0 208000
1694833743456 0.0 212000
1694833768064 0.0 216000
1694833793008 0.0 220000
1694833817022 0.0 224000
1694833841778 0.0 228000
1694833865989 0.0 232000
1694833890769 0.0 236000
1694833914855 0.0 240000
1694833939964 0.0 244000
1694833964745 0.0 248000
1694833988915 0.0 252000
1694834013935 0.0 256000
1694834038164 0.0 260000
1694834062145 0.0 264000
1694834086743 0.0 268000
1694834111056 0.0 272000
1694834135697 0.0 276000
1694834160107 0.0 280000
1694834186708 0.0 284000
1694834219430 0.0 288000
1694834253232 0.0 292000
1694834285580 0.0 296000
1694834318065 0.0 300000
1694834347492 0.0 304000
1694834376909 0.0 308000
1694834412389 0.0 312000
1694834450541 0.0 316000
1694834485712 0.0 320000
1694834524686 0.0 324000
1694834560364 0.0 328000
1694834603345 0.0 332000
1694834644072 0.0 336000
1694834689222 0.0 340000
1694834723444 0.0 344000
