1694832172763 1.0 4000
1694832209556 1.0 8000
1694832246371 1.0 12000
1694832282952 1.0 16000
1694832317292 1.0 20000
1694832348826 1.0 24000
1694832378671 1.0 28000
1694832408757 1.0 32000
1694832440471 1.0 36000
1694832471869 1.0 40000
1694832507555 1.0 44000
1694832536503 1.0 48000
1694832564151 1.0 52000
1694832596564 1.0 56000
1694832625800 1.0 60000
1694832655040 1.0 64000
1694832683515 1.0 68000
1694832713157 1.0 72000
1694832742057 1.0 76000
1694832770425 1.0 80000
1694832799867 1.0 84000
1694832829400 1.0 88000
1694832858355 1.0 92000
1694832887974 1.0 96000
1694832916507 1.0 100000
1694832946289 1.0 104000
1694832974418 1.0 108000
1694833003510 1.0 112000
1694833032326 1.0 116000
1694833061949 1.0 120000
1694833092035 1.0 124000
1694833121611 1.0 128000
1694833150567 1.0 132000
1694833180474 1.0 136000
1694833209375 1.0 140000
1694833239183 1.0 144000
1694833267883 1.0 148000
1694833296776 1.0 152000
1694833325819 1.0 156000
1694833355504 1.0 160000
1694833389312 1.0 164000
1694833420322 1.0 168000
1694833449683 1.0 172000
1694833480491 1.0 176000
1694833509590 1.0 180000
1694833538231 1.0 184000
1694833568194 1.0 188000
1694833603388 1.0 192000
1694833632849 1.0 196000
1694833663062 1.0 200000
1694833692534 1.0 204000
1694833718713 1.0 208000
1694833743387 1.0 212000
1694833767992 1.0 216000
1694833792945 1.0 220000
1694833816950 1.0 224000
1694833841714 1.0 228000
1694833865924 1.0 232000
1694833890665 1.0 236000
1694833914786 1.0 240000
1694833939894 1.0 244000
1694833964679 1.0 248000
1694833988841 1.0 252000
1694834013877 1.0 256000
1694834038105 1.0 260000
1694834062088 1.0 264000
1694834086678 1.0 268000
1694834110996 1.0 272000
1694834135633 1.0 276000
1694834160045 1.0 280000
1694834186639 1.0 284000
1694834219353 1.0 288000
1694834253078 1.0 292000
1694834285505 1.0 296000
1694834317994 1.0 300000
1694834347419 1.0 304000
1694834376836 1.0 308000
1694834412242 1.0 312000
1694834450380 1.0 316000
1694834485627 1.0 320000
1694834524592 1.0 324000
1694834560257 1.0 328000
1694834603225 1.0 332000
1694834643977 1.0 336000
1694834689098 1.0 340000
1694834723373 1.0 344000
