1694832172818 0.0 4000
1694832209617 0.0 8000
1694832246409 0.0 12000
1694832282994 0.0 16000
1694832317326 0.0 20000
1694832348857 0.0 24000
1694832378703 0.0 28000
1694832408794 0.0 32000
1694832440508 0.0 36000
1694832471909 0.0 40000
1694832507585 0.0 44000
1694832536527 0.0 48000
1694832564178 0.0 52000
1694832596591 0.0 56000
1694832625827 0.0 60000
1694832655068 0.0 64000
1694832683552 0.0 68000
1694832713182 0.0 72000
1694832742081 0.0 76000
1694832770458 0.0 80000
1694832799905 0.0 84000
1694832829433 0.0 88000
1694832858388 0.0 92000
1694832888000 0.0 96000
1694832916537 0.0 100000
1694832946317 0.0 104000
1694832974442 0.0 108000
1694833003536 0.0 112000
1694833032354 0.0 116000
1694833061974 0.0 120000
1694833092058 0.0 124000
1694833121638 0.0 128000
1694833150598 0.0 132000
1694833180504 0.0 136000
1694833209404 0.0 140000
1694833239210 0.0 144000
1694833267911 0.0 148000
1694833296802 0.0 152000
1694833325845 0.0 156000
1694833355535 0.0 160000
1694833389351 0.0 164000
1694833420349 0.0 168000
1694833449718 0.0 172000
1694833480520 0.0 176000
1694833509615 0.0 180000
1694833538257 0.0 184000
1694833568240 0.0 188000
1694833603428 0.0 192000
1694833632885 0.0 196000
1694833663094 0.0 200000
1694833692562 0.0 204000
1694833718738 0.0 208000
1694833743415 0.0 212000
1694833768025 0.0 216000
1694833792969 0.0 220000
1694833816986 0.0 224000
1694833841744 0.0 228000
1694833865950 0.0 232000
1694833890712 0.0 236000
1694833914813 0.0 240000
1694833939923 0.0 244000
1694833964707 0.0 248000
1694833988873 0.0 252000
1694834013903 0.0 256000
1694834038132 0.0 260000
1694834062114 0.0 264000
1694834086709 0.0 268000
1694834111021 0.0 272000
1694834135656 0.0 276000
1694834160071 0.0 280000
1694834186667 0.0 284000
1694834219384 0.0 288000
1694834253138 0.0 292000
1694834285534 0.0 296000
1694834318023 0.0 300000
1694834347456 0.0 304000
1694834376867 0.0 308000
1694834412297 0.0 312000
1694834450442 0.0 316000
1694834485665 0.0 320000
1694834524631 0.0 324000
1694834560297 0.0 328000
1694834603274 0.0 332000
1694834644019 0.0 336000
1694834689151 0.0 340000
1694834723401 0.0 344000
