1694832172822 0.0 4000
1694832209622 0.0 8000
1694832246417 0.0 12000
1694832282999 0.0 16000
1694832317332 0.0 20000
1694832348861 0.0 24000
1694832378706 0.0 28000
1694832408799 0.0 32000
1694832440514 0.0 36000
1694832471914 0.0 40000
1694832507591 0.0 44000
1694832536534 0.0 48000
1694832564182 0.0 52000
1694832596596 0.0 56000
1694832625830 0.0 60000
1694832655071 0.0 64000
1694832683556 0.0 68000
1694832713185 0.0 72000
1694832742085 0.0 76000
1694832770461 0.0 80000
1694832799909 0.0 84000
1694832829436 0.0 88000
1694832858391 0.0 92000
1694832888006 0.0 96000
1694832916541 0.0 100000
1694832946321 0.0 104000
1694832974446 0.0 108000
1694833003539 0.0 112000
1694833032358 0.0 116000
1694833061978 0.0 120000
1694833092062 0.0 124000
1694833121641 0.0 128000
1694833150601 0.0 132000
1694833180507 0.0 136000
1694833209408 0.0 140000
1694833239213 0.0 144000
1694833267914 0.0 148000
1694833296805 0.0 152000
1694833325851 0.0 156000
1694833355539 0.0 160000
1694833389357 0.0 164000
1694833420353 0.0 168000
1694833449724 0.0 172000
1694833480526 0.0 176000
1694833509622 0.0 180000
1694833538260 0.0 184000
1694833568246 0.0 188000
1694833603433 0.0 192000
1694833632889 0.0 196000
1694833663097 0.0 200000
1694833692566 0.0 204000
1694833718741 0.0 208000
1694833743419 0.0 212000
1694833768029 0.0 216000
1694833792972 0.0 220000
1694833816989 0.0 224000
1694833841748 0.0 228000
1694833865953 0.0 232000
1694833890716 0.0 236000
1694833914819 0.0 240000
1694833939926 0.0 244000
1694833964710 0.0 248000
1694833988877 0.0 252000
1694834013907 0.0 256000
1694834038135 0.0 260000
1694834062117 0.0 264000
1694834086713 0.0 268000
1694834111027 0.0 272000
1694834135659 0.0 276000
1694834160076 0.0 280000
1694834186671 0.0 284000
1694834219388 0.0 288000
1694834253146 0.0 292000
1694834285538 0.0 296000
1694834318026 0.0 300000
1694834347459 0.0 304000
1694834376871 0.0 308000
1694834412305 0.0 312000
1694834450451 0.0 316000
1694834485669 0.0 320000
1694834524636 0.0 324000
1694834560304 0.0 328000
1694834603281 0.0 332000
1694834644024 0.0 336000
1694834689158 0.0 340000
1694834723406 0.0 344000
