1694832172755 0.99 4000
1694832209524 0.99 8000
1694832246358 0.99 12000
1694832282945 0.99 16000
1694832317282 0.99 20000
1694832348820 0.99 24000
1694832378663 0.99 28000
1694832408751 0.99 32000
1694832440460 0.99 36000
1694832471859 0.99 40000
1694832507549 0.99 44000
1694832536495 0.99 48000
1694832564145 0.99 52000
1694832596558 0.99 56000
1694832625791 0.99 60000
1694832655034 0.99 64000
1694832683510 0.99 68000
1694832713149 0.99 72000
1694832742048 0.99 76000
1694832770417 0.99 80000
1694832799861 0.99 84000
1694832829394 0.99 88000
1694832858344 0.99 92000
1694832887969 0.99 96000
1694832916502 0.99 100000
1694832946284 0.99 104000
1694832974410 0.99 108000
1694833003503 0.99 112000
1694833032320 0.99 116000
1694833061943 0.99 120000
1694833092029 0.99 124000
1694833121605 0.99 128000
1694833150558 0.99 132000
1694833180468 0.99 136000
1694833209369 0.99 140000
1694833239176 0.99 144000
1694833267878 0.99 148000
1694833296771 0.99 152000
1694833325813 0.99 156000
1694833355498 0.99 160000
1694833389301 0.99 164000
1694833420315 0.99 168000
1694833449677 0.99 172000
1694833480484 0.99 176000
1694833509585 0.99 180000
1694833538221 0.99 184000
1694833568187 0.99 188000
1694833603381 0.99 192000
1694833632843 0.99 196000
1694833663056 0.99 200000
1694833692529 0.99 204000
1694833718707 0.99 208000
1694833743380 0.99 212000
1694833767987 0.99 216000
1694833792940 0.99 220000
1694833816945 0.99 224000
1694833841709 0.99 228000
1694833865919 0.99 232000
1694833890658 0.99 236000
1694833914779 0.99 240000
1694833939888 0.99 244000
1694833964674 0.99 248000
1694833988833 0.99 252000
1694834013872 0.99 256000
1694834038100 0.99 260000
1694834062083 0.99 264000
1694834086668 0.99 268000
1694834110991 0.99 272000
1694834135628 0.99 276000
1694834160037 0.99 280000
1694834186627 0.99 284000
1694834219347 0.99 288000
1694834253068 0.99 292000
1694834285496 0.99 296000
1694834317988 0.99 300000
1694834347413 0.99 304000
1694834376830 0.99 308000
1694834412227 0.99 312000
1694834450353 0.99 316000
1694834485619 0.99 320000
1694834524581 0.99 324000
1694834560244 0.99 328000
1694834603217 0.99 332000
1694834643970 0.99 336000
1694834689069 0.99 340000
1694834723367 0.99 344000
