1694832172871 -1.0 4000
1694832209676 -1.0 8000
1694832246447 -1.0 12000
1694832283026 -1.0 16000
1694832317357 -1.0 20000
1694832348892 -1.0 24000
1694832378728 -1.0 28000
1694832408828 -1.0 32000
1694832440549 -1.0 36000
1694832471949 -1.0 40000
1694832507612 -1.0 44000
1694832536560 -1.0 48000
1694832564209 -1.0 52000
1694832596618 -1.0 56000
1694832625857 -1.0 60000
1694832655091 -1.0 64000
1694832683581 -1.0 68000
1694832713211 -1.0 72000
1694832742110 -1.0 76000
1694832770487 -1.0 80000
1694832799936 -1.0 84000
1694832829463 -1.0 88000
1694832858419 -1.0 92000
1694832888028 -1.0 96000
1694832916561 -1.0 100000
1694832946341 -1.0 104000
1694832974470 -1.0 108000
1694833003559 -1.0 112000
1694833032378 -1.0 116000
1694833062007 -1.0 120000
1694833092081 -1.0 124000
1694833121662 -1.0 128000
1694833150621 -1.0 132000
1694833180529 -1.0 136000
1694833209428 -1.0 140000
1694833239238 -1.0 144000
1694833267933 -1.0 148000
1694833296828 -1.0 152000
1694833325876 -1.0 156000
1694833355559 -1.0 160000
1694833389385 -1.0 164000
1694833420381 -1.0 168000
1694833449748 -1.0 172000
1694833480549 -1.0 176000
1694833509644 -1.0 180000
1694833538290 -1.0 184000
1694833568283 -1.0 188000
1694833603460 -1.0 192000
1694833632925 -1.0 196000
1694833663118 -1.0 200000
1694833692592 -1.0 204000
1694833718763 -1.0 208000
1694833743445 -1.0 212000
1694833768048 -1.0 216000
1694833792996 -1.0 220000
1694833817009 -1.0 224000
1694833841766 -1.0 228000
1694833865974 -1.0 232000
1694833890755 -1.0 236000
1694833914844 -1.0 240000
1694833939951 -1.0 244000
1694833964728 -1.0 248000
1694833988903 -1.0 252000
1694834013925 -1.0 256000
1694834038154 -1.0 260000
1694834062134 -1.0 264000
1694834086733 -1.0 268000
1694834111045 -1.0 272000
1694834135683 -1.0 276000
1694834160096 -1.0 280000
1694834186695 -1.0 284000
1694834219413 -1.0 288000
1694834253197 -1.0 292000
1694834285564 -1.0 296000
1694834318053 -1.0 300000
1694834347480 -1.0 304000
1694834376891 -1.0 308000
1694834412351 -1.0 312000
1694834450522 -1.0 316000
1694834485696 -1.0 320000
1694834524668 -1.0 324000
1694834560344 -1.0 328000
1694834603320 -1.0 332000
1694834644054 -1.0 336000
1694834689198 -1.0 340000
1694834723426 -1.0 344000
