1694832172826 0.0 4000
1694832209627 0.0 8000
1694832246420 0.0 12000
1694832283002 0.0 16000
1694832317336 0.0 20000
1694832348865 0.0 24000
1694832378709 0.0 28000
1694832408802 0.0 32000
1694832440518 0.0 36000
1694832471919 0.0 40000
1694832507594 0.0 44000
1694832536539 0.0 48000
1694832564185 0.0 52000
1694832596600 0.0 56000
1694832625833 0.0 60000
1694832655074 0.0 64000
1694832683559 0.0 68000
1694832713187 0.0 72000
1694832742087 0.0 76000
1694832770464 0.0 80000
1694832799912 0.0 84000
1694832829439 0.0 88000
1694832858394 0.0 92000
1694832888009 0.0 96000
1694832916544 0.0 100000
1694832946323 0.0 104000
1694832974448 0.0 108000
1694833003541 0.0 112000
1694833032360 0.0 116000
1694833061980 0.0 120000
1694833092064 0.0 124000
1694833121644 0.0 128000
1694833150604 0.0 132000
1694833180510 0.0 136000
1694833209410 0.0 140000
1694833239216 0.0 144000
1694833267917 0.0 148000
1694833296808 0.0 152000
1694833325855 0.0 156000
1694833355541 0.0 160000
1694833389360 0.0 164000
1694833420355 0.0 168000
1694833449727 0.0 172000
1694833480529 0.0 176000
1694833509626 0.0 180000
1694833538263 0.0 184000
1694833568251 0.0 188000
1694833603436 0.0 192000
1694833632891 0.0 196000
1694833663101 0.0 200000
1694833692568 0.0 204000
1694833718744 0.0 208000
1694833743421 0.0 212000
1694833768032 0.0 216000
1694833792975 0.0 220000
1694833816991 0.0 224000
1694833841750 0.0 228000
1694833865956 0.0 232000
1694833890718 0.0 236000
1694833914822 0.0 240000
1694833939929 0.0 244000
1694833964712 0.0 248000
1694833988879 0.0 252000
1694834013909 0.0 256000
1694834038137 0.0 260000
1694834062119 0.0 264000
1694834086716 0.0 268000
1694834111029 0.0 272000
1694834135661 0.0 276000
1694834160079 0.0 280000
1694834186673 0.0 284000
1694834219393 0.0 288000
1694834253166 0.0 292000
1694834285543 0.0 296000
1694834318029 0.0 300000
1694834347461 0.0 304000
1694834376873 0.0 308000
1694834412309 0.0 312000
1694834450472 0.0 316000
1694834485671 0.0 320000
1694834524639 0.0 324000
1694834560311 0.0 328000
1694834603287 0.0 332000
1694834644026 0.0 336000
1694834689163 0.0 340000
1694834723409 0.0 344000
