1694832172717 0.0 4000
1694832209483 0.0 8000
1694832246342 0.0 12000
1694832282918 0.0 16000
1694832317259 0.0 20000
1694832348802 0.0 24000
1694832378650 0.0 28000
1694832408732 0.0 32000
1694832440445 0.0 36000
1694832471842 0.0 40000
1694832507537 0.0 44000
1694832536476 0.0 48000
1694832564132 0.0 52000
1694832596540 0.0 56000
1694832625774 0.0 60000
1694832655022 0.0 64000
1694832683491 0.0 68000
1694832713132 0.0 72000
1694832742036 0.0 76000
1694832770405 0.0 80000
1694832799842 0.0 84000
1694832829382 0.0 88000
1694832858326 0.0 92000
1694832887956 0.0 96000
1694832916487 0.0 100000
1694832946270 0.0 104000
1694832974395 0.0 108000
1694833003486 0.0 112000
1694833032308 0.0 116000
1694833061926 0.0 120000
1694833092016 0.0 124000
1694833121592 0.0 128000
1694833150539 0.0 132000
1694833180453 0.0 136000
1694833209355 0.0 140000
1694833239161 0.0 144000
1694833267865 0.0 148000
1694833296756 0.0 152000
1694833325796 0.0 156000
1694833355483 0.0 160000
1694833389281 0.0 164000
1694833420302 0.0 168000
1694833449661 0.0 172000
1694833480467 0.0 176000
1694833509571 0.0 180000
1694833538208 0.0 184000
1694833568163 0.0 188000
1694833603363 0.0 192000
1694833632824 0.0 196000
1694833663042 0.0 200000
1694833692517 0.0 204000
1694833718695 0.0 208000
1694833743367 0.0 212000
1694833767968 0.0 216000
1694833792927 0.0 220000
1694833816933 0.0 224000
1694833841698 0.0 228000
1694833865903 0.0 232000
1694833890622 0.0 236000
1694833914768 0.0 240000
1694833939876 0.0 244000
1694833964663 0.0 248000
1694833988821 0.0 252000
1694834013860 0.0 256000
1694834038088 0.0 260000
1694834062072 0.0 264000
1694834086655 0.0 268000
1694834110978 0.0 272000
1694834135616 0.0 276000
1694834160019 0.0 280000
1694834186614 0.0 284000
1694834219327 0.0 288000
1694834253027 0.0 292000
1694834285477 0.0 296000
1694834317975 0.0 300000
1694834347392 0.0 304000
1694834376817 0.0 308000
1694834412204 0.0 312000
1694834450328 0.0 316000
1694834485605 0.0 320000
1694834524562 0.0 324000
1694834560219 0.0 328000
1694834603188 0.0 332000
1694834643955 0.0 336000
1694834689038 0.0 340000
1694834723354 0.0 344000
