1694832172811 0.0 4000
1694832209607 0.0 8000
1694832246401 0.0 12000
1694832282982 0.0 16000
1694832317317 0.0 20000
1694832348851 0.0 24000
1694832378697 0.0 28000
1694832408784 0.0 32000
1694832440501 0.0 36000
1694832471902 0.0 40000
1694832507579 0.0 44000
1694832536522 0.0 48000
1694832564169 0.0 52000
1694832596584 0.0 56000
1694832625818 0.0 60000
1694832655062 0.0 64000
1694832683541 0.0 68000
1694832713176 0.0 72000
1694832742076 0.0 76000
1694832770452 0.0 80000
1694832799894 0.0 84000
1694832829427 0.0 88000
1694832858379 0.0 92000
1694832887993 0.0 96000
1694832916527 0.0 100000
1694832946310 0.0 104000
1694832974437 0.0 108000
1694833003528 0.0 112000
1694833032349 0.0 116000
1694833061968 0.0 120000
1694833092053 0.0 124000
1694833121632 0.0 128000
1694833150588 0.0 132000
1694833180498 0.0 136000
1694833209398 0.0 140000
1694833239204 0.0 144000
1694833267905 0.0 148000
1694833296796 0.0 152000
1694833325837 0.0 156000
1694833355528 0.0 160000
1694833389339 0.0 164000
1694833420343 0.0 168000
1694833449709 0.0 172000
1694833480511 0.0 176000
1694833509609 0.0 180000
1694833538251 0.0 184000
1694833568231 0.0 188000
1694833603416 0.0 192000
1694833632878 0.0 196000
1694833663088 0.0 200000
1694833692553 0.0 204000
1694833718732 0.0 208000
1694833743407 0.0 212000
1694833768017 0.0 216000
1694833792964 0.0 220000
1694833816974 0.0 224000
1694833841739 0.0 228000
1694833865945 0.0 232000
1694833890705 0.0 236000
1694833914804 0.0 240000
1694833939915 0.0 244000
1694833964702 0.0 248000
1694833988867 0.0 252000
1694834013897 0.0 256000
1694834038125 0.0 260000
1694834062108 0.0 264000
1694834086702 0.0 268000
1694834111012 0.0 272000
1694834135651 0.0 276000
1694834160062 0.0 280000
1694834186660 0.0 284000
1694834219377 0.0 288000
1694834253128 0.0 292000
1694834285528 0.0 296000
1694834318017 0.0 300000
1694834347448 0.0 304000
1694834376861 0.0 308000
1694834412283 0.0 312000
1694834450433 0.0 316000
1694834485658 0.0 320000
1694834524621 0.0 324000
1694834560286 0.0 328000
1694834603266 0.0 332000
1694834644011 0.0 336000
1694834689137 0.0 340000
1694834723395 0.0 344000
