1694832172883 0.2 4000
1694832209705 0.2 8000
1694832246454 0.2 12000
1694832283040 0.2 16000
1694832317369 0.2 20000
1694832348899 0.2 24000
1694832378738 0.2 28000
1694832408837 0.2 32000
1694832440555 0.2 36000
1694832471956 0.2 40000
1694832507622 0.2 44000
1694832536567 0.2 48000
1694832564215 0.2 52000
1694832596624 0.2 56000
1694832625863 0.2 60000
1694832655102 0.2 64000
1694832683587 0.2 68000
1694832713216 0.2 72000
1694832742116 0.2 76000
1694832770495 0.2 80000
1694832799944 0.2 84000
1694832829469 0.2 88000
1694832858424 0.2 92000
1694832888040 0.2 96000
1694832916567 0.2 100000
1694832946347 0.2 104000
1694832974476 0.2 108000
1694833003565 0.2 112000
1694833032385 0.2 116000
1694833062013 0.2 120000
1694833092091 0.2 124000
1694833121670 0.2 128000
1694833150627 0.2 132000
1694833180536 0.2 136000
1694833209434 0.2 140000
1694833239244 0.2 144000
1694833267939 0.2 148000
1694833296834 0.2 152000
1694833325881 0.2 156000
1694833355565 0.2 160000
1694833389391 0.2 164000
1694833420387 0.2 168000
1694833449756 0.2 172000
1694833480555 0.2 176000
1694833509655 0.2 180000
1694833538296 0.2 184000
1694833568290 0.2 188000
1694833603467 0.2 192000
1694833632934 0.2 196000
1694833663130 0.2 200000
1694833692598 0.2 204000
1694833718769 0.2 208000
1694833743450 0.2 212000
1694833768053 0.2 216000
1694833793000 0.2 220000
1694833817016 0.2 224000
1694833841771 0.2 228000
1694833865982 0.2 232000
1694833890762 0.2 236000
1694833914849 0.2 240000
1694833939956 0.2 244000
1694833964738 0.2 248000
1694833988909 0.2 252000
1694834013930 0.2 256000
1694834038159 0.2 260000
1694834062139 0.2 264000
1694834086738 0.2 268000
1694834111050 0.2 272000
1694834135690 0.2 276000
1694834160101 0.2 280000
1694834186702 0.2 284000
1694834219421 0.2 288000
1694834253223 0.2 292000
1694834285572 0.2 296000
1694834318059 0.2 300000
1694834347485 0.2 304000
1694834376903 0.2 308000
1694834412374 0.2 312000
1694834450532 0.2 316000
1694834485705 0.2 320000
1694834524675 0.2 324000
1694834560356 0.2 328000
1694834603332 0.2 332000
1694834644064 0.2 336000
1694834689211 0.2 340000
1694834723433 0.2 344000
