1694832172914 0.01 4000
1694832209723 0.01 8000
1694832246469 0.01 12000
1694832283053 0.01 16000
1694832317385 0.01 20000
1694832348908 0.01 24000
1694832378751 0.01 28000
1694832408850 0.01 32000
1694832440570 0.01 36000
1694832471968 0.01 40000
1694832507631 0.01 44000
1694832536579 0.01 48000
1694832564228 0.01 52000
1694832596633 0.01 56000
1694832625875 0.01 60000
1694832655113 0.01 64000
1694832683603 0.01 68000
1694832713225 0.01 72000
1694832742125 0.01 76000
1694832770509 0.01 80000
1694832799958 0.01 84000
1694832829483 0.01 88000
1694832858437 0.01 92000
1694832888054 0.01 96000
1694832916576 0.01 100000
1694832946358 0.01 104000
1694832974485 0.01 108000
1694833003574 0.01 112000
1694833032402 0.01 116000
1694833062022 0.01 120000
1694833092101 0.01 124000
1694833121679 0.01 128000
1694833150639 0.01 132000
1694833180548 0.01 136000
1694833209449 0.01 140000
1694833239254 0.01 144000
1694833267951 0.01 148000
1694833296844 0.01 152000
1694833325891 0.01 156000
1694833355577 0.01 160000
1694833389405 0.01 164000
1694833420397 0.01 168000
1694833449771 0.01 172000
1694833480566 0.01 176000
1694833509667 0.01 180000
1694833538305 0.01 184000
1694833568307 0.01 188000
1694833603484 0.01 192000
1694833632945 0.01 196000
1694833663141 0.01 200000
1694833692610 0.01 204000
1694833718784 0.01 208000
1694833743462 0.01 212000
1694833768070 0.01 216000
1694833793016 0.01 220000
1694833817026 0.01 224000
1694833841784 0.01 228000
1694833865993 0.01 232000
1694833890772 0.01 236000
1694833914858 0.01 240000
1694833939972 0.01 244000
1694833964748 0.01 248000
1694833988918 0.01 252000
1694834013938 0.01 256000
1694834038168 0.01 260000
1694834062149 0.01 264000
1694834086746 0.01 268000
1694834111059 0.01 272000
1694834135701 0.01 276000
1694834160110 0.01 280000
1694834186712 0.01 284000
1694834219433 0.01 288000
1694834253238 0.01 292000
1694834285583 0.01 296000
1694834318069 0.01 300000
1694834347498 0.01 304000
1694834376913 0.01 308000
1694834412398 0.01 312000
1694834450549 0.01 316000
1694834485716 0.01 320000
1694834524692 0.01 324000
1694834560368 0.01 328000
1694834603350 0.01 332000
1694834644076 0.01 336000
1694834689228 0.01 340000
1694834723448 0.01 344000
