1694832172917 1.0 4000
1694832209730 1.0 8000
1694832246472 1.0 12000
1694832283056 1.0 16000
1694832317389 1.0 20000
1694832348910 1.0 24000
1694832378753 1.0 28000
1694832408853 1.0 32000
1694832440575 1.0 36000
1694832471973 1.0 40000
1694832507634 1.0 44000
1694832536581 1.0 48000
1694832564232 1.0 52000
1694832596635 1.0 56000
1694832625878 1.0 60000
1694832655115 1.0 64000
1694832683605 1.0 68000
1694832713227 1.0 72000
1694832742127 1.0 76000
1694832770511 1.0 80000
1694832799960 1.0 84000
1694832829486 1.0 88000
1694832858440 1.0 92000
1694832888057 1.0 96000
1694832916578 1.0 100000
1694832946361 1.0 104000
1694832974488 1.0 108000
1694833003577 1.0 112000
1694833032406 1.0 116000
1694833062024 1.0 120000
1694833092104 1.0 124000
1694833121681 1.0 128000
1694833150642 1.0 132000
1694833180551 1.0 136000
1694833209451 1.0 140000
1694833239256 1.0 144000
1694833267954 1.0 148000
1694833296846 1.0 152000
1694833325894 1.0 156000
1694833355579 1.0 160000
1694833389408 1.0 164000
1694833420399 1.0 168000
1694833449775 1.0 172000
1694833480570 1.0 176000
1694833509670 1.0 180000
1694833538307 1.0 184000
1694833568312 1.0 188000
1694833603487 1.0 192000
1694833632948 1.0 196000
1694833663143 1.0 200000
1694833692614 1.0 204000
1694833718786 1.0 208000
1694833743467 1.0 212000
1694833768073 1.0 216000
1694833793019 1.0 220000
1694833817030 1.0 224000
1694833841788 1.0 228000
1694833865996 1.0 232000
1694833890775 1.0 236000
1694833914861 1.0 240000
1694833939975 1.0 244000
1694833964750 1.0 248000
1694833988920 1.0 252000
1694834013942 1.0 256000
1694834038171 1.0 260000
1694834062151 1.0 264000
1694834086748 1.0 268000
1694834111061 1.0 272000
1694834135703 1.0 276000
1694834160112 1.0 280000
1694834186714 1.0 284000
1694834219436 1.0 288000
1694834253244 1.0 292000
1694834285585 1.0 296000
1694834318071 1.0 300000
1694834347501 1.0 304000
1694834376915 1.0 308000
1694834412404 1.0 312000
1694834450555 1.0 316000
1694834485719 1.0 320000
1694834524695 1.0 324000
1694834560371 1.0 328000
1694834603354 1.0 332000
1694834644079 1.0 336000
1694834689232 1.0 340000
1694834723450 1.0 344000
