1694832172705 0.0 4000
1694832209465 0.0 8000
1694832246326 0.0 12000
1694832282903 0.0 16000
1694832317249 0.0 20000
1694832348794 0.0 24000
1694832378640 0.0 28000
1694832408719 0.0 32000
1694832440429 0.0 36000
1694832471828 0.0 40000
1694832507526 0.0 44000
1694832536465 0.0 48000
1694832564123 0.0 52000
1694832596532 0.0 56000
1694832625765 0.0 60000
1694832655014 0.0 64000
1694832683478 0.0 68000
1694832713125 0.0 72000
1694832742028 0.0 76000
1694832770390 0.0 80000
1694832799830 0.0 84000
1694832829374 0.0 88000
1694832858318 0.0 92000
1694832887947 0.0 96000
1694832916475 0.0 100000
1694832946261 0.0 104000
1694832974388 0.0 108000
1694833003478 0.0 112000
1694833032298 0.0 116000
1694833061918 0.0 120000
1694833092007 0.0 124000
1694833121583 0.0 128000
1694833150530 0.0 132000
1694833180445 0.0 136000
1694833209347 0.0 140000
1694833239153 0.0 144000
1694833267856 0.0 148000
1694833296748 0.0 152000
1694833325787 0.0 156000
1694833355473 0.0 160000
1694833389272 0.0 164000
1694833420293 0.0 168000
1694833449651 0.0 172000
1694833480458 0.0 176000
1694833509560 0.0 180000
1694833538200 0.0 184000
1694833568144 0.0 188000
1694833603353 0.0 192000
1694833632811 0.0 196000
1694833663033 0.0 200000
1694833692509 0.0 204000
1694833718687 0.0 208000
1694833743358 0.0 212000
1694833767960 0.0 216000
1694833792912 0.0 220000
1694833816926 0.0 224000
1694833841690 0.0 228000
1694833865896 0.0 232000
1694833890612 0.0 236000
1694833914756 0.0 240000
1694833939864 0.0 244000
1694833964655 0.0 248000
1694833988813 0.0 252000
1694834013852 0.0 256000
1694834038081 0.0 260000
1694834062065 0.0 264000
1694834086648 0.0 268000
1694834110970 0.0 272000
1694834135609 0.0 276000
1694834160008 0.0 280000
1694834186606 0.0 284000
1694834219318 0.0 288000
1694834252995 0.0 292000
1694834285470 0.0 296000
1694834317966 0.0 300000
1694834347382 0.0 304000
1694834376808 0.0 308000
1694834412183 0.0 312000
1694834450294 0.0 316000
1694834485590 0.0 320000
1694834524545 0.0 324000
1694834560210 0.0 328000
1694834603172 0.0 332000
1694834643945 0.0 336000
1694834689022 0.0 340000
1694834723346 0.0 344000
