1694832172821 1.0 4000
1694832209620 1.0 8000
1694832246415 1.0 12000
1694832282997 1.0 16000
1694832317330 1.0 20000
1694832348859 1.0 24000
1694832378705 1.0 28000
1694832408797 1.0 32000
1694832440511 1.0 36000
1694832471912 1.0 40000
1694832507589 1.0 44000
1694832536531 1.0 48000
1694832564181 1.0 52000
1694832596595 1.0 56000
1694832625829 1.0 60000
1694832655070 1.0 64000
1694832683555 1.0 68000
1694832713184 1.0 72000
1694832742084 1.0 76000
1694832770460 1.0 80000
1694832799908 1.0 84000
1694832829435 1.0 88000
1694832858390 1.0 92000
1694832888004 1.0 96000
1694832916540 1.0 100000
1694832946319 1.0 104000
1694832974444 1.0 108000
1694833003538 1.0 112000
1694833032357 1.0 116000
1694833061977 1.0 120000
1694833092061 1.0 124000
1694833121640 1.0 128000
1694833150600 1.0 132000
1694833180506 1.0 136000
1694833209407 1.0 140000
1694833239212 1.0 144000
1694833267913 1.0 148000
1694833296804 1.0 152000
1694833325850 1.0 156000
1694833355537 1.0 160000
1694833389355 1.0 164000
1694833420352 1.0 168000
1694833449722 1.0 172000
1694833480524 1.0 176000
1694833509620 1.0 180000
1694833538259 1.0 184000
1694833568243 1.0 188000
1694833603432 1.0 192000
1694833632887 1.0 196000
1694833663096 1.0 200000
1694833692564 1.0 204000
1694833718740 1.0 208000
1694833743418 1.0 212000
1694833768028 1.0 216000
1694833792971 1.0 220000
1694833816988 1.0 224000
1694833841746 1.0 228000
1694833865952 1.0 232000
1694833890715 1.0 236000
1694833914818 1.0 240000
1694833939925 1.0 244000
1694833964709 1.0 248000
1694833988875 1.0 252000
1694834013905 1.0 256000
1694834038134 1.0 260000
1694834062116 1.0 264000
1694834086711 1.0 268000
1694834111025 1.0 272000
1694834135658 1.0 276000
1694834160074 1.0 280000
1694834186669 1.0 284000
1694834219386 1.0 288000
1694834253143 1.0 292000
1694834285537 1.0 296000
1694834318025 1.0 300000
1694834347458 1.0 304000
1694834376870 1.0 308000
1694834412303 1.0 312000
1694834450448 1.0 316000
1694834485667 1.0 320000
1694834524634 1.0 324000
1694834560302 1.0 328000
1694834603278 1.0 332000
1694834644022 1.0 336000
1694834689155 1.0 340000
1694834723404 1.0 344000
