1694832172757 0.001 4000
1694832209527 0.001 8000
1694832246359 0.001 12000
1694832282947 0.001 16000
1694832317284 0.001 20000
1694832348821 0.001 24000
1694832378665 0.001 28000
1694832408752 0.001 32000
1694832440461 0.001 36000
1694832471861 0.001 40000
1694832507550 0.001 44000
1694832536498 0.001 48000
1694832564146 0.001 52000
1694832596559 0.001 56000
1694832625793 0.001 60000
1694832655035 0.001 64000
1694832683511 0.001 68000
1694832713151 0.001 72000
1694832742050 0.001 76000
1694832770418 0.001 80000
1694832799862 0.001 84000
1694832829395 0.001 88000
1694832858346 0.001 92000
1694832887970 0.001 96000
1694832916503 0.001 100000
1694832946285 0.001 104000
1694832974412 0.001 108000
1694833003505 0.001 112000
1694833032321 0.001 116000
1694833061944 0.001 120000
1694833092030 0.001 124000
1694833121606 0.001 128000
1694833150560 0.001 132000
1694833180470 0.001 136000
1694833209370 0.001 140000
1694833239178 0.001 144000
1694833267879 0.001 148000
1694833296772 0.001 152000
1694833325814 0.001 156000
1694833355499 0.001 160000
1694833389304 0.001 164000
1694833420316 0.001 168000
1694833449678 0.001 172000
1694833480486 0.001 176000
1694833509586 0.001 180000
1694833538223 0.001 184000
1694833568188 0.001 188000
1694833603382 0.001 192000
1694833632844 0.001 196000
1694833663057 0.001 200000
1694833692530 0.001 204000
1694833718708 0.001 208000
1694833743382 0.001 212000
1694833767988 0.001 216000
1694833792941 0.001 220000
1694833816946 0.001 224000
1694833841710 0.001 228000
1694833865920 0.001 232000
1694833890660 0.001 236000
1694833914780 0.001 240000
1694833939889 0.001 244000
1694833964675 0.001 248000
1694833988834 0.001 252000
1694834013873 0.001 256000
1694834038101 0.001 260000
1694834062084 0.001 264000
1694834086670 0.001 268000
1694834110992 0.001 272000
1694834135629 0.001 276000
1694834160038 0.001 280000
1694834186629 0.001 284000
1694834219348 0.001 288000
1694834253070 0.001 292000
1694834285499 0.001 296000
1694834317989 0.001 300000
1694834347414 0.001 304000
1694834376832 0.001 308000
1694834412230 0.001 312000
1694834450372 0.001 316000
1694834485620 0.001 320000
1694834524583 0.001 324000
1694834560246 0.001 328000
1694834603218 0.001 332000
1694834643971 0.001 336000
1694834689091 0.001 340000
1694834723368 0.001 344000
