1694832172760 2.0 4000
1694832209533 2.0 8000
1694832246363 2.0 12000
1694832282950 2.0 16000
1694832317289 2.0 20000
1694832348824 2.0 24000
1694832378669 2.0 28000
1694832408755 2.0 32000
1694832440466 2.0 36000
1694832471864 2.0 40000
1694832507552 2.0 44000
1694832536500 2.0 48000
1694832564148 2.0 52000
1694832596562 2.0 56000
1694832625797 2.0 60000
1694832655037 2.0 64000
1694832683513 2.0 68000
1694832713155 2.0 72000
1694832742054 2.0 76000
1694832770420 2.0 80000
1694832799865 2.0 84000
1694832829397 2.0 88000
1694832858350 2.0 92000
1694832887972 2.0 96000
1694832916505 2.0 100000
1694832946287 2.0 104000
1694832974415 2.0 108000
1694833003507 2.0 112000
1694833032324 2.0 116000
1694833061947 2.0 120000
1694833092033 2.0 124000
1694833121608 2.0 128000
1694833150564 2.0 132000
1694833180472 2.0 136000
1694833209373 2.0 140000
1694833239180 2.0 144000
1694833267881 2.0 148000
1694833296774 2.0 152000
1694833325817 2.0 156000
1694833355502 2.0 160000
1694833389308 2.0 164000
1694833420318 2.0 168000
1694833449680 2.0 172000
1694833480488 2.0 176000
1694833509588 2.0 180000
1694833538227 2.0 184000
1694833568191 2.0 188000
1694833603385 2.0 192000
1694833632846 2.0 196000
1694833663059 2.0 200000
1694833692532 2.0 204000
1694833718710 2.0 208000
1694833743384 2.0 212000
1694833767990 2.0 216000
1694833792943 2.0 220000
1694833816948 2.0 224000
1694833841712 2.0 228000
1694833865922 2.0 232000
1694833890663 2.0 236000
1694833914783 2.0 240000
1694833939892 2.0 244000
1694833964677 2.0 248000
1694833988837 2.0 252000
1694834013875 2.0 256000
1694834038103 2.0 260000
1694834062086 2.0 264000
1694834086675 2.0 268000
1694834110994 2.0 272000
1694834135631 2.0 276000
1694834160042 2.0 280000
1694834186634 2.0 284000
1694834219351 2.0 288000
1694834253074 2.0 292000
1694834285502 2.0 296000
1694834317991 2.0 300000
1694834347416 2.0 304000
1694834376834 2.0 308000
1694834412236 2.0 312000
1694834450376 2.0 316000
1694834485623 2.0 320000
1694834524588 2.0 324000
1694834560251 2.0 328000
1694834603222 2.0 332000
1694834643974 2.0 336000
1694834689095 2.0 340000
1694834723371 2.0 344000
