1694832172831 1000.0 4000
1694832209632 1000.0 8000
1694832246423 1000.0 12000
1694832283005 1000.0 16000
1694832317341 1000.0 20000
1694832348870 1000.0 24000
1694832378711 1000.0 28000
1694832408804 1000.0 32000
1694832440523 1000.0 36000
1694832471924 1000.0 40000
1694832507597 1000.0 44000
1694832536543 1000.0 48000
1694832564188 1000.0 52000
1694832596603 1000.0 56000
1694832625835 1000.0 60000
1694832655076 1000.0 64000
1694832683561 1000.0 68000
1694832713190 1000.0 72000
1694832742089 1000.0 76000
1694832770466 1000.0 80000
1694832799914 1000.0 84000
1694832829441 1000.0 88000
1694832858397 1000.0 92000
1694832888012 1000.0 96000
1694832916546 1000.0 100000
1694832946325 1000.0 104000
1694832974450 1000.0 108000
1694833003544 1000.0 112000
1694833032362 1000.0 116000
1694833061985 1000.0 120000
1694833092066 1000.0 124000
1694833121646 1000.0 128000
1694833150606 1000.0 132000
1694833180512 1000.0 136000
1694833209413 1000.0 140000
1694833239219 1000.0 144000
1694833267919 1000.0 148000
1694833296810 1000.0 152000
1694833325859 1000.0 156000
1694833355544 1000.0 160000
1694833389364 1000.0 164000
1694833420358 1000.0 168000
1694833449730 1000.0 172000
1694833480532 1000.0 176000
1694833509629 1000.0 180000
1694833538265 1000.0 184000
1694833568255 1000.0 188000
1694833603439 1000.0 192000
1694833632894 1000.0 196000
1694833663103 1000.0 200000
1694833692571 1000.0 204000
1694833718746 1000.0 208000
1694833743425 1000.0 212000
1694833768035 1000.0 216000
1694833792979 1000.0 220000
1694833816993 1000.0 224000
1694833841752 1000.0 228000
1694833865959 1000.0 232000
1694833890721 1000.0 236000
1694833914824 1000.0 240000
1694833939934 1000.0 244000
1694833964714 1000.0 248000
1694833988882 1000.0 252000
1694834013911 1000.0 256000
1694834038140 1000.0 260000
1694834062121 1000.0 264000
1694834086719 1000.0 268000
1694834111031 1000.0 272000
1694834135664 1000.0 276000
1694834160081 1000.0 280000
1694834186675 1000.0 284000
1694834219396 1000.0 288000
1694834253170 1000.0 292000
1694834285548 1000.0 296000
1694834318031 1000.0 300000
1694834347464 1000.0 304000
1694834376876 1000.0 308000
1694834412313 1000.0 312000
1694834450476 1000.0 316000
1694834485674 1000.0 320000
1694834524642 1000.0 324000
1694834560314 1000.0 328000
1694834603292 1000.0 332000
1694834644029 1000.0 336000
1694834689167 1000.0 340000
1694834723411 1000.0 344000
