1694832172812 60.0 4000
1694832209609 60.0 8000
1694832246402 60.0 12000
1694832282984 60.0 16000
1694832317319 60.0 20000
1694832348853 60.0 24000
1694832378698 60.0 28000
1694832408786 60.0 32000
1694832440503 60.0 36000
1694832471904 60.0 40000
1694832507580 60.0 44000
1694832536523 60.0 48000
1694832564171 60.0 52000
1694832596585 60.0 56000
1694832625820 60.0 60000
1694832655063 60.0 64000
1694832683544 60.0 68000
1694832713177 60.0 72000
1694832742077 60.0 76000
1694832770453 60.0 80000
1694832799897 60.0 84000
1694832829428 60.0 88000
1694832858381 60.0 92000
1694832887994 60.0 96000
1694832916528 60.0 100000
1694832946312 60.0 104000
1694832974438 60.0 108000
1694833003529 60.0 112000
1694833032350 60.0 116000
1694833061969 60.0 120000
1694833092054 60.0 124000
1694833121633 60.0 128000
1694833150590 60.0 132000
1694833180499 60.0 136000
1694833209400 60.0 140000
1694833239205 60.0 144000
1694833267907 60.0 148000
1694833296797 60.0 152000
1694833325838 60.0 156000
1694833355530 60.0 160000
1694833389341 60.0 164000
1694833420345 60.0 168000
1694833449711 60.0 172000
1694833480512 60.0 176000
1694833509610 60.0 180000
1694833538253 60.0 184000
1694833568233 60.0 188000
1694833603417 60.0 192000
1694833632880 60.0 196000
1694833663089 60.0 200000
1694833692555 60.0 204000
1694833718733 60.0 208000
1694833743410 60.0 212000
1694833768019 60.0 216000
1694833792965 60.0 220000
1694833816976 60.0 224000
1694833841740 60.0 228000
1694833865946 60.0 232000
1694833890706 60.0 236000
1694833914805 60.0 240000
1694833939917 60.0 244000
1694833964703 60.0 248000
1694833988869 60.0 252000
1694834013899 60.0 256000
1694834038127 60.0 260000
1694834062109 60.0 264000
1694834086704 60.0 268000
1694834111013 60.0 272000
1694834135652 60.0 276000
1694834160063 60.0 280000
1694834186661 60.0 284000
1694834219378 60.0 288000
1694834253130 60.0 292000
1694834285530 60.0 296000
1694834318018 60.0 300000
1694834347450 60.0 304000
1694834376863 60.0 308000
1694834412286 60.0 312000
1694834450435 60.0 316000
1694834485660 60.0 320000
1694834524622 60.0 324000
1694834560289 60.0 328000
1694834603268 60.0 332000
1694834644013 60.0 336000
1694834689141 60.0 340000
1694834723396 60.0 344000
