1694832172813 100.0 4000
1694832209611 100.0 8000
1694832246404 100.0 12000
1694832282987 100.0 16000
1694832317321 100.0 20000
1694832348854 100.0 24000
1694832378699 100.0 28000
1694832408788 100.0 32000
1694832440504 100.0 36000
1694832471905 100.0 40000
1694832507581 100.0 44000
1694832536524 100.0 48000
1694832564173 100.0 52000
1694832596586 100.0 56000
1694832625822 100.0 60000
1694832655064 100.0 64000
1694832683546 100.0 68000
1694832713178 100.0 72000
1694832742078 100.0 76000
1694832770455 100.0 80000
1694832799899 100.0 84000
1694832829429 100.0 88000
1694832858383 100.0 92000
1694832887995 100.0 96000
1694832916529 100.0 100000
1694832946313 100.0 104000
1694832974439 100.0 108000
1694833003531 100.0 112000
1694833032351 100.0 116000
1694833061971 100.0 120000
1694833092055 100.0 124000
1694833121634 100.0 128000
1694833150592 100.0 132000
1694833180500 100.0 136000
1694833209401 100.0 140000
1694833239206 100.0 144000
1694833267908 100.0 148000
1694833296798 100.0 152000
1694833325840 100.0 156000
1694833355531 100.0 160000
1694833389343 100.0 164000
1694833420346 100.0 168000
1694833449712 100.0 172000
1694833480513 100.0 176000
1694833509611 100.0 180000
1694833538254 100.0 184000
1694833568235 100.0 188000
1694833603419 100.0 192000
1694833632881 100.0 196000
1694833663090 100.0 200000
1694833692557 100.0 204000
1694833718735 100.0 208000
1694833743412 100.0 212000
1694833768020 100.0 216000
1694833792966 100.0 220000
1694833816979 100.0 224000
1694833841741 100.0 228000
1694833865947 100.0 232000
1694833890708 100.0 236000
1694833914806 100.0 240000
1694833939919 100.0 244000
1694833964704 100.0 248000
1694833988870 100.0 252000
1694834013900 100.0 256000
1694834038129 100.0 260000
1694834062110 100.0 264000
1694834086705 100.0 268000
1694834111015 100.0 272000
1694834135653 100.0 276000
1694834160065 100.0 280000
1694834186662 100.0 284000
1694834219380 100.0 288000
1694834253132 100.0 292000
1694834285531 100.0 296000
1694834318019 100.0 300000
1694834347451 100.0 304000
1694834376864 100.0 308000
1694834412289 100.0 312000
1694834450437 100.0 316000
1694834485661 100.0 320000
1694834524624 100.0 324000
1694834560290 100.0 328000
1694834603269 100.0 332000
1694834644015 100.0 336000
1694834689143 100.0 340000
1694834723398 100.0 344000
