1694832172816 0.0 4000
1694832209614 0.0 8000
1694832246407 0.0 12000
1694832282992 0.0 16000
1694832317325 0.0 20000
1694832348856 0.0 24000
1694832378702 0.0 28000
1694832408792 0.0 32000
1694832440507 0.0 36000
1694832471908 0.0 40000
1694832507584 0.0 44000
1694832536526 0.0 48000
1694832564177 0.0 52000
1694832596589 0.0 56000
1694832625825 0.0 60000
1694832655067 0.0 64000
1694832683550 0.0 68000
1694832713181 0.0 72000
1694832742080 0.0 76000
1694832770457 0.0 80000
1694832799903 0.0 84000
1694832829432 0.0 88000
1694832858387 0.0 92000
1694832887998 0.0 96000
1694832916535 0.0 100000
1694832946316 0.0 104000
1694832974441 0.0 108000
1694833003534 0.0 112000
1694833032353 0.0 116000
1694833061973 0.0 120000
1694833092057 0.0 124000
1694833121637 0.0 128000
1694833150596 0.0 132000
1694833180502 0.0 136000
1694833209403 0.0 140000
1694833239208 0.0 144000
1694833267910 0.0 148000
1694833296801 0.0 152000
1694833325844 0.0 156000
1694833355534 0.0 160000
1694833389348 0.0 164000
1694833420348 0.0 168000
1694833449716 0.0 172000
1694833480518 0.0 176000
1694833509614 0.0 180000
1694833538256 0.0 184000
1694833568238 0.0 188000
1694833603425 0.0 192000
1694833632884 0.0 196000
1694833663093 0.0 200000
1694833692561 0.0 204000
1694833718737 0.0 208000
1694833743414 0.0 212000
1694833768023 0.0 216000
1694833792968 0.0 220000
1694833816984 0.0 224000
1694833841743 0.0 228000
1694833865949 0.0 232000
1694833890711 0.0 236000
1694833914811 0.0 240000
1694833939922 0.0 244000
1694833964706 0.0 248000
1694833988872 0.0 252000
1694834013902 0.0 256000
1694834038131 0.0 260000
1694834062113 0.0 264000
1694834086708 0.0 268000
1694834111019 0.0 272000
1694834135655 0.0 276000
1694834160068 0.0 280000
1694834186665 0.0 284000
1694834219382 0.0 288000
1694834253136 0.0 292000
1694834285533 0.0 296000
1694834318022 0.0 300000
1694834347454 0.0 304000
1694834376866 0.0 308000
1694834412294 0.0 312000
1694834450441 0.0 316000
1694834485664 0.0 320000
1694834524628 0.0 324000
1694834560295 0.0 328000
1694834603272 0.0 332000
1694834644018 0.0 336000
1694834689148 0.0 340000
1694834723400 0.0 344000
