1694832172815 0.0 4000
1694832209613 0.0 8000
1694832246405 0.0 12000
1694832282990 0.0 16000
1694832317323 0.0 20000
1694832348855 0.0 24000
1694832378700 0.0 28000
1694832408790 0.0 32000
1694832440505 0.0 36000
1694832471906 0.0 40000
1694832507582 0.0 44000
1694832536525 0.0 48000
1694832564175 0.0 52000
1694832596588 0.0 56000
1694832625824 0.0 60000
1694832655066 0.0 64000
1694832683548 0.0 68000
1694832713180 0.0 72000
1694832742079 0.0 76000
1694832770456 0.0 80000
1694832799901 0.0 84000
1694832829430 0.0 88000
1694832858385 0.0 92000
1694832887997 0.0 96000
1694832916531 0.0 100000
1694832946314 0.0 104000
1694832974440 0.0 108000
1694833003533 0.0 112000
1694833032352 0.0 116000
1694833061972 0.0 120000
1694833092056 0.0 124000
1694833121635 0.0 128000
1694833150594 0.0 132000
1694833180501 0.0 136000
1694833209402 0.0 140000
1694833239207 0.0 144000
1694833267909 0.0 148000
1694833296800 0.0 152000
1694833325842 0.0 156000
1694833355532 0.0 160000
1694833389345 0.0 164000
1694833420347 0.0 168000
1694833449714 0.0 172000
1694833480515 0.0 176000
1694833509612 0.0 180000
1694833538255 0.0 184000
1694833568237 0.0 188000
1694833603422 0.0 192000
1694833632882 0.0 196000
1694833663092 0.0 200000
1694833692559 0.0 204000
1694833718736 0.0 208000
1694833743413 0.0 212000
1694833768021 0.0 216000
1694833792967 0.0 220000
1694833816982 0.0 224000
1694833841742 0.0 228000
1694833865948 0.0 232000
1694833890709 0.0 236000
1694833914809 0.0 240000
1694833939920 0.0 244000
1694833964705 0.0 248000
1694833988871 0.0 252000
1694834013901 0.0 256000
1694834038130 0.0 260000
1694834062112 0.0 264000
1694834086706 0.0 268000
1694834111016 0.0 272000
1694834135654 0.0 276000
1694834160066 0.0 280000
1694834186663 0.0 284000
1694834219381 0.0 288000
1694834253134 0.0 292000
1694834285532 0.0 296000
1694834318020 0.0 300000
1694834347453 0.0 304000
1694834376865 0.0 308000
1694834412292 0.0 312000
1694834450439 0.0 316000
1694834485662 0.0 320000
1694834524626 0.0 324000
1694834560293 0.0 328000
1694834603271 0.0 332000
1694834644016 0.0 336000
1694834689146 0.0 340000
1694834723399 0.0 344000
