1694832172875 -1.0 4000
1694832209681 -1.0 8000
1694832246450 -1.0 12000
1694832283032 -1.0 16000
1694832317361 -1.0 20000
1694832348895 -1.0 24000
1694832378731 -1.0 28000
1694832408831 -1.0 32000
1694832440551 -1.0 36000
1694832471952 -1.0 40000
1694832507615 -1.0 44000
1694832536562 -1.0 48000
1694832564211 -1.0 52000
1694832596621 -1.0 56000
1694832625860 -1.0 60000
1694832655096 -1.0 64000
1694832683584 -1.0 68000
1694832713213 -1.0 72000
1694832742113 -1.0 76000
1694832770490 -1.0 80000
1694832799939 -1.0 84000
1694832829466 -1.0 88000
1694832858421 -1.0 92000
1694832888032 -1.0 96000
1694832916564 -1.0 100000
1694832946343 -1.0 104000
1694832974472 -1.0 108000
1694833003561 -1.0 112000
1694833032380 -1.0 116000
1694833062009 -1.0 120000
1694833092084 -1.0 124000
1694833121666 -1.0 128000
1694833150624 -1.0 132000
1694833180531 -1.0 136000
1694833209430 -1.0 140000
1694833239241 -1.0 144000
1694833267935 -1.0 148000
1694833296831 -1.0 152000
1694833325878 -1.0 156000
1694833355561 -1.0 160000
1694833389387 -1.0 164000
1694833420383 -1.0 168000
1694833449752 -1.0 172000
1694833480551 -1.0 176000
1694833509648 -1.0 180000
1694833538292 -1.0 184000
1694833568286 -1.0 188000
1694833603463 -1.0 192000
1694833632929 -1.0 196000
1694833663122 -1.0 200000
1694833692594 -1.0 204000
1694833718765 -1.0 208000
1694833743447 -1.0 212000
1694833768050 -1.0 216000
1694833792998 -1.0 220000
1694833817012 -1.0 224000
1694833841768 -1.0 228000
1694833865977 -1.0 232000
1694833890758 -1.0 236000
1694833914846 -1.0 240000
1694833939953 -1.0 244000
1694833964731 -1.0 248000
1694833988905 -1.0 252000
1694834013927 -1.0 256000
1694834038156 -1.0 260000
1694834062136 -1.0 264000
1694834086735 -1.0 268000
1694834111047 -1.0 272000
1694834135686 -1.0 276000
1694834160098 -1.0 280000
1694834186699 -1.0 284000
1694834219416 -1.0 288000
1694834253216 -1.0 292000
1694834285566 -1.0 296000
1694834318055 -1.0 300000
1694834347482 -1.0 304000
1694834376896 -1.0 308000
1694834412356 -1.0 312000
1694834450526 -1.0 316000
1694834485700 -1.0 320000
1694834524671 -1.0 324000
1694834560348 -1.0 328000
1694834603323 -1.0 332000
1694834644059 -1.0 336000
1694834689204 -1.0 340000
1694834723429 -1.0 344000
