1694832172712 1.0 4000
1694832209474 1.0 8000
1694832246336 1.0 12000
1694832282910 1.0 16000
1694832317254 1.0 20000
1694832348799 1.0 24000
1694832378646 1.0 28000
1694832408727 1.0 32000
1694832440437 1.0 36000
1694832471834 1.0 40000
1694832507533 1.0 44000
1694832536471 1.0 48000
1694832564129 1.0 52000
1694832596536 1.0 56000
1694832625770 1.0 60000
1694832655018 1.0 64000
1694832683485 1.0 68000
1694832713129 1.0 72000
1694832742033 1.0 76000
1694832770400 1.0 80000
1694832799836 1.0 84000
1694832829379 1.0 88000
1694832858322 1.0 92000
1694832887953 1.0 96000
1694832916481 1.0 100000
1694832946267 1.0 104000
1694832974392 1.0 108000
1694833003483 1.0 112000
1694833032304 1.0 116000
1694833061923 1.0 120000
1694833092012 1.0 124000
1694833121588 1.0 128000
1694833150536 1.0 132000
1694833180450 1.0 136000
1694833209351 1.0 140000
1694833239157 1.0 144000
1694833267862 1.0 148000
1694833296752 1.0 152000
1694833325792 1.0 156000
1694833355479 1.0 160000
1694833389277 1.0 164000
1694833420298 1.0 168000
1694833449657 1.0 172000
1694833480463 1.0 176000
1694833509567 1.0 180000
1694833538205 1.0 184000
1694833568155 1.0 188000
1694833603359 1.0 192000
1694833632817 1.0 196000
1694833663039 1.0 200000
1694833692513 1.0 204000
1694833718692 1.0 208000
1694833743363 1.0 212000
1694833767964 1.0 216000
1694833792921 1.0 220000
1694833816930 1.0 224000
1694833841694 1.0 228000
1694833865900 1.0 232000
1694833890618 1.0 236000
1694833914764 1.0 240000
1694833939872 1.0 244000
1694833964660 1.0 248000
1694833988817 1.0 252000
1694834013857 1.0 256000
1694834038085 1.0 260000
1694834062069 1.0 264000
1694834086652 1.0 268000
1694834110975 1.0 272000
1694834135613 1.0 276000
1694834160013 1.0 280000
1694834186611 1.0 284000
1694834219323 1.0 288000
1694834253021 1.0 292000
1694834285474 1.0 296000
1694834317971 1.0 300000
1694834347389 1.0 304000
1694834376813 1.0 308000
1694834412195 1.0 312000
1694834450323 1.0 316000
1694834485600 1.0 320000
1694834524554 1.0 324000
1694834560215 1.0 328000
1694834603180 1.0 332000
1694834643951 1.0 336000
1694834689030 1.0 340000
1694834723351 1.0 344000
