1694832172686 0.0 4000
1694832209460 0.0 8000
1694832246323 0.0 12000
1694832282900 0.0 16000
1694832317247 0.0 20000
1694832348790 0.0 24000
1694832378635 0.0 28000
1694832408714 0.0 32000
1694832440425 0.0 36000
1694832471825 0.0 40000
1694832507523 0.0 44000
1694832536462 0.0 48000
1694832564120 0.0 52000
1694832596529 0.0 56000
1694832625763 0.0 60000
1694832655012 0.0 64000
1694832683473 0.0 68000
1694832713122 0.0 72000
1694832742026 0.0 76000
1694832770385 0.0 80000
1694832799826 0.0 84000
1694832829371 0.0 88000
1694832858316 0.0 92000
1694832887945 0.0 96000
1694832916473 0.0 100000
1694832946257 0.0 104000
1694832974386 0.0 108000
1694833003475 0.0 112000
1694833032294 0.0 116000
1694833061915 0.0 120000
1694833092004 0.0 124000
1694833121581 0.0 128000
1694833150528 0.0 132000
1694833180443 0.0 136000
1694833209345 0.0 140000
1694833239151 0.0 144000
1694833267852 0.0 148000
1694833296745 0.0 152000
1694833325785 0.0 156000
1694833355469 0.0 160000
1694833389269 0.0 164000
1694833420291 0.0 168000
1694833449647 0.0 172000
1694833480455 0.0 176000
1694833509557 0.0 180000
1694833538198 0.0 184000
1694833568140 0.0 188000
1694833603351 0.0 192000
1694833632808 0.0 196000
1694833663029 0.0 200000
1694833692507 0.0 204000
1694833718685 0.0 208000
1694833743354 0.0 212000
1694833767958 0.0 216000
1694833792908 0.0 220000
1694833816924 0.0 224000
1694833841687 0.0 228000
1694833865894 0.0 232000
1694833890610 0.0 236000
1694833914754 0.0 240000
1694833939860 0.0 244000
1694833964653 0.0 248000
1694833988811 0.0 252000
1694834013850 0.0 256000
1694834038078 0.0 260000
1694834062062 0.0 264000
1694834086646 0.0 268000
1694834110968 0.0 272000
1694834135606 0.0 276000
1694834160006 0.0 280000
1694834186604 0.0 284000
1694834219315 0.0 288000
1694834252990 0.0 292000
1694834285466 0.0 296000
1694834317964 0.0 300000
1694834347378 0.0 304000
1694834376806 0.0 308000
1694834412177 0.0 312000
1694834450290 0.0 316000
1694834485586 0.0 320000
1694834524542 0.0 324000
1694834560207 0.0 328000
1694834603169 0.0 332000
1694834643943 0.0 336000
1694834689018 0.0 340000
1694834723344 0.0 344000
