1694832172675 1.0 4000
1694832209435 1.0 8000
1694832246313 1.0 12000
1694832282894 1.0 16000
1694832317241 1.0 20000
1694832348782 1.0 24000
1694832378626 1.0 28000
1694832408708 1.0 32000
1694832440413 1.0 36000
1694832471817 1.0 40000
1694832507519 1.0 44000
1694832536458 1.0 48000
1694832564113 1.0 52000
1694832596525 1.0 56000
1694832625759 1.0 60000
1694832655007 1.0 64000
1694832683466 1.0 68000
1694832713117 1.0 72000
1694832742022 1.0 76000
1694832770381 1.0 80000
1694832799820 1.0 84000
1694832829367 1.0 88000
1694832858311 1.0 92000
1694832887938 1.0 96000
1694832916468 1.0 100000
1694832946250 1.0 104000
1694832974381 1.0 108000
1694833003471 1.0 112000
1694833032289 1.0 116000
1694833061909 1.0 120000
1694833091997 1.0 124000
1694833121576 1.0 128000
1694833150524 1.0 132000
1694833180438 1.0 136000
1694833209340 1.0 140000
1694833239146 1.0 144000
1694833267847 1.0 148000
1694833296741 1.0 152000
1694833325780 1.0 156000
1694833355462 1.0 160000
1694833389264 1.0 164000
1694833420286 1.0 168000
1694833449640 1.0 172000
1694833480451 1.0 176000
1694833509548 1.0 180000
1694833538193 1.0 184000
1694833568134 1.0 188000
1694833603344 1.0 192000
1694833632802 1.0 196000
1694833663022 1.0 200000
1694833692502 1.0 204000
1694833718680 1.0 208000
1694833743348 1.0 212000
1694833767953 1.0 216000
1694833792901 1.0 220000
1694833816920 1.0 224000
1694833841680 1.0 228000
1694833865890 1.0 232000
1694833890587 1.0 236000
1694833914750 1.0 240000
1694833939854 1.0 244000
1694833964649 1.0 248000
1694833988806 1.0 252000
1694834013845 1.0 256000
1694834038073 1.0 260000
1694834062058 1.0 264000
1694834086642 1.0 268000
1694834110964 1.0 272000
1694834135596 1.0 276000
1694834160001 1.0 280000
1694834186599 1.0 284000
1694834219310 1.0 288000
1694834252982 1.0 292000
1694834285462 1.0 296000
1694834317959 1.0 300000
1694834347368 1.0 304000
1694834376800 1.0 308000
1694834412166 1.0 312000
1694834450282 1.0 316000
1694834485581 1.0 320000
1694834524533 1.0 324000
1694834560199 1.0 328000
1694834603163 1.0 332000
1694834643936 1.0 336000
1694834689009 1.0 340000
1694834723339 1.0 344000
