1694832172922 10.0 4000
1694832209738 10.0 8000
1694832246477 10.0 12000
1694832283063 10.0 16000
1694832317394 10.0 20000
1694832348916 10.0 24000
1694832378757 10.0 28000
1694832408857 10.0 32000
1694832440581 10.0 36000
1694832471980 10.0 40000
1694832507639 10.0 44000
1694832536584 10.0 48000
1694832564238 10.0 52000
1694832596641 10.0 56000
1694832625882 10.0 60000
1694832655120 10.0 64000
1694832683609 10.0 68000
1694832713230 10.0 72000
1694832742131 10.0 76000
1694832770515 10.0 80000
1694832799964 10.0 84000
1694832829489 10.0 88000
1694832858444 10.0 92000
1694832888061 10.0 96000
1694832916582 10.0 100000
1694832946365 10.0 104000
1694832974491 10.0 108000
1694833003580 10.0 112000
1694833032412 10.0 116000
1694833062028 10.0 120000
1694833092107 10.0 124000
1694833121686 10.0 128000
1694833150647 10.0 132000
1694833180554 10.0 136000
1694833209454 10.0 140000
1694833239259 10.0 144000
1694833267957 10.0 148000
1694833296850 10.0 152000
1694833325897 10.0 156000
1694833355583 10.0 160000
1694833389412 10.0 164000
1694833420403 10.0 168000
1694833449779 10.0 172000
1694833480575 10.0 176000
1694833509674 10.0 180000
1694833538311 10.0 184000
1694833568318 10.0 188000
1694833603491 10.0 192000
1694833632953 10.0 196000
1694833663147 10.0 200000
1694833692619 10.0 204000
1694833718790 10.0 208000
1694833743470 10.0 212000
1694833768078 10.0 216000
1694833793023 10.0 220000
1694833817034 10.0 224000
1694833841793 10.0 228000
1694833865999 10.0 232000
1694833890781 10.0 236000
1694833914865 10.0 240000
1694833939979 10.0 244000
1694833964753 10.0 248000
1694833988923 10.0 252000
1694834013945 10.0 256000
1694834038177 10.0 260000
1694834062154 10.0 264000
1694834086751 10.0 268000
1694834111064 10.0 272000
1694834135706 10.0 276000
1694834160117 10.0 280000
1694834186718 10.0 284000
1694834219441 10.0 288000
1694834253268 10.0 292000
1694834285589 10.0 296000
1694834318075 10.0 300000
1694834347505 10.0 304000
1694834376919 10.0 308000
1694834412425 10.0 312000
1694834450577 10.0 316000
1694834485722 10.0 320000
1694834524701 10.0 324000
1694834560378 10.0 328000
1694834603359 10.0 332000
1694834644085 10.0 336000
1694834689241 10.0 340000
1694834723456 10.0 344000
