1694832172855 100.0 4000
1694832209655 100.0 8000
1694832246427 100.0 12000
1694832283011 100.0 16000
1694832317345 100.0 20000
1694832348874 100.0 24000
1694832378716 100.0 28000
1694832408808 100.0 32000
1694832440529 100.0 36000
1694832471929 100.0 40000
1694832507601 100.0 44000
1694832536548 100.0 48000
1694832564196 100.0 52000
1694832596607 100.0 56000
1694832625839 100.0 60000
1694832655079 100.0 64000
1694832683565 100.0 68000
1694832713195 100.0 72000
1694832742093 100.0 76000
1694832770469 100.0 80000
1694832799918 100.0 84000
1694832829445 100.0 88000
1694832858405 100.0 92000
1694832888016 100.0 96000
1694832916550 100.0 100000
1694832946330 100.0 104000
1694832974453 100.0 108000
1694833003547 100.0 112000
1694833032366 100.0 116000
1694833061994 100.0 120000
1694833092070 100.0 124000
1694833121650 100.0 128000
1694833150610 100.0 132000
1694833180516 100.0 136000
1694833209416 100.0 140000
1694833239225 100.0 144000
1694833267922 100.0 148000
1694833296814 100.0 152000
1694833325863 100.0 156000
1694833355547 100.0 160000
1694833389371 100.0 164000
1694833420362 100.0 168000
1694833449734 100.0 172000
1694833480536 100.0 176000
1694833509632 100.0 180000
1694833538273 100.0 184000
1694833568261 100.0 188000
1694833603444 100.0 192000
1694833632898 100.0 196000
1694833663106 100.0 200000
1694833692579 100.0 204000
1694833718749 100.0 208000
1694833743433 100.0 212000
1694833768037 100.0 216000
1694833792984 100.0 220000
1694833816996 100.0 224000
1694833841756 100.0 228000
1694833865963 100.0 232000
1694833890725 100.0 236000
1694833914828 100.0 240000
1694833939941 100.0 244000
1694833964717 100.0 248000
1694833988889 100.0 252000
1694834013914 100.0 256000
1694834038143 100.0 260000
1694834062124 100.0 264000
1694834086722 100.0 268000
1694834111034 100.0 272000
1694834135671 100.0 276000
1694834160085 100.0 280000
1694834186679 100.0 284000
1694834219401 100.0 288000
1694834253177 100.0 292000
1694834285553 100.0 296000
1694834318034 100.0 300000
1694834347467 100.0 304000
1694834376879 100.0 308000
1694834412319 100.0 312000
1694834450482 100.0 316000
1694834485680 100.0 320000
1694834524648 100.0 324000
1694834560319 100.0 328000
1694834603299 100.0 332000
1694834644036 100.0 336000
1694834689172 100.0 340000
1694834723415 100.0 344000
