1694832172720 1.0 4000
1694832209505 1.0 8000
1694832246345 1.0 12000
1694832282923 1.0 16000
1694832317263 1.0 20000
1694832348805 1.0 24000
1694832378652 1.0 28000
1694832408736 1.0 32000
1694832440448 1.0 36000
1694832471846 1.0 40000
1694832507540 1.0 44000
1694832536480 1.0 48000
1694832564135 1.0 52000
1694832596542 1.0 56000
1694832625776 1.0 60000
1694832655024 1.0 64000
1694832683495 1.0 68000
1694832713134 1.0 72000
1694832742038 1.0 76000
1694832770407 1.0 80000
1694832799845 1.0 84000
1694832829384 1.0 88000
1694832858329 1.0 92000
1694832887959 1.0 96000
1694832916491 1.0 100000
1694832946273 1.0 104000
1694832974397 1.0 108000
1694833003488 1.0 112000
1694833032310 1.0 116000
1694833061929 1.0 120000
1694833092018 1.0 124000
1694833121594 1.0 128000
1694833150541 1.0 132000
1694833180456 1.0 136000
1694833209357 1.0 140000
1694833239163 1.0 144000
1694833267867 1.0 148000
1694833296758 1.0 152000
1694833325798 1.0 156000
1694833355486 1.0 160000
1694833389284 1.0 164000
1694833420304 1.0 168000
1694833449664 1.0 172000
1694833480469 1.0 176000
1694833509574 1.0 180000
1694833538211 1.0 184000
1694833568168 1.0 188000
1694833603365 1.0 192000
1694833632829 1.0 196000
1694833663045 1.0 200000
1694833692519 1.0 204000
1694833718697 1.0 208000
1694833743369 1.0 212000
1694833767970 1.0 216000
1694833792929 1.0 220000
1694833816935 1.0 224000
1694833841700 1.0 228000
1694833865906 1.0 232000
1694833890625 1.0 236000
1694833914770 1.0 240000
1694833939878 1.0 244000
1694833964664 1.0 248000
1694833988823 1.0 252000
1694834013862 1.0 256000
1694834038090 1.0 260000
1694834062074 1.0 264000
1694834086657 1.0 268000
1694834110980 1.0 272000
1694834135619 1.0 276000
1694834160023 1.0 280000
1694834186617 1.0 284000
1694834219329 1.0 288000
1694834253031 1.0 292000
1694834285480 1.0 296000
1694834317977 1.0 300000
1694834347395 1.0 304000
1694834376819 1.0 308000
1694834412209 1.0 312000
1694834450332 1.0 316000
1694834485607 1.0 320000
1694834524565 1.0 324000
1694834560222 1.0 328000
1694834603195 1.0 332000
1694834643958 1.0 336000
1694834689045 1.0 340000
1694834723357 1.0 344000
