1694832172904 30.0 4000
1694832209710 30.0 8000
1694832246456 30.0 12000
1694832283044 30.0 16000
1694832317373 30.0 20000
1694832348901 30.0 24000
1694832378742 30.0 28000
1694832408842 30.0 32000
1694832440558 30.0 36000
1694832471959 30.0 40000
1694832507624 30.0 44000
1694832536571 30.0 48000
1694832564217 30.0 52000
1694832596626 30.0 56000
1694832625865 30.0 60000
1694832655106 30.0 64000
1694832683590 30.0 68000
1694832713218 30.0 72000
1694832742118 30.0 76000
1694832770499 30.0 80000
1694832799948 30.0 84000
1694832829471 30.0 88000
1694832858427 30.0 92000
1694832888043 30.0 96000
1694832916569 30.0 100000
1694832946349 30.0 104000
1694832974478 30.0 108000
1694833003567 30.0 112000
1694833032390 30.0 116000
1694833062015 30.0 120000
1694833092094 30.0 124000
1694833121672 30.0 128000
1694833150629 30.0 132000
1694833180540 30.0 136000
1694833209439 30.0 140000
1694833239246 30.0 144000
1694833267943 30.0 148000
1694833296837 30.0 152000
1694833325884 30.0 156000
1694833355568 30.0 160000
1694833389396 30.0 164000
1694833420389 30.0 168000
1694833449760 30.0 172000
1694833480557 30.0 176000
1694833509659 30.0 180000
1694833538298 30.0 184000
1694833568293 30.0 188000
1694833603472 30.0 192000
1694833632937 30.0 196000
1694833663134 30.0 200000
1694833692600 30.0 204000
1694833718771 30.0 208000
1694833743452 30.0 212000
1694833768056 30.0 216000
1694833793002 30.0 220000
1694833817019 30.0 224000
1694833841773 30.0 228000
1694833865985 30.0 232000
1694833890765 30.0 236000
1694833914851 30.0 240000
1694833939958 30.0 244000
1694833964741 30.0 248000
1694833988912 30.0 252000
1694834013932 30.0 256000
1694834038161 30.0 260000
1694834062141 30.0 264000
1694834086740 30.0 268000
1694834111052 30.0 272000
1694834135692 30.0 276000
1694834160103 30.0 280000
1694834186705 30.0 284000
1694834219425 30.0 288000
1694834253227 30.0 292000
1694834285575 30.0 296000
1694834318062 30.0 300000
1694834347487 30.0 304000
1694834376905 30.0 308000
1694834412380 30.0 312000
1694834450535 30.0 316000
1694834485708 30.0 320000
1694834524678 30.0 324000
1694834560360 30.0 328000
1694834603337 30.0 332000
1694834644067 30.0 336000
1694834689216 30.0 340000
1694834723437 30.0 344000
