1694832172673 0.0 4000
1694832209432 0.0 8000
1694832246311 0.0 12000
1694832282892 0.0 16000
1694832317239 0.0 20000
1694832348779 0.0 24000
1694832378624 0.0 28000
1694832408706 0.0 32000
1694832440411 0.0 36000
1694832471815 0.0 40000
1694832507518 0.0 44000
1694832536457 0.0 48000
1694832564112 0.0 52000
1694832596524 0.0 56000
1694832625757 0.0 60000
1694832655006 0.0 64000
1694832683465 0.0 68000
1694832713116 0.0 72000
1694832742020 0.0 76000
1694832770380 0.0 80000
1694832799819 0.0 84000
1694832829366 0.0 88000
1694832858310 0.0 92000
1694832887937 0.0 96000
1694832916466 0.0 100000
1694832946249 0.0 104000
1694832974380 0.0 108000
1694833003470 0.0 112000
1694833032288 0.0 116000
1694833061908 0.0 120000
1694833091995 0.0 124000
1694833121575 0.0 128000
1694833150522 0.0 132000
1694833180437 0.0 136000
1694833209339 0.0 140000
1694833239145 0.0 144000
1694833267845 0.0 148000
1694833296739 0.0 152000
1694833325779 0.0 156000
1694833355461 0.0 160000
1694833389262 0.0 164000
1694833420284 0.0 168000
1694833449639 0.0 172000
1694833480449 0.0 176000
1694833509546 0.0 180000
1694833538191 0.0 184000
1694833568132 0.0 188000
1694833603343 0.0 192000
1694833632800 0.0 196000
1694833663021 0.0 200000
1694833692501 0.0 204000
1694833718678 0.0 208000
1694833743347 0.0 212000
1694833767952 0.0 216000
1694833792900 0.0 220000
1694833816918 0.0 224000
1694833841679 0.0 228000
1694833865889 0.0 232000
1694833890585 0.0 236000
1694833914749 0.0 240000
1694833939853 0.0 244000
1694833964648 0.0 248000
1694833988805 0.0 252000
1694834013842 0.0 256000
1694834038071 0.0 260000
1694834062057 0.0 264000
1694834086640 0.0 268000
1694834110963 0.0 272000
1694834135594 0.0 276000
1694834160000 0.0 280000
1694834186598 0.0 284000
1694834219309 0.0 288000
1694834252980 0.0 292000
1694834285461 0.0 296000
1694834317957 0.0 300000
1694834347367 0.0 304000
1694834376798 0.0 308000
1694834412165 0.0 312000
1694834450280 0.0 316000
1694834485579 0.0 320000
1694834524531 0.0 324000
1694834560198 0.0 328000
1694834603161 0.0 332000
1694834643935 0.0 336000
1694834689006 0.0 340000
1694834723338 0.0 344000
