1694832172683 0.0 4000
1694832209457 0.0 8000
1694832246320 0.0 12000
1694832282898 0.0 16000
1694832317246 0.0 20000
1694832348788 0.0 24000
1694832378632 0.0 28000
1694832408712 0.0 32000
1694832440423 0.0 36000
1694832471823 0.0 40000
1694832507522 0.0 44000
1694832536461 0.0 48000
1694832564118 0.0 52000
1694832596528 0.0 56000
1694832625762 0.0 60000
1694832655011 0.0 64000
1694832683471 0.0 68000
1694832713121 0.0 72000
1694832742025 0.0 76000
1694832770384 0.0 80000
1694832799824 0.0 84000
1694832829370 0.0 88000
1694832858315 0.0 92000
1694832887943 0.0 96000
1694832916471 0.0 100000
1694832946254 0.0 104000
1694832974384 0.0 108000
1694833003474 0.0 112000
1694833032292 0.0 116000
1694833061914 0.0 120000
1694833092003 0.0 124000
1694833121580 0.0 128000
1694833150527 0.0 132000
1694833180442 0.0 136000
1694833209343 0.0 140000
1694833239150 0.0 144000
1694833267850 0.0 148000
1694833296744 0.0 152000
1694833325784 0.0 156000
1694833355466 0.0 160000
1694833389268 0.0 164000
1694833420289 0.0 168000
1694833449645 0.0 172000
1694833480454 0.0 176000
1694833509555 0.0 180000
1694833538197 0.0 184000
1694833568138 0.0 188000
1694833603349 0.0 192000
1694833632807 0.0 196000
1694833663026 0.0 200000
1694833692505 0.0 204000
1694833718684 0.0 208000
1694833743352 0.0 212000
1694833767957 0.0 216000
1694833792906 0.0 220000
1694833816923 0.0 224000
1694833841685 0.0 228000
1694833865893 0.0 232000
1694833890608 0.0 236000
1694833914753 0.0 240000
1694833939858 0.0 244000
1694833964652 0.0 248000
1694833988810 0.0 252000
1694834013849 0.0 256000
1694834038077 0.0 260000
1694834062061 0.0 264000
1694834086645 0.0 268000
1694834110967 0.0 272000
1694834135605 0.0 276000
1694834160005 0.0 280000
1694834186603 0.0 284000
1694834219314 0.0 288000
1694834252987 0.0 292000
1694834285465 0.0 296000
1694834317962 0.0 300000
1694834347376 0.0 304000
1694834376805 0.0 308000
1694834412174 0.0 312000
1694834450288 0.0 316000
1694834485584 0.0 320000
1694834524541 0.0 324000
1694834560205 0.0 328000
1694834603168 0.0 332000
1694834643941 0.0 336000
1694834689016 0.0 340000
1694834723343 0.0 344000
