1694832172921 1.0 4000
1694832209735 1.0 8000
1694832246475 1.0 12000
1694832283060 1.0 16000
1694832317393 1.0 20000
1694832348914 1.0 24000
1694832378755 1.0 28000
1694832408855 1.0 32000
1694832440579 1.0 36000
1694832471978 1.0 40000
1694832507637 1.0 44000
1694832536583 1.0 48000
1694832564236 1.0 52000
1694832596638 1.0 56000
1694832625881 1.0 60000
1694832655118 1.0 64000
1694832683608 1.0 68000
1694832713229 1.0 72000
1694832742130 1.0 76000
1694832770514 1.0 80000
1694832799963 1.0 84000
1694832829488 1.0 88000
1694832858443 1.0 92000
1694832888060 1.0 96000
1694832916581 1.0 100000
1694832946364 1.0 104000
1694832974490 1.0 108000
1694833003579 1.0 112000
1694833032410 1.0 116000
1694833062027 1.0 120000
1694833092106 1.0 124000
1694833121685 1.0 128000
1694833150645 1.0 132000
1694833180553 1.0 136000
1694833209453 1.0 140000
1694833239258 1.0 144000
1694833267956 1.0 148000
1694833296849 1.0 152000
1694833325896 1.0 156000
1694833355582 1.0 160000
1694833389410 1.0 164000
1694833420402 1.0 168000
1694833449778 1.0 172000
1694833480573 1.0 176000
1694833509672 1.0 180000
1694833538309 1.0 184000
1694833568316 1.0 188000
1694833603490 1.0 192000
1694833632951 1.0 196000
1694833663146 1.0 200000
1694833692618 1.0 204000
1694833718789 1.0 208000
1694833743469 1.0 212000
1694833768076 1.0 216000
1694833793022 1.0 220000
1694833817033 1.0 224000
1694833841791 1.0 228000
1694833865998 1.0 232000
1694833890779 1.0 236000
1694833914864 1.0 240000
1694833939977 1.0 244000
1694833964752 1.0 248000
1694833988922 1.0 252000
1694834013944 1.0 256000
1694834038174 1.0 260000
1694834062153 1.0 264000
1694834086750 1.0 268000
1694834111063 1.0 272000
1694834135705 1.0 276000
1694834160115 1.0 280000
1694834186716 1.0 284000
1694834219439 1.0 288000
1694834253266 1.0 292000
1694834285588 1.0 296000
1694834318074 1.0 300000
1694834347504 1.0 304000
1694834376918 1.0 308000
1694834412423 1.0 312000
1694834450574 1.0 316000
1694834485721 1.0 320000
1694834524699 1.0 324000
1694834560374 1.0 328000
1694834603358 1.0 332000
1694834644082 1.0 336000
1694834689238 1.0 340000
1694834723453 1.0 344000
