1694832172703 1.0 4000
1694832209462 1.0 8000
1694832246325 1.0 12000
1694832282901 1.0 16000
1694832317248 1.0 20000
1694832348792 1.0 24000
1694832378637 1.0 28000
1694832408717 1.0 32000
1694832440427 1.0 36000
1694832471826 1.0 40000
1694832507525 1.0 44000
1694832536464 1.0 48000
1694832564121 1.0 52000
1694832596531 1.0 56000
1694832625764 1.0 60000
1694832655013 1.0 64000
1694832683476 1.0 68000
1694832713124 1.0 72000
1694832742027 1.0 76000
1694832770387 1.0 80000
1694832799828 1.0 84000
1694832829373 1.0 88000
1694832858317 1.0 92000
1694832887946 1.0 96000
1694832916474 1.0 100000
1694832946260 1.0 104000
1694832974387 1.0 108000
1694833003476 1.0 112000
1694833032296 1.0 116000
1694833061917 1.0 120000
1694833092006 1.0 124000
1694833121582 1.0 128000
1694833150529 1.0 132000
1694833180444 1.0 136000
1694833209346 1.0 140000
1694833239152 1.0 144000
1694833267854 1.0 148000
1694833296746 1.0 152000
1694833325786 1.0 156000
1694833355471 1.0 160000
1694833389271 1.0 164000
1694833420292 1.0 168000
1694833449649 1.0 172000
1694833480457 1.0 176000
1694833509558 1.0 180000
1694833538199 1.0 184000
1694833568142 1.0 188000
1694833603352 1.0 192000
1694833632809 1.0 196000
1694833663031 1.0 200000
1694833692508 1.0 204000
1694833718686 1.0 208000
1694833743356 1.0 212000
1694833767958 1.0 216000
1694833792910 1.0 220000
1694833816925 1.0 224000
1694833841689 1.0 228000
1694833865895 1.0 232000
1694833890611 1.0 236000
1694833914755 1.0 240000
1694833939862 1.0 244000
1694833964654 1.0 248000
1694833988812 1.0 252000
1694834013851 1.0 256000
1694834038079 1.0 260000
1694834062064 1.0 264000
1694834086647 1.0 268000
1694834110969 1.0 272000
1694834135608 1.0 276000
1694834160007 1.0 280000
1694834186605 1.0 284000
1694834219317 1.0 288000
1694834252992 1.0 292000
1694834285468 1.0 296000
1694834317965 1.0 300000
1694834347380 1.0 304000
1694834376807 1.0 308000
1694834412180 1.0 312000
1694834450292 1.0 316000
1694834485588 1.0 320000
1694834524544 1.0 324000
1694834560208 1.0 328000
1694834603171 1.0 332000
1694834643944 1.0 336000
1694834689020 1.0 340000
1694834723345 1.0 344000
