1694832172678 0.0 4000
1694832209437 0.0 8000
1694832246315 0.0 12000
1694832282895 0.0 16000
1694832317243 0.0 20000
1694832348784 0.0 24000
1694832378628 0.0 28000
1694832408709 0.0 32000
1694832440415 0.0 36000
1694832471820 0.0 40000
1694832507520 0.0 44000
1694832536459 0.0 48000
1694832564114 0.0 52000
1694832596526 0.0 56000
1694832625760 0.0 60000
1694832655008 0.0 64000
1694832683467 0.0 68000
1694832713119 0.0 72000
1694832742023 0.0 76000
1694832770382 0.0 80000
1694832799821 0.0 84000
1694832829368 0.0 88000
1694832858312 0.0 92000
1694832887940 0.0 96000
1694832916469 0.0 100000
1694832946251 0.0 104000
1694832974382 0.0 108000
1694833003472 0.0 112000
1694833032290 0.0 116000
1694833061910 0.0 120000
1694833091999 0.0 124000
1694833121577 0.0 128000
1694833150525 0.0 132000
1694833180439 0.0 136000
1694833209341 0.0 140000
1694833239147 0.0 144000
1694833267848 0.0 148000
1694833296742 0.0 152000
1694833325781 0.0 156000
1694833355463 0.0 160000
1694833389265 0.0 164000
1694833420287 0.0 168000
1694833449641 0.0 172000
1694833480452 0.0 176000
1694833509550 0.0 180000
1694833538194 0.0 184000
1694833568136 0.0 188000
1694833603346 0.0 192000
1694833632804 0.0 196000
1694833663023 0.0 200000
1694833692503 0.0 204000
1694833718681 0.0 208000
1694833743349 0.0 212000
1694833767954 0.0 216000
1694833792903 0.0 220000
1694833816921 0.0 224000
1694833841682 0.0 228000
1694833865891 0.0 232000
1694833890605 0.0 236000
1694833914751 0.0 240000
1694833939855 0.0 244000
1694833964650 0.0 248000
1694833988807 0.0 252000
1694834013847 0.0 256000
1694834038074 0.0 260000
1694834062059 0.0 264000
1694834086643 0.0 268000
1694834110965 0.0 272000
1694834135599 0.0 276000
1694834160002 0.0 280000
1694834186600 0.0 284000
1694834219311 0.0 288000
1694834252983 0.0 292000
1694834285463 0.0 296000
1694834317960 0.0 300000
1694834347370 0.0 304000
1694834376802 0.0 308000
1694834412168 0.0 312000
1694834450284 0.0 316000
1694834485582 0.0 320000
1694834524535 0.0 324000
1694834560202 0.0 328000
1694834603165 0.0 332000
1694834643938 0.0 336000
1694834689012 0.0 340000
1694834723340 0.0 344000
