1694832172772 0.0 4000
1694832209568 0.0 8000
1694832246386 0.0 12000
1694832282962 0.0 16000
1694832317300 0.0 20000
1694832348836 0.0 24000
1694832378678 0.0 28000
1694832408766 0.0 32000
1694832440482 0.0 36000
1694832471881 0.0 40000
1694832507561 0.0 44000
1694832536510 0.0 48000
1694832564158 0.0 52000
1694832596572 0.0 56000
1694832625807 0.0 60000
1694832655047 0.0 64000
1694832683523 0.0 68000
1694832713165 0.0 72000
1694832742065 0.0 76000
1694832770436 0.0 80000
1694832799876 0.0 84000
1694832829414 0.0 88000
1694832858365 0.0 92000
1694832887982 0.0 96000
1694832916515 0.0 100000
1694832946296 0.0 104000
1694832974425 0.0 108000
1694833003516 0.0 112000
1694833032337 0.0 116000
1694833061956 0.0 120000
1694833092042 0.0 124000
1694833121620 0.0 128000
1694833150574 0.0 132000
1694833180482 0.0 136000
1694833209382 0.0 140000
1694833239192 0.0 144000
1694833267893 0.0 148000
1694833296784 0.0 152000
1694833325826 0.0 156000
1694833355511 0.0 160000
1694833389325 0.0 164000
1694833420331 0.0 168000
1694833449690 0.0 172000
1694833480499 0.0 176000
1694833509598 0.0 180000
1694833538239 0.0 184000
1694833568208 0.0 188000
1694833603397 0.0 192000
1694833632861 0.0 196000
1694833663069 0.0 200000
1694833692541 0.0 204000
1694833718719 0.0 208000
1694833743393 0.0 212000
1694833767998 0.0 216000
1694833792952 0.0 220000
1694833816958 0.0 224000
1694833841721 0.0 228000
1694833865931 0.0 232000
1694833890674 0.0 236000
1694833914793 0.0 240000
1694833939900 0.0 244000
1694833964688 0.0 248000
1694833988852 0.0 252000
1694834013884 0.0 256000
1694834038111 0.0 260000
1694834062098 0.0 264000
1694834086688 0.0 268000
1694834111002 0.0 272000
1694834135639 0.0 276000
1694834160051 0.0 280000
1694834186648 0.0 284000
1694834219361 0.0 288000
1694834253091 0.0 292000
1694834285512 0.0 296000
1694834318004 0.0 300000
1694834347433 0.0 304000
1694834376845 0.0 308000
1694834412259 0.0 312000
1694834450392 0.0 316000
1694834485638 0.0 320000
1694834524605 0.0 324000
1694834560267 0.0 328000
1694834603242 0.0 332000
1694834643990 0.0 336000
1694834689114 0.0 340000
1694834723380 0.0 344000
