1694832172783 1.0 4000
1694832209576 1.0 8000
1694832246393 1.0 12000
1694832282968 1.0 16000
1694832317305 1.0 20000
1694832348845 1.0 24000
1694832378685 1.0 28000
1694832408774 1.0 32000
1694832440491 1.0 36000
1694832471891 1.0 40000
1694832507567 1.0 44000
1694832536514 1.0 48000
1694832564162 1.0 52000
1694832596577 1.0 56000
1694832625811 1.0 60000
1694832655055 1.0 64000
1694832683529 1.0 68000
1694832713169 1.0 72000
1694832742069 1.0 76000
1694832770441 1.0 80000
1694832799884 1.0 84000
1694832829420 1.0 88000
1694832858370 1.0 92000
1694832887986 1.0 96000
1694832916520 1.0 100000
1694832946300 1.0 104000
1694832974430 1.0 108000
1694833003521 1.0 112000
1694833032342 1.0 116000
1694833061961 1.0 120000
1694833092046 1.0 124000
1694833121624 1.0 128000
1694833150579 1.0 132000
1694833180490 1.0 136000
1694833209388 1.0 140000
1694833239197 1.0 144000
1694833267898 1.0 148000
1694833296789 1.0 152000
1694833325830 1.0 156000
1694833355516 1.0 160000
1694833389331 1.0 164000
1694833420336 1.0 168000
1694833449697 1.0 172000
1694833480504 1.0 176000
1694833509602 1.0 180000
1694833538244 1.0 184000
1694833568216 1.0 188000
1694833603406 1.0 192000
1694833632866 1.0 196000
1694833663078 1.0 200000
1694833692545 1.0 204000
1694833718724 1.0 208000
1694833743398 1.0 212000
1694833768002 1.0 216000
1694833792957 1.0 220000
1694833816967 1.0 224000
1694833841726 1.0 228000
1694833865938 1.0 232000
1694833890681 1.0 236000
1694833914798 1.0 240000
1694833939904 1.0 244000
1694833964696 1.0 248000
1694833988858 1.0 252000
1694834013888 1.0 256000
1694834038115 1.0 260000
1694834062102 1.0 264000
1694834086696 1.0 268000
1694834111006 1.0 272000
1694834135644 1.0 276000
1694834160056 1.0 280000
1694834186653 1.0 284000
1694834219366 1.0 288000
1694834253116 1.0 292000
1694834285517 1.0 296000
1694834318010 1.0 300000
1694834347438 1.0 304000
1694834376853 1.0 308000
1694834412266 1.0 312000
1694834450403 1.0 316000
1694834485643 1.0 320000
1694834524612 1.0 324000
1694834560273 1.0 328000
1694834603252 1.0 332000
1694834643997 1.0 336000
1694834689123 1.0 340000
1694834723387 1.0 344000
