1694832172771 67108864.0 4000
1694832209566 67108864.0 8000
1694832246384 67108864.0 12000
1694832282961 67108864.0 16000
1694832317299 67108864.0 20000
1694832348834 67108864.0 24000
1694832378677 67108864.0 28000
1694832408764 67108864.0 32000
1694832440480 67108864.0 36000
1694832471880 67108864.0 40000
1694832507560 67108864.0 44000
1694832536509 67108864.0 48000
1694832564156 67108864.0 52000
1694832596571 67108864.0 56000
1694832625806 67108864.0 60000
1694832655046 67108864.0 64000
1694832683522 67108864.0 68000
1694832713164 67108864.0 72000
1694832742063 67108864.0 76000
1694832770434 67108864.0 80000
1694832799874 67108864.0 84000
1694832829413 67108864.0 88000
1694832858364 67108864.0 92000
1694832887981 67108864.0 96000
1694832916514 67108864.0 100000
1694832946295 67108864.0 104000
1694832974424 67108864.0 108000
1694833003515 67108864.0 112000
1694833032335 67108864.0 116000
1694833061955 67108864.0 120000
1694833092040 67108864.0 124000
1694833121618 67108864.0 128000
1694833150573 67108864.0 132000
1694833180481 67108864.0 136000
1694833209381 67108864.0 140000
1694833239191 67108864.0 144000
1694833267891 67108864.0 148000
1694833296783 67108864.0 152000
1694833325825 67108864.0 156000
1694833355510 67108864.0 160000
1694833389324 67108864.0 164000
1694833420330 67108864.0 168000
1694833449689 67108864.0 172000
1694833480497 67108864.0 176000
1694833509597 67108864.0 180000
1694833538238 67108864.0 184000
1694833568206 67108864.0 188000
1694833603395 67108864.0 192000
1694833632859 67108864.0 196000
1694833663068 67108864.0 200000
1694833692540 67108864.0 204000
1694833718718 67108864.0 208000
1694833743392 67108864.0 212000
1694833767997 67108864.0 216000
1694833792951 67108864.0 220000
1694833816956 67108864.0 224000
1694833841720 67108864.0 228000
1694833865929 67108864.0 232000
1694833890672 67108864.0 236000
1694833914792 67108864.0 240000
1694833939899 67108864.0 244000
1694833964686 67108864.0 248000
1694833988851 67108864.0 252000
1694834013883 67108864.0 256000
1694834038110 67108864.0 260000
1694834062097 67108864.0 264000
1694834086686 67108864.0 268000
1694834111001 67108864.0 272000
1694834135638 67108864.0 276000
1694834160050 67108864.0 280000
1694834186646 67108864.0 284000
1694834219359 67108864.0 288000
1694834253088 67108864.0 292000
1694834285511 67108864.0 296000
1694834318003 67108864.0 300000
1694834347431 67108864.0 304000
1694834376843 67108864.0 308000
1694834412256 67108864.0 312000
1694834450390 67108864.0 316000
1694834485637 67108864.0 320000
1694834524602 67108864.0 324000
1694834560265 67108864.0 328000
1694834603240 67108864.0 332000
1694834643988 67108864.0 336000
1694834689112 67108864.0 340000
1694834723379 67108864.0 344000
