1694832172765 0.0 4000
1694832209559 0.0 8000
1694832246374 0.0 12000
1694832282954 0.0 16000
1694832317294 0.0 20000
1694832348827 0.0 24000
1694832378672 0.0 28000
1694832408758 0.0 32000
1694832440473 0.0 36000
1694832471871 0.0 40000
1694832507556 0.0 44000
1694832536504 0.0 48000
1694832564152 0.0 52000
1694832596566 0.0 56000
1694832625801 0.0 60000
1694832655041 0.0 64000
1694832683516 0.0 68000
1694832713159 0.0 72000
1694832742058 0.0 76000
1694832770426 0.0 80000
1694832799868 0.0 84000
1694832829402 0.0 88000
1694832858357 0.0 92000
1694832887976 0.0 96000
1694832916509 0.0 100000
1694832946291 0.0 104000
1694832974419 0.0 108000
1694833003511 0.0 112000
1694833032327 0.0 116000
1694833061950 0.0 120000
1694833092036 0.0 124000
1694833121613 0.0 128000
1694833150568 0.0 132000
1694833180476 0.0 136000
1694833209376 0.0 140000
1694833239184 0.0 144000
1694833267884 0.0 148000
1694833296778 0.0 152000
1694833325820 0.0 156000
1694833355505 0.0 160000
1694833389314 0.0 164000
1694833420324 0.0 168000
1694833449684 0.0 172000
1694833480492 0.0 176000
1694833509591 0.0 180000
1694833538233 0.0 184000
1694833568196 0.0 188000
1694833603390 0.0 192000
1694833632851 0.0 196000
1694833663063 0.0 200000
1694833692535 0.0 204000
1694833718714 0.0 208000
1694833743388 0.0 212000
1694833767993 0.0 216000
1694833792946 0.0 220000
1694833816951 0.0 224000
1694833841715 0.0 228000
1694833865925 0.0 232000
1694833890667 0.0 236000
1694833914788 0.0 240000
1694833939895 0.0 244000
1694833964680 0.0 248000
1694833988843 0.0 252000
1694834013878 0.0 256000
1694834038106 0.0 260000
1694834062090 0.0 264000
1694834086680 0.0 268000
1694834110997 0.0 272000
1694834135634 0.0 276000
1694834160046 0.0 280000
1694834186641 0.0 284000
1694834219355 0.0 288000
1694834253080 0.0 292000
1694834285506 0.0 296000
1694834317995 0.0 300000
1694834347421 0.0 304000
1694834376838 0.0 308000
1694834412244 0.0 312000
1694834450382 0.0 316000
1694834485629 0.0 320000
1694834524594 0.0 324000
1694834560259 0.0 328000
1694834603228 0.0 332000
1694834643979 0.0 336000
1694834689101 0.0 340000
1694834723374 0.0 344000
