1694832172768 0.0 4000
1694832209563 0.0 8000
1694832246378 0.0 12000
1694832282957 0.0 16000
1694832317297 0.0 20000
1694832348830 0.0 24000
1694832378674 0.0 28000
1694832408760 0.0 32000
1694832440477 0.0 36000
1694832471876 0.0 40000
1694832507558 0.0 44000
1694832536506 0.0 48000
1694832564154 0.0 52000
1694832596568 0.0 56000
1694832625803 0.0 60000
1694832655043 0.0 64000
1694832683519 0.0 68000
1694832713161 0.0 72000
1694832742061 0.0 76000
1694832770429 0.0 80000
1694832799871 0.0 84000
1694832829407 0.0 88000
1694832858361 0.0 92000
1694832887978 0.0 96000
1694832916512 0.0 100000
1694832946293 0.0 104000
1694832974422 0.0 108000
1694833003513 0.0 112000
1694833032331 0.0 116000
1694833061953 0.0 120000
1694833092038 0.0 124000
1694833121616 0.0 128000
1694833150570 0.0 132000
1694833180478 0.0 136000
1694833209378 0.0 140000
1694833239187 0.0 144000
1694833267887 0.0 148000
1694833296780 0.0 152000
1694833325823 0.0 156000
1694833355508 0.0 160000
1694833389319 0.0 164000
1694833420327 0.0 168000
1694833449686 0.0 172000
1694833480495 0.0 176000
1694833509593 0.0 180000
1694833538235 0.0 184000
1694833568201 0.0 188000
1694833603393 0.0 192000
1694833632856 0.0 196000
1694833663065 0.0 200000
1694833692537 0.0 204000
1694833718716 0.0 208000
1694833743390 0.0 212000
1694833767995 0.0 216000
1694833792948 0.0 220000
1694833816953 0.0 224000
1694833841717 0.0 228000
1694833865927 0.0 232000
1694833890670 0.0 236000
1694833914790 0.0 240000
1694833939897 0.0 244000
1694833964683 0.0 248000
1694833988848 0.0 252000
1694834013880 0.0 256000
1694834038108 0.0 260000
1694834062094 0.0 264000
1694834086682 0.0 268000
1694834110999 0.0 272000
1694834135636 0.0 276000
1694834160048 0.0 280000
1694834186644 0.0 284000
1694834219357 0.0 288000
1694834253084 0.0 292000
1694834285508 0.0 296000
1694834317999 0.0 300000
1694834347426 0.0 304000
1694834376840 0.0 308000
1694834412251 0.0 312000
1694834450386 0.0 316000
1694834485633 0.0 320000
1694834524597 0.0 324000
1694834560263 0.0 328000
1694834603234 0.0 332000
1694834643983 0.0 336000
1694834689107 0.0 340000
1694834723376 0.0 344000
