1694832172829 0.0 4000
1694832209630 0.0 8000
1694832246422 0.0 12000
1694832283003 0.0 16000
1694832317339 0.0 20000
1694832348868 0.0 24000
1694832378710 0.0 28000
1694832408803 0.0 32000
1694832440521 0.0 36000
1694832471921 0.0 40000
1694832507595 0.0 44000
1694832536541 0.0 48000
1694832564186 0.0 52000
1694832596602 0.0 56000
1694832625834 0.0 60000
1694832655075 0.0 64000
1694832683560 0.0 68000
1694832713188 0.0 72000
1694832742088 0.0 76000
1694832770465 0.0 80000
1694832799913 0.0 84000
1694832829440 0.0 88000
1694832858395 0.0 92000
1694832888011 0.0 96000
1694832916545 0.0 100000
1694832946324 0.0 104000
1694832974449 0.0 108000
1694833003543 0.0 112000
1694833032361 0.0 116000
1694833061982 0.0 120000
1694833092065 0.0 124000
1694833121645 0.0 128000
1694833150605 0.0 132000
1694833180511 0.0 136000
1694833209411 0.0 140000
1694833239217 0.0 144000
1694833267918 0.0 148000
1694833296809 0.0 152000
1694833325858 0.0 156000
1694833355542 0.0 160000
1694833389362 0.0 164000
1694833420357 0.0 168000
1694833449729 0.0 172000
1694833480530 0.0 176000
1694833509628 0.0 180000
1694833538264 0.0 184000
1694833568253 0.0 188000
1694833603438 0.0 192000
1694833632892 0.0 196000
1694833663102 0.0 200000
1694833692569 0.0 204000
1694833718745 0.0 208000
1694833743423 0.0 212000
1694833768033 0.0 216000
1694833792976 0.0 220000
1694833816992 0.0 224000
1694833841751 0.0 228000
1694833865958 0.0 232000
1694833890720 0.0 236000
1694833914823 0.0 240000
1694833939931 0.0 244000
1694833964713 0.0 248000
1694833988880 0.0 252000
1694834013910 0.0 256000
1694834038139 0.0 260000
1694834062120 0.0 264000
1694834086718 0.0 268000
1694834111030 0.0 272000
1694834135662 0.0 276000
1694834160080 0.0 280000
1694834186674 0.0 284000
1694834219395 0.0 288000
1694834253168 0.0 292000
1694834285546 0.0 296000
1694834318030 0.0 300000
1694834347463 0.0 304000
1694834376874 0.0 308000
1694834412311 0.0 312000
1694834450474 0.0 316000
1694834485672 0.0 320000
1694834524641 0.0 324000
1694834560313 0.0 328000
1694834603289 0.0 332000
1694834644028 0.0 336000
1694834689165 0.0 340000
1694834723410 0.0 344000
