1694832172728 0.0 4000
1694832209514 0.0 8000
1694832246350 0.0 12000
1694832282934 0.0 16000
1694832317271 0.0 20000
1694832348809 0.0 24000
1694832378657 0.0 28000
1694832408745 0.0 32000
1694832440454 0.0 36000
1694832471853 0.0 40000
1694832507544 0.0 44000
1694832536486 0.0 48000
1694832564139 0.0 52000
1694832596550 0.0 56000
1694832625780 0.0 60000
1694832655028 0.0 64000
1694832683503 0.0 68000
1694832713139 0.0 72000
1694832742043 0.0 76000
1694832770411 0.0 80000
1694832799854 0.0 84000
1694832829389 0.0 88000
1694832858338 0.0 92000
1694832887963 0.0 96000
1694832916496 0.0 100000
1694832946278 0.0 104000
1694832974402 0.0 108000
1694833003493 0.0 112000
1694833032314 0.0 116000
1694833061936 0.0 120000
1694833092023 0.0 124000
1694833121599 0.0 128000
1694833150546 0.0 132000
1694833180460 0.0 136000
1694833209362 0.0 140000
1694833239170 0.0 144000
1694833267872 0.0 148000
1694833296763 0.0 152000
1694833325803 0.0 156000
1694833355492 0.0 160000
1694833389289 0.0 164000
1694833420309 0.0 168000
1694833449670 0.0 172000
1694833480477 0.0 176000
1694833509579 0.0 180000
1694833538216 0.0 184000
1694833568178 0.0 188000
1694833603371 0.0 192000
1694833632836 0.0 196000
1694833663050 0.0 200000
1694833692523 0.0 204000
1694833718702 0.0 208000
1694833743373 0.0 212000
1694833767978 0.0 216000
1694833792934 0.0 220000
1694833816939 0.0 224000
1694833841704 0.0 228000
1694833865914 0.0 232000
1694833890634 0.0 236000
1694833914774 0.0 240000
1694833939882 0.0 244000
1694833964669 0.0 248000
1694833988827 0.0 252000
1694834013867 0.0 256000
1694834038095 0.0 260000
1694834062078 0.0 264000
1694834086662 0.0 268000
1694834110985 0.0 272000
1694834135623 0.0 276000
1694834160028 0.0 280000
1694834186622 0.0 284000
1694834219338 0.0 288000
1694834253038 0.0 292000
1694834285487 0.0 296000
1694834317982 0.0 300000
1694834347406 0.0 304000
1694834376824 0.0 308000
1694834412216 0.0 312000
1694834450340 0.0 316000
1694834485612 0.0 320000
1694834524571 0.0 324000
1694834560229 0.0 328000
1694834603205 0.0 332000
1694834643963 0.0 336000
1694834689057 0.0 340000
1694834723361 0.0 344000
