1694832172726 0.0 4000
1694832209512 0.0 8000
1694832246349 0.0 12000
1694832282931 0.0 16000
1694832317269 0.0 20000
1694832348808 0.0 24000
1694832378656 0.0 28000
1694832408743 0.0 32000
1694832440452 0.0 36000
1694832471851 0.0 40000
1694832507543 0.0 44000
1694832536484 0.0 48000
1694832564138 0.0 52000
1694832596548 0.0 56000
1694832625779 0.0 60000
1694832655027 0.0 64000
1694832683501 0.0 68000
1694832713138 0.0 72000
1694832742041 0.0 76000
1694832770410 0.0 80000
1694832799852 0.0 84000
1694832829388 0.0 88000
1694832858336 0.0 92000
1694832887962 0.0 96000
1694832916494 0.0 100000
1694832946276 0.0 104000
1694832974401 0.0 108000
1694833003492 0.0 112000
1694833032313 0.0 116000
1694833061934 0.0 120000
1694833092022 0.0 124000
1694833121597 0.0 128000
1694833150545 0.0 132000
1694833180459 0.0 136000
1694833209360 0.0 140000
1694833239169 0.0 144000
1694833267871 0.0 148000
1694833296762 0.0 152000
1694833325802 0.0 156000
1694833355491 0.0 160000
1694833389287 0.0 164000
1694833420308 0.0 168000
1694833449669 0.0 172000
1694833480475 0.0 176000
1694833509578 0.0 180000
1694833538214 0.0 184000
1694833568176 0.0 188000
1694833603369 0.0 192000
1694833632834 0.0 196000
1694833663048 0.0 200000
1694833692522 0.0 204000
1694833718700 0.0 208000
1694833743372 0.0 212000
1694833767975 0.0 216000
1694833792933 0.0 220000
1694833816938 0.0 224000
1694833841703 0.0 228000
1694833865912 0.0 232000
1694833890631 0.0 236000
1694833914773 0.0 240000
1694833939881 0.0 244000
1694833964668 0.0 248000
1694833988826 0.0 252000
1694834013865 0.0 256000
1694834038094 0.0 260000
1694834062077 0.0 264000
1694834086660 0.0 268000
1694834110984 0.0 272000
1694834135622 0.0 276000
1694834160027 0.0 280000
1694834186621 0.0 284000
1694834219336 0.0 288000
1694834253036 0.0 292000
1694834285485 0.0 296000
1694834317981 0.0 300000
1694834347404 0.0 304000
1694834376823 0.0 308000
1694834412215 0.0 312000
1694834450338 0.0 316000
1694834485611 0.0 320000
1694834524570 0.0 324000
1694834560226 0.0 328000
1694834603202 0.0 332000
1694834643962 0.0 336000
1694834689054 0.0 340000
1694834723360 0.0 344000
