1694832172711 0.0 4000
1694832209471 0.0 8000
1694832246334 0.0 12000
1694832282907 0.0 16000
1694832317253 0.0 20000
1694832348798 0.0 24000
1694832378645 0.0 28000
1694832408725 0.0 32000
1694832440435 0.0 36000
1694832471832 0.0 40000
1694832507531 0.0 44000
1694832536469 0.0 48000
1694832564127 0.0 52000
1694832596535 0.0 56000
1694832625769 0.0 60000
1694832655017 0.0 64000
1694832683483 0.0 68000
1694832713128 0.0 72000
1694832742032 0.0 76000
1694832770398 0.0 80000
1694832799835 0.0 84000
1694832829378 0.0 88000
1694832858321 0.0 92000
1694832887952 0.0 96000
1694832916479 0.0 100000
1694832946266 0.0 104000
1694832974391 0.0 108000
1694833003481 0.0 112000
1694833032303 0.0 116000
1694833061921 0.0 120000
1694833092011 0.0 124000
1694833121587 0.0 128000
1694833150535 0.0 132000
1694833180449 0.0 136000
1694833209350 0.0 140000
1694833239156 0.0 144000
1694833267861 0.0 148000
1694833296751 0.0 152000
1694833325791 0.0 156000
1694833355478 0.0 160000
1694833389276 0.0 164000
1694833420297 0.0 168000
1694833449656 0.0 172000
1694833480462 0.0 176000
1694833509565 0.0 180000
1694833538204 0.0 184000
1694833568153 0.0 188000
1694833603357 0.0 192000
1694833632816 0.0 196000
1694833663038 0.0 200000
1694833692512 0.0 204000
1694833718690 0.0 208000
1694833743362 0.0 212000
1694833767963 0.0 216000
1694833792919 0.0 220000
1694833816929 0.0 224000
1694833841693 0.0 228000
1694833865899 0.0 232000
1694833890616 0.0 236000
1694833914762 0.0 240000
1694833939870 0.0 244000
1694833964659 0.0 248000
1694833988816 0.0 252000
1694834013855 0.0 256000
1694834038084 0.0 260000
1694834062068 0.0 264000
1694834086651 0.0 268000
1694834110974 0.0 272000
1694834135612 0.0 276000
1694834160012 0.0 280000
1694834186610 0.0 284000
1694834219322 0.0 288000
1694834253018 0.0 292000
1694834285473 0.0 296000
1694834317970 0.0 300000
1694834347387 0.0 304000
1694834376812 0.0 308000
1694834412192 0.0 312000
1694834450304 0.0 316000
1694834485598 0.0 320000
1694834524552 0.0 324000
1694834560214 0.0 328000
1694834603178 0.0 332000
1694834643950 0.0 336000
1694834689028 0.0 340000
1694834723350 0.0 344000
