1694832172853 0.0 4000
1694832209638 0.0 8000
1694832246426 0.0 12000
1694832283008 0.0 16000
1694832317344 0.0 20000
1694832348872 0.0 24000
1694832378713 0.0 28000
1694832408807 0.0 32000
1694832440527 0.0 36000
1694832471927 0.0 40000
1694832507600 0.0 44000
1694832536547 0.0 48000
1694832564193 0.0 52000
1694832596605 0.0 56000
1694832625837 0.0 60000
1694832655078 0.0 64000
1694832683564 0.0 68000
1694832713193 0.0 72000
1694832742091 0.0 76000
1694832770468 0.0 80000
1694832799917 0.0 84000
1694832829443 0.0 88000
1694832858402 0.0 92000
1694832888014 0.0 96000
1694832916549 0.0 100000
1694832946328 0.0 104000
1694832974452 0.0 108000
1694833003546 0.0 112000
1694833032365 0.0 116000
1694833061991 0.0 120000
1694833092068 0.0 124000
1694833121649 0.0 128000
1694833150608 0.0 132000
1694833180514 0.0 136000
1694833209415 0.0 140000
1694833239223 0.0 144000
1694833267921 0.0 148000
1694833296813 0.0 152000
1694833325862 0.0 156000
1694833355546 0.0 160000
1694833389369 0.0 164000
1694833420361 0.0 168000
1694833449732 0.0 172000
1694833480534 0.0 176000
1694833509631 0.0 180000
1694833538269 0.0 184000
1694833568259 0.0 188000
1694833603442 0.0 192000
1694833632896 0.0 196000
1694833663105 0.0 200000
1694833692576 0.0 204000
1694833718748 0.0 208000
1694833743430 0.0 212000
1694833768037 0.0 216000
1694833792982 0.0 220000
1694833816995 0.0 224000
1694833841754 0.0 228000
1694833865962 0.0 232000
1694833890724 0.0 236000
1694833914826 0.0 240000
1694833939939 0.0 244000
1694833964716 0.0 248000
1694833988887 0.0 252000
1694834013913 0.0 256000
1694834038142 0.0 260000
1694834062123 0.0 264000
1694834086721 0.0 268000
1694834111033 0.0 272000
1694834135669 0.0 276000
1694834160084 0.0 280000
1694834186677 0.0 284000
1694834219399 0.0 288000
1694834253175 0.0 292000
1694834285551 0.0 296000
1694834318033 0.0 300000
1694834347466 0.0 304000
1694834376878 0.0 308000
1694834412317 0.0 312000
1694834450480 0.0 316000
1694834485678 0.0 320000
1694834524645 0.0 324000
1694834560317 0.0 328000
1694834603296 0.0 332000
1694834644034 0.0 336000
1694834689170 0.0 340000
1694834723414 0.0 344000
