1694832172722 0.0 4000
1694832209507 0.0 8000
1694832246347 0.0 12000
1694832282926 0.0 16000
1694832317265 0.0 20000
1694832348806 0.0 24000
1694832378653 0.0 28000
1694832408739 0.0 32000
1694832440449 0.0 36000
1694832471848 0.0 40000
1694832507541 0.0 44000
1694832536482 0.0 48000
1694832564136 0.0 52000
1694832596544 0.0 56000
1694832625777 0.0 60000
1694832655025 0.0 64000
1694832683496 0.0 68000
1694832713136 0.0 72000
1694832742039 0.0 76000
1694832770408 0.0 80000
1694832799847 0.0 84000
1694832829385 0.0 88000
1694832858332 0.0 92000
1694832887960 0.0 96000
1694832916492 0.0 100000
1694832946274 0.0 104000
1694832974399 0.0 108000
1694833003489 0.0 112000
1694833032311 0.0 116000
1694833061930 0.0 120000
1694833092019 0.0 124000
1694833121595 0.0 128000
1694833150542 0.0 132000
1694833180457 0.0 136000
1694833209358 0.0 140000
1694833239165 0.0 144000
1694833267869 0.0 148000
1694833296759 0.0 152000
1694833325799 0.0 156000
1694833355488 0.0 160000
1694833389285 0.0 164000
1694833420305 0.0 168000
1694833449666 0.0 172000
1694833480471 0.0 176000
1694833509575 0.0 180000
1694833538212 0.0 184000
1694833568171 0.0 188000
1694833603367 0.0 192000
1694833632831 0.0 196000
1694833663046 0.0 200000
1694833692520 0.0 204000
1694833718698 0.0 208000
1694833743370 0.0 212000
1694833767971 0.0 216000
1694833792931 0.0 220000
1694833816936 0.0 224000
1694833841701 0.0 228000
1694833865909 0.0 232000
1694833890626 0.0 236000
1694833914771 0.0 240000
1694833939879 0.0 244000
1694833964665 0.0 248000
1694833988824 0.0 252000
1694834013863 0.0 256000
1694834038091 0.0 260000
1694834062075 0.0 264000
1694834086658 0.0 268000
1694834110982 0.0 272000
1694834135620 0.0 276000
1694834160024 0.0 280000
1694834186618 0.0 284000
1694834219331 0.0 288000
1694834253032 0.0 292000
1694834285481 0.0 296000
1694834317978 0.0 300000
1694834347398 0.0 304000
1694834376821 0.0 308000
1694834412211 0.0 312000
1694834450334 0.0 316000
1694834485609 0.0 320000
1694834524567 0.0 324000
1694834560223 0.0 328000
1694834603197 0.0 332000
1694834643959 0.0 336000
1694834689048 0.0 340000
1694834723358 0.0 344000
