1694832172824 1.0 4000
1694832209624 1.0 8000
1694832246419 1.0 12000
1694832283000 1.0 16000
1694832317334 1.0 20000
1694832348863 1.0 24000
1694832378707 1.0 28000
1694832408800 1.0 32000
1694832440516 1.0 36000
1694832471916 1.0 40000
1694832507592 1.0 44000
1694832536536 1.0 48000
1694832564184 1.0 52000
1694832596599 1.0 56000
1694832625832 1.0 60000
1694832655072 1.0 64000
1694832683558 1.0 68000
1694832713186 1.0 72000
1694832742086 1.0 76000
1694832770462 1.0 80000
1694832799911 1.0 84000
1694832829437 1.0 88000
1694832858392 1.0 92000
1694832888008 1.0 96000
1694832916542 1.0 100000
1694832946322 1.0 104000
1694832974447 1.0 108000
1694833003540 1.0 112000
1694833032359 1.0 116000
1694833061979 1.0 120000
1694833092063 1.0 124000
1694833121643 1.0 128000
1694833150602 1.0 132000
1694833180508 1.0 136000
1694833209409 1.0 140000
1694833239214 1.0 144000
1694833267915 1.0 148000
1694833296807 1.0 152000
1694833325853 1.0 156000
1694833355540 1.0 160000
1694833389358 1.0 164000
1694833420354 1.0 168000
1694833449726 1.0 172000
1694833480527 1.0 176000
1694833509624 1.0 180000
1694833538262 1.0 184000
1694833568248 1.0 188000
1694833603435 1.0 192000
1694833632890 1.0 196000
1694833663099 1.0 200000
1694833692567 1.0 204000
1694833718743 1.0 208000
1694833743420 1.0 212000
1694833768031 1.0 216000
1694833792973 1.0 220000
1694833816990 1.0 224000
1694833841749 1.0 228000
1694833865954 1.0 232000
1694833890717 1.0 236000
1694833914820 1.0 240000
1694833939927 1.0 244000
1694833964711 1.0 248000
1694833988878 1.0 252000
1694834013908 1.0 256000
1694834038136 1.0 260000
1694834062118 1.0 264000
1694834086715 1.0 268000
1694834111028 1.0 272000
1694834135660 1.0 276000
1694834160078 1.0 280000
1694834186672 1.0 284000
1694834219390 1.0 288000
1694834253148 1.0 292000
1694834285540 1.0 296000
1694834318027 1.0 300000
1694834347460 1.0 304000
1694834376872 1.0 308000
1694834412307 1.0 312000
1694834450455 1.0 316000
1694834485670 1.0 320000
1694834524638 1.0 324000
1694834560306 1.0 328000
1694834603284 1.0 332000
1694834644025 1.0 336000
1694834689160 1.0 340000
1694834723407 1.0 344000
