1694832172885 128.0 4000
1694832209708 128.0 8000
1694832246455 128.0 12000
1694832283042 128.0 16000
1694832317371 128.0 20000
1694832348900 128.0 24000
1694832378740 128.0 28000
1694832408840 128.0 32000
1694832440556 128.0 36000
1694832471958 128.0 40000
1694832507623 128.0 44000
1694832536569 128.0 48000
1694832564216 128.0 52000
1694832596625 128.0 56000
1694832625864 128.0 60000
1694832655104 128.0 64000
1694832683588 128.0 68000
1694832713217 128.0 72000
1694832742117 128.0 76000
1694832770497 128.0 80000
1694832799946 128.0 84000
1694832829470 128.0 88000
1694832858426 128.0 92000
1694832888041 128.0 96000
1694832916568 128.0 100000
1694832946348 128.0 104000
1694832974477 128.0 108000
1694833003566 128.0 112000
1694833032388 128.0 116000
1694833062014 128.0 120000
1694833092093 128.0 124000
1694833121671 128.0 128000
1694833150628 128.0 132000
1694833180538 128.0 136000
1694833209436 128.0 140000
1694833239245 128.0 144000
1694833267941 128.0 148000
1694833296836 128.0 152000
1694833325882 128.0 156000
1694833355566 128.0 160000
1694833389393 128.0 164000
1694833420388 128.0 168000
1694833449758 128.0 172000
1694833480556 128.0 176000
1694833509658 128.0 180000
1694833538297 128.0 184000
1694833568292 128.0 188000
1694833603469 128.0 192000
1694833632936 128.0 196000
1694833663132 128.0 200000
1694833692599 128.0 204000
1694833718770 128.0 208000
1694833743451 128.0 212000
1694833768054 128.0 216000
1694833793001 128.0 220000
1694833817017 128.0 224000
1694833841772 128.0 228000
1694833865984 128.0 232000
1694833890764 128.0 236000
1694833914850 128.0 240000
1694833939957 128.0 244000
1694833964740 128.0 248000
1694833988910 128.0 252000
1694834013931 128.0 256000
1694834038160 128.0 260000
1694834062140 128.0 264000
1694834086739 128.0 268000
1694834111051 128.0 272000
1694834135691 128.0 276000
1694834160102 128.0 280000
1694834186704 128.0 284000
1694834219423 128.0 288000
1694834253225 128.0 292000
1694834285574 128.0 296000
1694834318061 128.0 300000
1694834347486 128.0 304000
1694834376904 128.0 308000
1694834412377 128.0 312000
1694834450533 128.0 316000
1694834485707 128.0 320000
1694834524676 128.0 324000
1694834560358 128.0 328000
1694834603335 128.0 332000
1694834644066 128.0 336000
1694834689213 128.0 340000
1694834723435 128.0 344000
