1694832172769 0.0 4000
1694832209565 0.0 8000
1694832246381 0.0 12000
1694832282959 0.0 16000
1694832317298 0.0 20000
1694832348832 0.0 24000
1694832378676 0.0 28000
1694832408762 0.0 32000
1694832440478 0.0 36000
1694832471878 0.0 40000
1694832507559 0.0 44000
1694832536508 0.0 48000
1694832564155 0.0 52000
1694832596570 0.0 56000
1694832625805 0.0 60000
1694832655045 0.0 64000
1694832683521 0.0 68000
1694832713163 0.0 72000
1694832742062 0.0 76000
1694832770432 0.0 80000
1694832799872 0.0 84000
1694832829410 0.0 88000
1694832858362 0.0 92000
1694832887980 0.0 96000
1694832916513 0.0 100000
1694832946294 0.0 104000
1694832974423 0.0 108000
1694833003514 0.0 112000
1694833032333 0.0 116000
1694833061954 0.0 120000
1694833092039 0.0 124000
1694833121617 0.0 128000
1694833150572 0.0 132000
1694833180480 0.0 136000
1694833209379 0.0 140000
1694833239189 0.0 144000
1694833267889 0.0 148000
1694833296781 0.0 152000
1694833325824 0.0 156000
1694833355509 0.0 160000
1694833389322 0.0 164000
1694833420328 0.0 168000
1694833449687 0.0 172000
1694833480496 0.0 176000
1694833509595 0.0 180000
1694833538237 0.0 184000
1694833568203 0.0 188000
1694833603394 0.0 192000
1694833632857 0.0 196000
1694833663066 0.0 200000
1694833692539 0.0 204000
1694833718717 0.0 208000
1694833743391 0.0 212000
1694833767996 0.0 216000
1694833792950 0.0 220000
1694833816955 0.0 224000
1694833841719 0.0 228000
1694833865928 0.0 232000
1694833890671 0.0 236000
1694833914791 0.0 240000
1694833939898 0.0 244000
1694833964684 0.0 248000
1694833988849 0.0 252000
1694834013881 0.0 256000
1694834038109 0.0 260000
1694834062095 0.0 264000
1694834086684 0.0 268000
1694834111000 0.0 272000
1694834135637 0.0 276000
1694834160049 0.0 280000
1694834186645 0.0 284000
1694834219358 0.0 288000
1694834253086 0.0 292000
1694834285510 0.0 296000
1694834318001 0.0 300000
1694834347430 0.0 304000
1694834376841 0.0 308000
1694834412253 0.0 312000
1694834450388 0.0 316000
1694834485635 0.0 320000
1694834524600 0.0 324000
1694834560264 0.0 328000
1694834603238 0.0 332000
1694834643986 0.0 336000
1694834689110 0.0 340000
1694834723377 0.0 344000
