1694832172906 1.0 4000
1694832209712 1.0 8000
1694832246458 1.0 12000
1694832283045 1.0 16000
1694832317375 1.0 20000
1694832348902 1.0 24000
1694832378744 1.0 28000
1694832408844 1.0 32000
1694832440559 1.0 36000
1694832471960 1.0 40000
1694832507626 1.0 44000
1694832536573 1.0 48000
1694832564218 1.0 52000
1694832596627 1.0 56000
1694832625866 1.0 60000
1694832655107 1.0 64000
1694832683592 1.0 68000
1694832713219 1.0 72000
1694832742120 1.0 76000
1694832770501 1.0 80000
1694832799950 1.0 84000
1694832829473 1.0 88000
1694832858428 1.0 92000
1694832888044 1.0 96000
1694832916571 1.0 100000
1694832946350 1.0 104000
1694832974480 1.0 108000
1694833003568 1.0 112000
1694833032392 1.0 116000
1694833062016 1.0 120000
1694833092096 1.0 124000
1694833121673 1.0 128000
1694833150630 1.0 132000
1694833180541 1.0 136000
1694833209441 1.0 140000
1694833239248 1.0 144000
1694833267945 1.0 148000
1694833296838 1.0 152000
1694833325885 1.0 156000
1694833355569 1.0 160000
1694833389398 1.0 164000
1694833420391 1.0 168000
1694833449761 1.0 172000
1694833480559 1.0 176000
1694833509660 1.0 180000
1694833538299 1.0 184000
1694833568295 1.0 188000
1694833603474 1.0 192000
1694833632939 1.0 196000
1694833663135 1.0 200000
1694833692601 1.0 204000
1694833718773 1.0 208000
1694833743453 1.0 212000
1694833768058 1.0 216000
1694833793004 1.0 220000
1694833817020 1.0 224000
1694833841774 1.0 228000
1694833865987 1.0 232000
1694833890766 1.0 236000
1694833914852 1.0 240000
1694833939960 1.0 244000
1694833964742 1.0 248000
1694833988913 1.0 252000
1694834013933 1.0 256000
1694834038162 1.0 260000
1694834062143 1.0 264000
1694834086741 1.0 268000
1694834111053 1.0 272000
1694834135693 1.0 276000
1694834160104 1.0 280000
1694834186706 1.0 284000
1694834219427 1.0 288000
1694834253229 1.0 292000
1694834285577 1.0 296000
1694834318063 1.0 300000
1694834347489 1.0 304000
1694834376907 1.0 308000
1694834412383 1.0 312000
1694834450537 1.0 316000
1694834485709 1.0 320000
1694834524681 1.0 324000
1694834560361 1.0 328000
1694834603340 1.0 332000
1694834644069 1.0 336000
1694834689218 1.0 340000
1694834723440 1.0 344000
