1694832172870 1.0 4000
1694832209673 1.0 8000
1694832246446 1.0 12000
1694832283025 1.0 16000
1694832317356 1.0 20000
1694832348890 1.0 24000
1694832378727 1.0 28000
1694832408826 1.0 32000
1694832440547 1.0 36000
1694832471947 1.0 40000
1694832507611 1.0 44000
1694832536559 1.0 48000
1694832564208 1.0 52000
1694832596617 1.0 56000
1694832625856 1.0 60000
1694832655089 1.0 64000
1694832683580 1.0 68000
1694832713209 1.0 72000
1694832742109 1.0 76000
1694832770486 1.0 80000
1694832799934 1.0 84000
1694832829462 1.0 88000
1694832858417 1.0 92000
1694832888026 1.0 96000
1694832916560 1.0 100000
1694832946340 1.0 104000
1694832974469 1.0 108000
1694833003558 1.0 112000
1694833032377 1.0 116000
1694833062006 1.0 120000
1694833092080 1.0 124000
1694833121660 1.0 128000
1694833150620 1.0 132000
1694833180527 1.0 136000
1694833209427 1.0 140000
1694833239236 1.0 144000
1694833267932 1.0 148000
1694833296827 1.0 152000
1694833325875 1.0 156000
1694833355558 1.0 160000
1694833389384 1.0 164000
1694833420380 1.0 168000
1694833449746 1.0 172000
1694833480547 1.0 176000
1694833509643 1.0 180000
1694833538288 1.0 184000
1694833568281 1.0 188000
1694833603459 1.0 192000
1694833632922 1.0 196000
1694833663117 1.0 200000
1694833692591 1.0 204000
1694833718762 1.0 208000
1694833743444 1.0 212000
1694833768047 1.0 216000
1694833792995 1.0 220000
1694833817007 1.0 224000
1694833841765 1.0 228000
1694833865973 1.0 232000
1694833890737 1.0 236000
1694833914843 1.0 240000
1694833939950 1.0 244000
1694833964727 1.0 248000
1694833988902 1.0 252000
1694834013924 1.0 256000
1694834038152 1.0 260000
1694834062133 1.0 264000
1694834086732 1.0 268000
1694834111044 1.0 272000
1694834135681 1.0 276000
1694834160095 1.0 280000
1694834186693 1.0 284000
1694834219412 1.0 288000
1694834253195 1.0 292000
1694834285563 1.0 296000
1694834318051 1.0 300000
1694834347478 1.0 304000
1694834376890 1.0 308000
1694834412348 1.0 312000
1694834450505 1.0 316000
1694834485693 1.0 320000
1694834524666 1.0 324000
1694834560341 1.0 328000
1694834603318 1.0 332000
1694834644052 1.0 336000
1694834689195 1.0 340000
1694834723425 1.0 344000
