1694832172873 -1.0 4000
1694832209679 -1.0 8000
1694832246448 -1.0 12000
1694832283029 -1.0 16000
1694832317359 -1.0 20000
1694832348894 -1.0 24000
1694832378729 -1.0 28000
1694832408829 -1.0 32000
1694832440550 -1.0 36000
1694832471951 -1.0 40000
1694832507613 -1.0 44000
1694832536561 -1.0 48000
1694832564210 -1.0 52000
1694832596620 -1.0 56000
1694832625858 -1.0 60000
1694832655093 -1.0 64000
1694832683582 -1.0 68000
1694832713212 -1.0 72000
1694832742112 -1.0 76000
1694832770489 -1.0 80000
1694832799938 -1.0 84000
1694832829465 -1.0 88000
1694832858420 -1.0 92000
1694832888030 -1.0 96000
1694832916562 -1.0 100000
1694832946342 -1.0 104000
1694832974471 -1.0 108000
1694833003560 -1.0 112000
1694833032379 -1.0 116000
1694833062008 -1.0 120000
1694833092082 -1.0 124000
1694833121664 -1.0 128000
1694833150623 -1.0 132000
1694833180530 -1.0 136000
1694833209429 -1.0 140000
1694833239239 -1.0 144000
1694833267934 -1.0 148000
1694833296829 -1.0 152000
1694833325877 -1.0 156000
1694833355560 -1.0 160000
1694833389386 -1.0 164000
1694833420382 -1.0 168000
1694833449750 -1.0 172000
1694833480550 -1.0 176000
1694833509645 -1.0 180000
1694833538291 -1.0 184000
1694833568285 -1.0 188000
1694833603461 -1.0 192000
1694833632927 -1.0 196000
1694833663120 -1.0 200000
1694833692593 -1.0 204000
1694833718764 -1.0 208000
1694833743446 -1.0 212000
1694833768049 -1.0 216000
1694833792997 -1.0 220000
1694833817011 -1.0 224000
1694833841768 -1.0 228000
1694833865975 -1.0 232000
1694833890757 -1.0 236000
1694833914845 -1.0 240000
1694833939952 -1.0 244000
1694833964729 -1.0 248000
1694833988904 -1.0 252000
1694834013926 -1.0 256000
1694834038155 -1.0 260000
1694834062135 -1.0 264000
1694834086734 -1.0 268000
1694834111046 -1.0 272000
1694834135684 -1.0 276000
1694834160097 -1.0 280000
1694834186697 -1.0 284000
1694834219414 -1.0 288000
1694834253199 -1.0 292000
1694834285565 -1.0 296000
1694834318054 -1.0 300000
1694834347481 -1.0 304000
1694834376894 -1.0 308000
1694834412354 -1.0 312000
1694834450524 -1.0 316000
1694834485698 -1.0 320000
1694834524669 -1.0 324000
1694834560346 -1.0 328000
1694834603321 -1.0 332000
1694834644057 -1.0 336000
1694834689201 -1.0 340000
1694834723428 -1.0 344000
