1694832172733 1.0 4000
1694832209518 1.0 8000
1694832246353 1.0 12000
1694832282939 1.0 16000
1694832317276 1.0 20000
1694832348814 1.0 24000
1694832378659 1.0 28000
1694832408747 1.0 32000
1694832440456 1.0 36000
1694832471855 1.0 40000
1694832507546 1.0 44000
1694832536489 1.0 48000
1694832564142 1.0 52000
1694832596554 1.0 56000
1694832625784 1.0 60000
1694832655030 1.0 64000
1694832683506 1.0 68000
1694832713142 1.0 72000
1694832742045 1.0 76000
1694832770414 1.0 80000
1694832799857 1.0 84000
1694832829391 1.0 88000
1694832858341 1.0 92000
1694832887965 1.0 96000
1694832916498 1.0 100000
1694832946280 1.0 104000
1694832974404 1.0 108000
1694833003497 1.0 112000
1694833032317 1.0 116000
1694833061940 1.0 120000
1694833092025 1.0 124000
1694833121601 1.0 128000
1694833150549 1.0 132000
1694833180463 1.0 136000
1694833209364 1.0 140000
1694833239173 1.0 144000
1694833267874 1.0 148000
1694833296765 1.0 152000
1694833325808 1.0 156000
1694833355494 1.0 160000
1694833389293 1.0 164000
1694833420311 1.0 168000
1694833449673 1.0 172000
1694833480480 1.0 176000
1694833509581 1.0 180000
1694833538218 1.0 184000
1694833568182 1.0 188000
1694833603374 1.0 192000
1694833632839 1.0 196000
1694833663052 1.0 200000
1694833692525 1.0 204000
1694833718704 1.0 208000
1694833743376 1.0 212000
1694833767982 1.0 216000
1694833792936 1.0 220000
1694833816941 1.0 224000
1694833841706 1.0 228000
1694833865916 1.0 232000
1694833890638 1.0 236000
1694833914776 1.0 240000
1694833939885 1.0 244000
1694833964671 1.0 248000
1694833988829 1.0 252000
1694834013869 1.0 256000
1694834038097 1.0 260000
1694834062080 1.0 264000
1694834086665 1.0 268000
1694834110987 1.0 272000
1694834135625 1.0 276000
1694834160032 1.0 280000
1694834186624 1.0 284000
1694834219343 1.0 288000
1694834253044 1.0 292000
1694834285490 1.0 296000
1694834317984 1.0 300000
1694834347409 1.0 304000
1694834376827 1.0 308000
1694834412219 1.0 312000
1694834450344 1.0 316000
1694834485615 1.0 320000
1694834524574 1.0 324000
1694834560235 1.0 328000
1694834603211 1.0 332000
1694834643966 1.0 336000
1694834689063 1.0 340000
1694834723364 1.0 344000
