1694832172758 4000.0 4000
1694832209530 4000.0 8000
1694832246361 4000.0 12000
1694832282948 4000.0 16000
1694832317286 4000.0 20000
1694832348822 4000.0 24000
1694832378667 4000.0 28000
1694832408753 4000.0 32000
1694832440463 4000.0 36000
1694832471862 4000.0 40000
1694832507551 4000.0 44000
1694832536499 4000.0 48000
1694832564147 4000.0 52000
1694832596561 4000.0 56000
1694832625796 4000.0 60000
1694832655036 4000.0 64000
1694832683512 4000.0 68000
1694832713153 4000.0 72000
1694832742052 4000.0 76000
1694832770419 4000.0 80000
1694832799863 4000.0 84000
1694832829396 4000.0 88000
1694832858348 4000.0 92000
1694832887971 4000.0 96000
1694832916504 4000.0 100000
1694832946286 4000.0 104000
1694832974414 4000.0 108000
1694833003506 4000.0 112000
1694833032323 4000.0 116000
1694833061946 4000.0 120000
1694833092031 4000.0 124000
1694833121607 4000.0 128000
1694833150563 4000.0 132000
1694833180471 4000.0 136000
1694833209372 4000.0 140000
1694833239179 4000.0 144000
1694833267880 4000.0 148000
1694833296773 4000.0 152000
1694833325816 4000.0 156000
1694833355500 4000.0 160000
1694833389306 4000.0 164000
1694833420317 4000.0 168000
1694833449679 4000.0 172000
1694833480487 4000.0 176000
1694833509587 4000.0 180000
1694833538225 4000.0 184000
1694833568189 4000.0 188000
1694833603384 4000.0 192000
1694833632845 4000.0 196000
1694833663058 4000.0 200000
1694833692531 4000.0 204000
1694833718709 4000.0 208000
1694833743383 4000.0 212000
1694833767989 4000.0 216000
1694833792942 4000.0 220000
1694833816947 4000.0 224000
1694833841711 4000.0 228000
1694833865921 4000.0 232000
1694833890661 4000.0 236000
1694833914781 4000.0 240000
1694833939891 4000.0 244000
1694833964676 4000.0 248000
1694833988835 4000.0 252000
1694834013874 4000.0 256000
1694834038102 4000.0 260000
1694834062085 4000.0 264000
1694834086672 4000.0 268000
1694834110993 4000.0 272000
1694834135630 4000.0 276000
1694834160040 4000.0 280000
1694834186631 4000.0 284000
1694834219350 4000.0 288000
1694834253072 4000.0 292000
1694834285501 4000.0 296000
1694834317990 4000.0 300000
1694834347415 4000.0 304000
1694834376833 4000.0 308000
1694834412233 4000.0 312000
1694834450374 4000.0 316000
1694834485621 4000.0 320000
1694834524586 4000.0 324000
1694834560249 4000.0 328000
1694834603220 4000.0 332000
1694834643973 4000.0 336000
1694834689093 4000.0 340000
1694834723369 4000.0 344000
