1694832172880 1.0 4000
1694832209687 1.0 8000
1694832246452 1.0 12000
1694832283037 1.0 16000
1694832317367 1.0 20000
1694832348897 1.0 24000
1694832378735 1.0 28000
1694832408835 1.0 32000
1694832440554 1.0 36000
1694832471955 1.0 40000
1694832507619 1.0 44000
1694832536565 1.0 48000
1694832564214 1.0 52000
1694832596623 1.0 56000
1694832625862 1.0 60000
1694832655100 1.0 64000
1694832683586 1.0 68000
1694832713215 1.0 72000
1694832742115 1.0 76000
1694832770492 1.0 80000
1694832799942 1.0 84000
1694832829468 1.0 88000
1694832858423 1.0 92000
1694832888038 1.0 96000
1694832916566 1.0 100000
1694832946346 1.0 104000
1694832974475 1.0 108000
1694833003564 1.0 112000
1694833032383 1.0 116000
1694833062011 1.0 120000
1694833092088 1.0 124000
1694833121668 1.0 128000
1694833150626 1.0 132000
1694833180534 1.0 136000
1694833209433 1.0 140000
1694833239243 1.0 144000
1694833267938 1.0 148000
1694833296833 1.0 152000
1694833325880 1.0 156000
1694833355564 1.0 160000
1694833389390 1.0 164000
1694833420385 1.0 168000
1694833449755 1.0 172000
1694833480554 1.0 176000
1694833509653 1.0 180000
1694833538295 1.0 184000
1694833568289 1.0 188000
1694833603466 1.0 192000
1694833632933 1.0 196000
1694833663128 1.0 200000
1694833692596 1.0 204000
1694833718768 1.0 208000
1694833743449 1.0 212000
1694833768052 1.0 216000
1694833793000 1.0 220000
1694833817015 1.0 224000
1694833841770 1.0 228000
1694833865980 1.0 232000
1694833890761 1.0 236000
1694833914848 1.0 240000
1694833939955 1.0 244000
1694833964736 1.0 248000
1694833988908 1.0 252000
1694834013929 1.0 256000
1694834038158 1.0 260000
1694834062138 1.0 264000
1694834086737 1.0 268000
1694834111049 1.0 272000
1694834135688 1.0 276000
1694834160100 1.0 280000
1694834186701 1.0 284000
1694834219419 1.0 288000
1694834253221 1.0 292000
1694834285570 1.0 296000
1694834318058 1.0 300000
1694834347484 1.0 304000
1694834376900 1.0 308000
1694834412371 1.0 312000
1694834450530 1.0 316000
1694834485704 1.0 320000
1694834524674 1.0 324000
1694834560353 1.0 328000
1694834603330 1.0 332000
1694834644063 1.0 336000
1694834689208 1.0 340000
1694834723431 1.0 344000
