1694832172877 1.0 4000
1694832209684 1.0 8000
1694832246451 1.0 12000
1694832283035 1.0 16000
1694832317364 1.0 20000
1694832348896 1.0 24000
1694832378733 1.0 28000
1694832408833 1.0 32000
1694832440552 1.0 36000
1694832471953 1.0 40000
1694832507617 1.0 44000
1694832536564 1.0 48000
1694832564213 1.0 52000
1694832596622 1.0 56000
1694832625861 1.0 60000
1694832655098 1.0 64000
1694832683585 1.0 68000
1694832713214 1.0 72000
1694832742114 1.0 76000
1694832770491 1.0 80000
1694832799941 1.0 84000
1694832829467 1.0 88000
1694832858422 1.0 92000
1694832888035 1.0 96000
1694832916565 1.0 100000
1694832946344 1.0 104000
1694832974473 1.0 108000
1694833003563 1.0 112000
1694833032381 1.0 116000
1694833062010 1.0 120000
1694833092087 1.0 124000
1694833121667 1.0 128000
1694833150625 1.0 132000
1694833180532 1.0 136000
1694833209432 1.0 140000
1694833239242 1.0 144000
1694833267936 1.0 148000
1694833296832 1.0 152000
1694833325879 1.0 156000
1694833355563 1.0 160000
1694833389389 1.0 164000
1694833420384 1.0 168000
1694833449753 1.0 172000
1694833480552 1.0 176000
1694833509651 1.0 180000
1694833538293 1.0 184000
1694833568288 1.0 188000
1694833603464 1.0 192000
1694833632931 1.0 196000
1694833663125 1.0 200000
1694833692595 1.0 204000
1694833718766 1.0 208000
1694833743448 1.0 212000
1694833768051 1.0 216000
1694833792999 1.0 220000
1694833817013 1.0 224000
1694833841769 1.0 228000
1694833865979 1.0 232000
1694833890759 1.0 236000
1694833914847 1.0 240000
1694833939954 1.0 244000
1694833964734 1.0 248000
1694833988906 1.0 252000
1694834013928 1.0 256000
1694834038157 1.0 260000
1694834062137 1.0 264000
1694834086736 1.0 268000
1694834111048 1.0 272000
1694834135687 1.0 276000
1694834160099 1.0 280000
1694834186700 1.0 284000
1694834219417 1.0 288000
1694834253219 1.0 292000
1694834285568 1.0 296000
1694834318057 1.0 300000
1694834347483 1.0 304000
1694834376898 1.0 308000
1694834412357 1.0 312000
1694834450527 1.0 316000
1694834485702 1.0 320000
1694834524672 1.0 324000
1694834560351 1.0 328000
1694834603325 1.0 332000
1694834644061 1.0 336000
1694834689206 1.0 340000
1694834723430 1.0 344000
