1694832172913 10.0 4000
1694832209721 10.0 8000
1694832246467 10.0 12000
1694832283052 10.0 16000
1694832317383 10.0 20000
1694832348907 10.0 24000
1694832378749 10.0 28000
1694832408849 10.0 32000
1694832440567 10.0 36000
1694832471966 10.0 40000
1694832507630 10.0 44000
1694832536578 10.0 48000
1694832564226 10.0 52000
1694832596632 10.0 56000
1694832625873 10.0 60000
1694832655112 10.0 64000
1694832683601 10.0 68000
1694832713224 10.0 72000
1694832742124 10.0 76000
1694832770508 10.0 80000
1694832799957 10.0 84000
1694832829482 10.0 88000
1694832858435 10.0 92000
1694832888052 10.0 96000
1694832916575 10.0 100000
1694832946356 10.0 104000
1694832974484 10.0 108000
1694833003573 10.0 112000
1694833032400 10.0 116000
1694833062021 10.0 120000
1694833092100 10.0 124000
1694833121678 10.0 128000
1694833150636 10.0 132000
1694833180547 10.0 136000
1694833209447 10.0 140000
1694833239253 10.0 144000
1694833267950 10.0 148000
1694833296843 10.0 152000
1694833325890 10.0 156000
1694833355575 10.0 160000
1694833389404 10.0 164000
1694833420396 10.0 168000
1694833449769 10.0 172000
1694833480564 10.0 176000
1694833509665 10.0 180000
1694833538304 10.0 184000
1694833568305 10.0 188000
1694833603483 10.0 192000
1694833632944 10.0 196000
1694833663140 10.0 200000
1694833692608 10.0 204000
1694833718782 10.0 208000
1694833743460 10.0 212000
1694833768068 10.0 216000
1694833793013 10.0 220000
1694833817024 10.0 224000
1694833841782 10.0 228000
1694833865992 10.0 232000
1694833890771 10.0 236000
1694833914857 10.0 240000
1694833939970 10.0 244000
1694833964747 10.0 248000
1694833988917 10.0 252000
1694834013937 10.0 256000
1694834038166 10.0 260000
1694834062148 10.0 264000
1694834086745 10.0 268000
1694834111058 10.0 272000
1694834135699 10.0 276000
1694834160109 10.0 280000
1694834186711 10.0 284000
1694834219432 10.0 288000
1694834253236 10.0 292000
1694834285582 10.0 296000
1694834318067 10.0 300000
1694834347496 10.0 304000
1694834376912 10.0 308000
1694834412395 10.0 312000
1694834450546 10.0 316000
1694834485714 10.0 320000
1694834524690 10.0 324000
1694834560367 10.0 328000
1694834603349 10.0 332000
1694834644075 10.0 336000
1694834689226 10.0 340000
1694834723446 10.0 344000
