1694832172908 1.0 4000
1694832209714 1.0 8000
1694832246460 1.0 12000
1694832283047 1.0 16000
1694832317377 1.0 20000
1694832348903 1.0 24000
1694832378745 1.0 28000
1694832408845 1.0 32000
1694832440560 1.0 36000
1694832471962 1.0 40000
1694832507627 1.0 44000
1694832536574 1.0 48000
1694832564219 1.0 52000
1694832596629 1.0 56000
1694832625867 1.0 60000
1694832655108 1.0 64000
1694832683594 1.0 68000
1694832713220 1.0 72000
1694832742121 1.0 76000
1694832770503 1.0 80000
1694832799952 1.0 84000
1694832829474 1.0 88000
1694832858429 1.0 92000
1694832888045 1.0 96000
1694832916572 1.0 100000
1694832946351 1.0 104000
1694832974481 1.0 108000
1694833003570 1.0 112000
1694833032394 1.0 116000
1694833062017 1.0 120000
1694833092097 1.0 124000
1694833121674 1.0 128000
1694833150632 1.0 132000
1694833180543 1.0 136000
1694833209443 1.0 140000
1694833239249 1.0 144000
1694833267946 1.0 148000
1694833296839 1.0 152000
1694833325886 1.0 156000
1694833355571 1.0 160000
1694833389400 1.0 164000
1694833420392 1.0 168000
1694833449762 1.0 172000
1694833480560 1.0 176000
1694833509662 1.0 180000
1694833538301 1.0 184000
1694833568297 1.0 188000
1694833603477 1.0 192000
1694833632940 1.0 196000
1694833663136 1.0 200000
1694833692603 1.0 204000
1694833718776 1.0 208000
1694833743455 1.0 212000
1694833768060 1.0 216000
1694833793006 1.0 220000
1694833817021 1.0 224000
1694833841776 1.0 228000
1694833865988 1.0 232000
1694833890767 1.0 236000
1694833914854 1.0 240000
1694833939962 1.0 244000
1694833964744 1.0 248000
1694833988914 1.0 252000
1694834013934 1.0 256000
1694834038163 1.0 260000
1694834062144 1.0 264000
1694834086742 1.0 268000
1694834111054 1.0 272000
1694834135695 1.0 276000
1694834160106 1.0 280000
1694834186707 1.0 284000
1694834219428 1.0 288000
1694834253231 1.0 292000
1694834285578 1.0 296000
1694834318064 1.0 300000
1694834347490 1.0 304000
1694834376908 1.0 308000
1694834412386 1.0 312000
1694834450539 1.0 316000
1694834485711 1.0 320000
1694834524683 1.0 324000
1694834560363 1.0 328000
1694834603343 1.0 332000
1694834644070 1.0 336000
1694834689220 1.0 340000
1694834723442 1.0 344000
