1694832172916 -1.0 4000
1694832209726 -1.0 8000
1694832246471 -1.0 12000
1694832283054 -1.0 16000
1694832317387 -1.0 20000
1694832348909 -1.0 24000
1694832378752 -1.0 28000
1694832408852 -1.0 32000
1694832440573 -1.0 36000
1694832471970 -1.0 40000
1694832507633 -1.0 44000
1694832536580 -1.0 48000
1694832564230 -1.0 52000
1694832596634 -1.0 56000
1694832625877 -1.0 60000
1694832655114 -1.0 64000
1694832683604 -1.0 68000
1694832713226 -1.0 72000
1694832742126 -1.0 76000
1694832770510 -1.0 80000
1694832799959 -1.0 84000
1694832829485 -1.0 88000
1694832858439 -1.0 92000
1694832888055 -1.0 96000
1694832916577 -1.0 100000
1694832946360 -1.0 104000
1694832974486 -1.0 108000
1694833003576 -1.0 112000
1694833032404 -1.0 116000
1694833062023 -1.0 120000
1694833092102 -1.0 124000
1694833121680 -1.0 128000
1694833150641 -1.0 132000
1694833180550 -1.0 136000
1694833209450 -1.0 140000
1694833239255 -1.0 144000
1694833267953 -1.0 148000
1694833296845 -1.0 152000
1694833325892 -1.0 156000
1694833355578 -1.0 160000
1694833389407 -1.0 164000
1694833420398 -1.0 168000
1694833449773 -1.0 172000
1694833480568 -1.0 176000
1694833509669 -1.0 180000
1694833538306 -1.0 184000
1694833568309 -1.0 188000
1694833603486 -1.0 192000
1694833632947 -1.0 196000
1694833663142 -1.0 200000
1694833692612 -1.0 204000
1694833718785 -1.0 208000
1694833743464 -1.0 212000
1694833768071 -1.0 216000
1694833793017 -1.0 220000
1694833817029 -1.0 224000
1694833841786 -1.0 228000
1694833865994 -1.0 232000
1694833890774 -1.0 236000
1694833914859 -1.0 240000
1694833939973 -1.0 244000
1694833964749 -1.0 248000
1694833988919 -1.0 252000
1694834013940 -1.0 256000
1694834038169 -1.0 260000
1694834062150 -1.0 264000
1694834086747 -1.0 268000
1694834111060 -1.0 272000
1694834135702 -1.0 276000
1694834160111 -1.0 280000
1694834186713 -1.0 284000
1694834219434 -1.0 288000
1694834253241 -1.0 292000
1694834285584 -1.0 296000
1694834318070 -1.0 300000
1694834347500 -1.0 304000
1694834376914 -1.0 308000
1694834412401 -1.0 312000
1694834450552 -1.0 316000
1694834485717 -1.0 320000
1694834524693 -1.0 324000
1694834560370 -1.0 328000
1694834603352 -1.0 332000
1694834644078 -1.0 336000
1694834689230 -1.0 340000
1694834723449 -1.0 344000
