1694832172859 1800.0 4000
1694832209660 1800.0 8000
1694832246432 1800.0 12000
1694832283014 1800.0 16000
1694832317348 1800.0 20000
1694832348876 1800.0 24000
1694832378719 1800.0 28000
1694832408812 1800.0 32000
1694832440532 1800.0 36000
1694832471932 1800.0 40000
1694832507603 1800.0 44000
1694832536551 1800.0 48000
1694832564199 1800.0 52000
1694832596609 1800.0 56000
1694832625844 1800.0 60000
1694832655081 1800.0 64000
1694832683567 1800.0 68000
1694832713199 1800.0 72000
1694832742098 1800.0 76000
1694832770471 1800.0 80000
1694832799921 1800.0 84000
1694832829450 1800.0 88000
1694832858408 1800.0 92000
1694832888018 1800.0 96000
1694832916552 1800.0 100000
1694832946332 1800.0 104000
1694832974456 1800.0 108000
1694833003550 1800.0 112000
1694833032368 1800.0 116000
1694833061997 1800.0 120000
1694833092072 1800.0 124000
1694833121652 1800.0 128000
1694833150612 1800.0 132000
1694833180519 1800.0 136000
1694833209419 1800.0 140000
1694833239227 1800.0 144000
1694833267924 1800.0 148000
1694833296816 1800.0 152000
1694833325866 1800.0 156000
1694833355549 1800.0 160000
1694833389374 1800.0 164000
1694833420366 1800.0 168000
1694833449736 1800.0 172000
1694833480538 1800.0 176000
1694833509635 1800.0 180000
1694833538277 1800.0 184000
1694833568265 1800.0 188000
1694833603447 1800.0 192000
1694833632901 1800.0 196000
1694833663109 1800.0 200000
1694833692583 1800.0 204000
1694833718754 1800.0 208000
1694833743436 1800.0 212000
1694833768039 1800.0 216000
1694833792987 1800.0 220000
1694833816999 1800.0 224000
1694833841759 1800.0 228000
1694833865966 1800.0 232000
1694833890728 1800.0 236000
1694833914832 1800.0 240000
1694833939943 1800.0 244000
1694833964719 1800.0 248000
1694833988893 1800.0 252000
1694834013917 1800.0 256000
1694834038145 1800.0 260000
1694834062126 1800.0 264000
1694834086725 1800.0 268000
1694834111037 1800.0 272000
1694834135674 1800.0 276000
1694834160087 1800.0 280000
1694834186681 1800.0 284000
1694834219403 1800.0 288000
1694834253181 1800.0 292000
1694834285555 1800.0 296000
1694834318036 1800.0 300000
1694834347469 1800.0 304000
1694834376882 1800.0 308000
1694834412323 1800.0 312000
1694834450486 1800.0 316000
1694834485684 1800.0 320000
1694834524653 1800.0 324000
1694834560322 1800.0 328000
1694834603304 1800.0 332000
1694834644040 1800.0 336000
1694834689176 1800.0 340000
1694834723417 1800.0 344000
