1694832172857 60.0 4000
1694832209657 60.0 8000
1694832246430 60.0 12000
1694832283013 60.0 16000
1694832317347 60.0 20000
1694832348875 60.0 24000
1694832378717 60.0 28000
1694832408810 60.0 32000
1694832440530 60.0 36000
1694832471930 60.0 40000
1694832507602 60.0 44000
1694832536550 60.0 48000
1694832564198 60.0 52000
1694832596608 60.0 56000
1694832625841 60.0 60000
1694832655080 60.0 64000
1694832683566 60.0 68000
1694832713197 60.0 72000
1694832742096 60.0 76000
1694832770470 60.0 80000
1694832799920 60.0 84000
1694832829447 60.0 88000
1694832858407 60.0 92000
1694832888017 60.0 96000
1694832916551 60.0 100000
1694832946331 60.0 104000
1694832974455 60.0 108000
1694833003548 60.0 112000
1694833032367 60.0 116000
1694833061995 60.0 120000
1694833092071 60.0 124000
1694833121651 60.0 128000
1694833150611 60.0 132000
1694833180518 60.0 136000
1694833209418 60.0 140000
1694833239226 60.0 144000
1694833267923 60.0 148000
1694833296815 60.0 152000
1694833325864 60.0 156000
1694833355548 60.0 160000
1694833389372 60.0 164000
1694833420364 60.0 168000
1694833449735 60.0 172000
1694833480537 60.0 176000
1694833509634 60.0 180000
1694833538275 60.0 184000
1694833568263 60.0 188000
1694833603445 60.0 192000
1694833632899 60.0 196000
1694833663108 60.0 200000
1694833692581 60.0 204000
1694833718751 60.0 208000
1694833743434 60.0 212000
1694833768038 60.0 216000
1694833792986 60.0 220000
1694833816997 60.0 224000
1694833841757 60.0 228000
1694833865964 60.0 232000
1694833890726 60.0 236000
1694833914830 60.0 240000
1694833939942 60.0 244000
1694833964718 60.0 248000
1694833988891 60.0 252000
1694834013916 60.0 256000
1694834038144 60.0 260000
1694834062125 60.0 264000
1694834086723 60.0 268000
1694834111035 60.0 272000
1694834135672 60.0 276000
1694834160086 60.0 280000
1694834186680 60.0 284000
1694834219402 60.0 288000
1694834253179 60.0 292000
1694834285554 60.0 296000
1694834318035 60.0 300000
1694834347468 60.0 304000
1694834376881 60.0 308000
1694834412320 60.0 312000
1694834450484 60.0 316000
1694834485682 60.0 320000
1694834524651 60.0 324000
1694834560320 60.0 328000
1694834603301 60.0 332000
1694834644038 60.0 336000
1694834689174 60.0 340000
1694834723416 60.0 344000
