1694832172662 23777.81 4000
1694832209414 27277.528 8000
1694832246300 28252.205 12000
1694832282874 29006.254 16000
1694832317224 28905.979 20000
1694832348765 28542.07 24000
1694832378608 28100.454 28000
1694832408697 27716.777 32000
1694832440401 27629.539 36000
1694832471804 27548.774 40000
1694832507509 28113.463 44000
1694832536449 27419.902 48000
1694832564104 26745.308 52000
1694832596515 26426.696 56000
1694832625749 26059.162 60000
1694832654998 25840.567 64000
1694832683457 25710.005 68000
1694832713108 25725.74 72000
1694832742013 25485.052 76000
1694832770371 25233.599 80000
1694832799810 24778.315 84000
1694832829355 24907.573 88000
1694832858301 25006.895 92000
1694832887922 24709.888 96000
1694832916455 24650.601 100000
1694832946241 24751.744 104000
1694832974371 24721.608 108000
1694833003462 24685.871 112000
1694833032279 24679.471 116000
1694833061900 24789.416 120000
1694833091981 24827.932 124000
1694833121567 24846.383 128000
1694833150515 24854.431 132000
1694833180428 24897.871 136000
1694833209330 24909.491 140000
1694833239137 24865.711 144000
1694833267838 24900.664 148000
1694833296731 24882.09 152000
1694833325771 24917.837 156000
1694833355452 24929.952 160000
1694833389247 25275.115 164000
1694833420274 25359.4 168000
1694833449631 25354.324 172000
1694833480440 25417.157 176000
1694833509537 25422.838 180000
1694833538183 25357.54 184000
1694833568115 25487.458 188000
1694833603332 25977.653 192000
1694833632790 25951.218 196000
1694833663012 25964.938 200000
1694833692492 25594.843 204000
1694833718670 25203.878 208000
1694833743340 24823.449 212000
1694833767944 24280.189 216000
1694833792893 23888.178 220000
1694833816907 23457.194 224000
1694833841672 22978.012 228000
1694833865877 22037.448 232000
1694833890572 21659.38 236000
1694833914741 21097.764 240000
1694833939837 20689.022 244000
1694833964635 20536.784 248000
1694833988796 20495.125 252000
1694834013831 20528.47 256000
1694834038060 20524.233 260000
1694834062048 20512.81 264000
1694834086629 20484.155 268000
1694834110955 20495.188 272000
1694834135584 20494.662 276000
1694834159992 20554.909 280000
1694834186588 20706.064 284000
1694834219300 21372.918 288000
1694834252966 22232.372 292000
1694834285453 22837.933 296000
1694834317943 23526.56 300000
1694834347359 24003.069 304000
1694834376789 24451.551 308000
1694834412150 25446.83 312000
1694834450247 26546.366 316000
1694834485570 27398.215 320000
1694834524519 28463.112 324000
1694834560183 28727.313 328000
1694834603148 29483.605 332000
1694834643925 30241.555 336000
1694834688988 31283.088 340000
1694834723326 31560.334 344000
