1694832172664 168.224 4000
1694832209417 146.641 8000
1694832246301 141.582 12000
1694832282876 137.901 16000
1694832317226 138.38 20000
1694832348767 140.144 24000
1694832378609 142.346 28000
1694832408699 144.317 32000
1694832440403 144.773 36000
1694832471805 145.197 40000
1694832507510 142.281 44000
1694832536450 145.879 48000
1694832564105 149.559 52000
1694832596517 151.362 56000
1694832625750 153.497 60000
1694832654999 154.795 64000
1694832683458 155.581 68000
1694832713109 155.486 72000
1694832742014 156.955 76000
1694832770373 158.519 80000
1694832799811 161.431 84000
1694832829357 160.594 88000
1694832858303 159.956 92000
1694832887923 161.879 96000
1694832916457 162.268 100000
1694832946242 161.605 104000
1694832974372 161.802 108000
1694833003463 162.036 112000
1694833032281 162.078 116000
1694833061901 161.359 120000
1694833091983 161.109 124000
1694833121568 160.989 128000
1694833150516 160.937 132000
1694833180430 160.656 136000
1694833209331 160.581 140000
1694833239138 160.864 144000
1694833267839 160.638 148000
1694833296732 160.758 152000
1694833325772 160.528 156000
1694833355454 160.45 160000
1694833389249 158.258 164000
1694833420276 157.732 168000
1694833449632 157.764 172000
1694833480441 157.374 176000
1694833509538 157.339 180000
1694833538184 157.744 184000
1694833568118 156.94 188000
1694833603334 153.978 192000
1694833632791 154.135 196000
1694833663014 154.054 200000
1694833692494 156.281 204000
1694833718671 158.706 208000
1694833743341 161.138 212000
1694833767945 164.743 216000
1694833792894 167.447 220000
1694833816909 170.523 224000
1694833841673 174.079 228000
1694833865878 181.509 232000
1694833890574 184.677 236000
1694833914742 189.594 240000
1694833939840 193.339 244000
1694833964637 194.772 248000
1694833988797 195.168 252000
1694834013832 194.851 256000
1694834038061 194.892 260000
1694834062050 195.0 264000
1694834086632 195.273 268000
1694834110955 195.168 272000
1694834135585 195.173 276000
1694834159993 194.601 280000
1694834186590 193.18 284000
1694834219302 187.153 288000
1694834252968 179.918 292000
1694834285454 175.147 296000
1694834317944 170.021 300000
1694834347360 166.645 304000
1694834376790 163.589 308000
1694834412153 157.191 312000
1694834450250 150.68 316000
1694834485571 145.995 320000
1694834524521 140.533 324000
1694834560186 139.24 328000
1694834603150 135.669 332000
1694834643926 132.268 336000
1694834688991 127.865 340000
1694834723328 126.741 344000
