1694832172661 3778.61 4000
1694832209412 4072.431 8000
1694832246298 4497.224 12000
1694832282872 4443.83 16000
1694832317222 4526.06 20000
1694832348761 4423.092 24000
1694832378607 4297.441 28000
1694832408696 4274.19 32000
1694832440400 4224.114 36000
1694832471803 4158.542 40000
1694832507508 4313.589 44000
1694832536448 4308.129 48000
1694832564103 4112.425 52000
1694832596514 4035.714 56000
1694832625748 3909.414 60000
1694832654996 3909.029 64000
1694832683456 3906.978 68000
1694832713107 3859.772 72000
1694832742011 3839.257 76000
1694832770370 3808.834 80000
1694832799809 3644.16 84000
1694832829351 3569.653 88000
1694832858300 3597.69 92000
1694832887920 3616.351 96000
1694832916453 3603.054 100000
1694832946240 3553.374 104000
1694832974370 3547.777 108000
1694833003460 3528.936 112000
1694833032278 3521.532 116000
1694833061898 3530.887 120000
1694833091980 3556.336 124000
1694833121565 3543.185 128000
1694833150513 3533.594 132000
1694833180427 3515.685 136000
1694833209329 3534.786 140000
1694833239135 3563.979 144000
1694833267836 3581.346 148000
1694833296729 3575.151 152000
1694833325770 3558.367 156000
1694833355451 3551.475 160000
1694833389245 3570.683 164000
1694833420271 3618.937 168000
1694833449630 3636.143 172000
1694833480439 3656.219 176000
1694833509536 3675.382 180000
1694833538181 3641.006 184000
1694833568113 3620.953 188000
1694833603329 3735.921 192000
1694833632789 3798.878 196000
1694833663011 3831.964 200000
1694833692491 3778.478 204000
1694833718669 3695.045 208000
1694833743339 3642.258 212000
1694833767943 3574.54 216000
1694833792892 3555.599 220000
1694833816904 3525.859 224000
1694833841671 3505.981 228000
1694833865875 3376.945 232000
1694833890571 3284.407 236000
1694833914740 3230.898 240000
1694833939834 3205.948 244000
1694833964633 3224.151 248000
1694833988794 3214.209 252000
1694834013830 3209.656 256000
1694834038059 3142.538 260000
1694834062046 3149.395 264000
1694834086627 3154.666 268000
1694834110954 3155.32 272000
1694834135583 3154.423 276000
1694834159991 3140.065 280000
1694834186587 3135.379 284000
1694834219299 3249.16 288000
1694834252949 3313.182 292000
1694834285452 3420.089 296000
1694834317941 3550.895 300000
1694834347358 3615.639 304000
1694834376787 3646.476 308000
1694834412148 3731.681 312000
1694834450244 3908.455 316000
1694834485569 4090.158 320000
1694834524518 4239.301 324000
1694834560181 4242.579 328000
1694834603146 4388.322 332000
1694834643923 4470.001 336000
1694834688985 4649.829 340000
1694834723325 4833.314 344000
