1694832172665 24.886 4000
1694832209419 26.489 8000
1694832246302 26.105 12000
1694832282879 27.012 16000
1694832317228 27.804 20000
1694832348770 27.206 24000
1694832378611 26.948 28000
1694832408700 27.437 32000
1694832440404 27.85 36000
1694832471807 27.823 40000
1694832507511 27.768 44000
1694832536451 27.546 48000
1694832564107 27.501 52000
1694832596518 27.239 56000
1694832625751 26.52 60000
1694832655000 26.503 64000
1694832683459 26.414 68000
1694832713111 25.8 72000
1694832742015 25.227 76000
1694832770374 25.219 80000
1694832799812 25.556 84000
1694832829359 25.563 88000
1694832858304 25.614 92000
1694832887924 25.339 96000
1694832916459 25.566 100000
1694832946243 25.917 104000
1694832974374 25.989 108000
1694833003464 26.163 112000
1694833032282 26.126 116000
1694833061902 25.991 120000
1694833091986 25.759 124000
1694833121569 25.809 128000
1694833150517 25.892 132000
1694833180431 26.189 136000
1694833209333 26.131 140000
1694833239139 26.015 144000
1694833267840 26.173 148000
1694833296733 26.16 152000
1694833325773 26.136 156000
1694833355455 26.16 160000
1694833389252 26.534 164000
1694833420278 26.692 168000
1694833449633 26.598 172000
1694833480443 26.645 176000
1694833509539 26.632 180000
1694833538186 27.016 184000
1694833568121 27.907 188000
1694833603336 28.487 192000
1694833632792 28.425 196000
1694833663015 28.603 200000
1694833692495 28.194 204000
1694833718672 27.797 208000
1694833743342 28.095 212000
1694833767946 27.11 216000
1694833792895 27.581 220000
1694833816911 27.166 224000
1694833841674 26.374 228000
1694833865880 25.785 232000
1694833890575 25.232 236000
1694833914743 25.538 240000
1694833939843 25.802 244000
1694833964639 25.81 248000
1694833988799 25.705 252000
1694834013833 26.94 256000
1694834038062 25.798 260000
1694834062051 26.068 264000
1694834086634 25.683 268000
1694834110956 25.828 272000
1694834135586 26.565 276000
1694834159995 25.369 280000
1694834186591 25.49 284000
1694834219303 25.624 288000
1694834252970 26.174 292000
1694834285455 25.698 296000
1694834317946 26.377 300000
1694834347361 26.685 304000
1694834376791 26.977 308000
1694834412155 27.841 312000
1694834450253 28.894 316000
1694834485572 30.003 320000
1694834524522 30.45 324000
1694834560188 31.736 328000
1694834603151 31.899 332000
1694834643928 32.285 336000
1694834688993 33.721 340000
1694834723329 33.228 344000
