1694832172659 27582.788 4000
1694832209410 31378.049 8000
1694832246297 32777.173 12000
1694832282870 33478.686 16000
1694832317220 33461.451 20000
1694832348759 32994.015 24000
1694832378605 32426.45 28000
1694832408694 32020.007 32000
1694832440398 31883.129 36000
1694832471801 31736.749 40000
1694832507507 32456.465 44000
1694832536447 31757.219 48000
1694832564101 30886.872 52000
1694832596513 30491.26 56000
1694832625747 29996.704 60000
1694832654995 29777.693 64000
1694832683455 29645.019 68000
1694832713106 29612.926 72000
1694832742008 29351.094 76000
1694832770369 29069.184 80000
1694832799807 28449.516 84000
1694832829349 28504.236 88000
1694832858298 28631.612 92000
1694832887919 28353.005 96000
1694832916452 28280.604 100000
1694832946239 28332.387 104000
1694832974369 28296.687 108000
1694833003459 28242.289 112000
1694833032277 28228.502 116000
1694833061897 28347.724 120000
1694833091979 28411.525 124000
1694833121564 28416.905 128000
1694833150512 28415.459 132000
1694833180426 28441.303 136000
1694833209327 28471.971 140000
1694833239134 28457.279 144000
1694833267835 28509.794 148000
1694833296728 28485.018 152000
1694833325768 28503.927 156000
1694833355450 28509.131 160000
1694833389243 28873.811 164000
1694833420269 29006.487 168000
1694833449629 29018.502 172000
1694833480438 29101.451 176000
1694833509535 29126.323 180000
1694833538178 29027.012 184000
1694833568111 29137.805 188000
1694833603326 29743.57 192000
1694833632788 29780.077 196000
1694833663010 29827.094 200000
1694833692490 29403.096 204000
1694833718668 28928.282 208000
1694833743338 28495.4 212000
1694833767942 27883.448 216000
1694833792891 27472.932 220000
1694833816902 27011.793 224000
1694833841670 26511.894 228000
1694833865873 25441.651 232000
1694833890570 24970.438 236000
1694833914739 24355.577 240000
1694833939831 23922.137 244000
1694833964632 23788.115 248000
1694833988791 23736.367 252000
1694834013829 23766.368 256000
1694834038058 23693.872 260000
1694834062043 23689.605 264000
1694834086625 23665.848 268000
1694834110953 23677.68 272000
1694834135582 23676.971 276000
1694834159989 23721.658 280000
1694834186585 23868.264 284000
1694834219298 24649.05 288000
1694834252947 25573.117 292000
1694834285451 26285.113 296000
1694834317940 27105.232 300000
1694834347357 27646.795 304000
1694834376786 28126.407 308000
1694834412145 29207.811 312000
1694834450242 30485.207 316000
1694834485567 31519.911 320000
1694834524516 32734.407 324000
1694834560179 33003.382 328000
1694834603144 33905.568 332000
1694834643922 34745.621 336000
1694834688981 35968.477 340000
1694834723324 36428.717 344000
