1694832173060 1.0 4000
1694832209885 1.0 8000
1694832246550 1.0 12000
1694832283155 1.0 16000
1694832317466 1.0 20000
1694832348984 1.0 24000
1694832378820 1.0 28000
1694832408929 1.0 32000
1694832440661 1.0 36000
1694832472064 1.0 40000
1694832507694 1.0 44000
1694832536638 1.0 48000
1694832564306 1.0 52000
1694832596707 1.0 56000
1694832625938 1.0 60000
1694832655183 1.0 64000
1694832683664 1.0 68000
1694832713284 1.0 72000
1694832742190 1.0 76000
1694832770572 1.0 80000
1694832800035 1.0 84000
1694832829551 1.0 88000
1694832858500 1.0 92000
1694832888120 1.0 96000
1694832916655 1.0 100000
1694832946423 1.0 104000
1694832974548 1.0 108000
1694833003640 1.0 112000
1694833032482 1.0 116000
1694833062097 1.0 120000
1694833092169 1.0 124000
1694833121748 1.0 128000
1694833150706 1.0 132000
1694833180613 1.0 136000
1694833209510 1.0 140000
1694833239320 1.0 144000
1694833268015 1.0 148000
1694833296908 1.0 152000
1694833325957 1.0 156000
1694833355646 1.0 160000
1694833389486 1.0 164000
1694833420463 1.0 168000
1694833449839 1.0 172000
1694833480638 1.0 176000
1694833509727 1.0 180000
1694833538375 1.0 184000
1694833568447 1.0 188000
1694833603572 1.0 192000
1694833633033 1.0 196000
1694833663215 1.0 200000
1694833692682 1.0 204000
1694833718844 1.0 208000
1694833743533 1.0 212000
1694833768134 1.0 216000
1694833793078 1.0 220000
1694833817087 1.0 224000
1694833841848 1.0 228000
1694833866051 1.0 232000
1694833890911 1.0 236000
1694833914911 1.0 240000
1694833940039 1.0 244000
1694833964804 1.0 248000
1694833988977 1.0 252000
1694834014005 1.0 256000
1694834038228 1.0 260000
1694834062207 1.0 264000
1694834086807 1.0 268000
1694834111116 1.0 272000
1694834135764 1.0 276000
1694834160174 1.0 280000
1694834186785 1.0 284000
1694834219504 1.0 288000
1694834253388 1.0 292000
1694834285647 1.0 296000
1694834318137 1.0 300000
1694834347565 1.0 304000
1694834376987 1.0 308000
1694834412574 1.0 312000
1694834450730 1.0 316000
1694834485787 1.0 320000
1694834524783 1.0 324000
1694834560464 1.0 328000
1694834603450 1.0 332000
1694834644159 1.0 336000
1694834689355 1.0 340000
1694834723516 1.0 344000
