1694832173056 2.0 4000
1694832209879 2.0 8000
1694832246548 2.0 12000
1694832283152 2.0 16000
1694832317462 2.0 20000
1694832348979 2.0 24000
1694832378815 2.0 28000
1694832408926 2.0 32000
1694832440658 2.0 36000
1694832472061 2.0 40000
1694832507692 2.0 44000
1694832536636 2.0 48000
1694832564304 2.0 52000
1694832596705 2.0 56000
1694832625936 2.0 60000
1694832655181 2.0 64000
1694832683662 2.0 68000
1694832713282 2.0 72000
1694832742188 2.0 76000
1694832770569 2.0 80000
1694832800031 2.0 84000
1694832829548 2.0 88000
1694832858497 2.0 92000
1694832888117 2.0 96000
1694832916649 2.0 100000
1694832946420 2.0 104000
1694832974546 2.0 108000
1694833003638 2.0 112000
1694833032479 2.0 116000
1694833062094 2.0 120000
1694833092167 2.0 124000
1694833121745 2.0 128000
1694833150703 2.0 132000
1694833180609 2.0 136000
1694833209507 2.0 140000
1694833239317 2.0 144000
1694833268012 2.0 148000
1694833296906 2.0 152000
1694833325953 2.0 156000
1694833355643 2.0 160000
1694833389484 2.0 164000
1694833420461 2.0 168000
1694833449837 2.0 172000
1694833480636 2.0 176000
1694833509725 2.0 180000
1694833538373 2.0 184000
1694833568443 2.0 188000
1694833603568 2.0 192000
1694833633030 2.0 196000
1694833663212 2.0 200000
1694833692679 2.0 204000
1694833718841 2.0 208000
1694833743531 2.0 212000
1694833768132 2.0 216000
1694833793075 2.0 220000
1694833817085 2.0 224000
1694833841846 2.0 228000
1694833866049 2.0 232000
1694833890907 2.0 236000
1694833914908 2.0 240000
1694833940036 2.0 244000
1694833964802 2.0 248000
1694833988975 2.0 252000
1694834014003 2.0 256000
1694834038225 2.0 260000
1694834062205 2.0 264000
1694834086805 2.0 268000
1694834111114 2.0 272000
1694834135761 2.0 276000
1694834160172 2.0 280000
1694834186782 2.0 284000
1694834219501 2.0 288000
1694834253384 2.0 292000
1694834285644 2.0 296000
1694834318135 2.0 300000
1694834347563 2.0 304000
1694834376983 2.0 308000
1694834412552 2.0 312000
1694834450726 2.0 316000
1694834485782 2.0 320000
1694834524777 2.0 324000
1694834560461 2.0 328000
1694834603445 2.0 332000
1694834644154 2.0 336000
1694834689348 2.0 340000
1694834723514 2.0 344000
