1694832173053 2.0 4000
1694832209876 2.0 8000
1694832246546 2.0 12000
1694832283151 2.0 16000
1694832317460 2.0 20000
1694832348978 2.0 24000
1694832378814 2.0 28000
1694832408925 2.0 32000
1694832440657 2.0 36000
1694832472059 2.0 40000
1694832507691 2.0 44000
1694832536635 2.0 48000
1694832564302 2.0 52000
1694832596703 2.0 56000
1694832625935 2.0 60000
1694832655179 2.0 64000
1694832683661 2.0 68000
1694832713281 2.0 72000
1694832742187 2.0 76000
1694832770568 2.0 80000
1694832800029 2.0 84000
1694832829547 2.0 88000
1694832858496 2.0 92000
1694832888116 2.0 96000
1694832916647 2.0 100000
1694832946419 2.0 104000
1694832974544 2.0 108000
1694833003636 2.0 112000
1694833032477 2.0 116000
1694833062091 2.0 120000
1694833092165 2.0 124000
1694833121744 2.0 128000
1694833150702 2.0 132000
1694833180607 2.0 136000
1694833209505 2.0 140000
1694833239315 2.0 144000
1694833268010 2.0 148000
1694833296905 2.0 152000
1694833325952 2.0 156000
1694833355642 2.0 160000
1694833389483 2.0 164000
1694833420459 2.0 168000
1694833449835 2.0 172000
1694833480634 2.0 176000
1694833509724 2.0 180000
1694833538372 2.0 184000
1694833568441 2.0 188000
1694833603566 2.0 192000
1694833633028 2.0 196000
1694833663211 2.0 200000
1694833692678 2.0 204000
1694833718840 2.0 208000
1694833743528 2.0 212000
1694833768131 2.0 216000
1694833793074 2.0 220000
1694833817084 2.0 224000
1694833841845 2.0 228000
1694833866048 2.0 232000
1694833890905 2.0 236000
1694833914907 2.0 240000
1694833940034 2.0 244000
1694833964801 2.0 248000
1694833988974 2.0 252000
1694834014002 2.0 256000
1694834038224 2.0 260000
1694834062204 2.0 264000
1694834086804 2.0 268000
1694834111113 2.0 272000
1694834135760 2.0 276000
1694834160171 2.0 280000
1694834186781 2.0 284000
1694834219500 2.0 288000
1694834253382 2.0 292000
1694834285643 2.0 296000
1694834318134 2.0 300000
1694834347562 2.0 304000
1694834376981 2.0 308000
1694834412549 2.0 312000
1694834450724 2.0 316000
1694834485779 2.0 320000
1694834524776 2.0 324000
1694834560459 2.0 328000
1694834603443 2.0 332000
1694834644152 2.0 336000
1694834689346 2.0 340000
1694834723512 2.0 344000
