1694832173058 0.0 4000
1694832209882 0.0 8000
1694832246549 0.0 12000
1694832283153 0.0 16000
1694832317464 0.0 20000
1694832348981 0.0 24000
1694832378817 0.0 28000
1694832408927 0.0 32000
1694832440659 0.0 36000
1694832472062 0.0 40000
1694832507693 0.0 44000
1694832536637 0.0 48000
1694832564305 0.0 52000
1694832596706 0.0 56000
1694832625937 0.0 60000
1694832655182 0.0 64000
1694832683663 0.0 68000
1694832713283 0.0 72000
1694832742189 0.0 76000
1694832770570 0.0 80000
1694832800034 0.0 84000
1694832829549 0.0 88000
1694832858499 0.0 92000
1694832888118 0.0 96000
1694832916651 0.0 100000
1694832946422 0.0 104000
1694832974547 0.0 108000
1694833003639 0.0 112000
1694833032480 0.0 116000
1694833062096 0.0 120000
1694833092168 0.0 124000
1694833121746 0.0 128000
1694833150704 0.0 132000
1694833180611 0.0 136000
1694833209508 0.0 140000
1694833239319 0.0 144000
1694833268013 0.0 148000
1694833296907 0.0 152000
1694833325955 0.0 156000
1694833355645 0.0 160000
1694833389485 0.0 164000
1694833420462 0.0 168000
1694833449838 0.0 172000
1694833480637 0.0 176000
1694833509726 0.0 180000
1694833538374 0.0 184000
1694833568445 0.0 188000
1694833603570 0.0 192000
1694833633032 0.0 196000
1694833663214 0.0 200000
1694833692681 0.0 204000
1694833718842 0.0 208000
1694833743532 0.0 212000
1694833768133 0.0 216000
1694833793076 0.0 220000
1694833817086 0.0 224000
1694833841847 0.0 228000
1694833866050 0.0 232000
1694833890909 0.0 236000
1694833914909 0.0 240000
1694833940038 0.0 244000
1694833964803 0.0 248000
1694833988976 0.0 252000
1694834014004 0.0 256000
1694834038227 0.0 260000
1694834062206 0.0 264000
1694834086806 0.0 268000
1694834111115 0.0 272000
1694834135762 0.0 276000
1694834160173 0.0 280000
1694834186783 0.0 284000
1694834219502 0.0 288000
1694834253386 0.0 292000
1694834285646 0.0 296000
1694834318136 0.0 300000
1694834347564 0.0 304000
1694834376986 0.0 308000
1694834412571 0.0 312000
1694834450729 0.0 316000
1694834485784 0.0 320000
1694834524780 0.0 324000
1694834560463 0.0 328000
1694834603447 0.0 332000
1694834644157 0.0 336000
1694834689351 0.0 340000
1694834723515 0.0 344000
