1694832172932 -1.035 4000
1694832209762 -1.035 8000
1694832246486 -1.035 12000
1694832283073 -1.035 16000
1694832317399 -1.035 20000
1694832348924 -1.026 24000
1694832378761 -1.026 28000
1694832408863 -1.026 32000
1694832440590 -1.026 36000
1694832471990 -1.026 40000
1694832507646 -1.026 44000
1694832536589 -1.025 48000
1694832564246 -1.022 52000
1694832596651 -1.049 56000
1694832625886 -1.049 60000
1694832655127 -1.049 64000
1694832683614 -1.049 68000
1694832713235 -1.049 72000
1694832742136 -1.027 76000
1694832770520 -1.027 80000
1694832799969 -1.029 84000
1694832829494 -1.029 88000
1694832858451 -1.029 92000
1694832888065 -1.039 96000
1694832916589 -1.039 100000
1694832946370 -1.039 104000
1694832974495 -1.039 108000
1694833003587 -1.039 112000
1694833032418 -1.038 116000
1694833062033 -1.038 120000
1694833092112 -1.049 124000
1694833121690 -1.049 128000
1694833150651 -1.049 132000
1694833180559 -1.052 136000
1694833209459 -1.052 140000
1694833239264 -1.052 144000
1694833267961 -1.052 148000
1694833296854 -1.038 152000
1694833325901 -1.038 156000
1694833355588 -1.038 160000
1694833389419 -1.039 164000
1694833420408 -1.039 168000
1694833449784 -1.039 172000
1694833480581 -1.039 176000
1694833509678 -1.039 180000
1694833538315 -1.033 184000
1694833568328 -1.033 188000
1694833603498 -1.029 192000
1694833632962 -1.03 196000
1694833663154 -1.03 200000
1694833692626 -1.03 204000
1694833718794 -1.03 208000
1694833743477 -1.029 212000
1694833768085 -1.029 216000
1694833793029 -1.067 220000
1694833817038 -1.067 224000
1694833841797 -1.067 228000
1694833866003 -1.067 232000
1694833890805 -1.047 236000
1694833914870 -1.045 240000
1694833939986 -1.044 244000
1694833964758 -1.033 248000
1694833988927 -1.0439999999999998 252000
1694834013949 -1.0439999999999998 256000
1694834038183 -1.0439999999999998 260000
1694834062158 -1.0439999999999998 264000
1694834086755 -1.041 268000
1694834111071 -1.063 272000
1694834135710 -1.063 276000
1694834160123 -1.063 280000
1694834186728 -1.063 284000
1694834219447 -1.042 288000
1694834253275 -1.042 292000
1694834285594 -1.042 296000
1694834318080 -1.039 300000
1694834347510 -1.032 304000
1694834376924 -1.032 308000
1694834412434 -1.033 312000
1694834450585 -1.036 316000
1694834485729 -1.036 320000
1694834524709 -1.041 324000
1694834560388 -1.041 328000
1694834603366 -1.0639999999999998 332000
1694834644093 -1.0639999999999998 336000
1694834689253 -1.0639999999999998 340000
1694834723463 -1.0639999999999998 344000
