1694832172929 -1.038 4000
1694832209760 -1.038 8000
1694832246484 -1.045 12000
1694832283071 -1.045 16000
1694832317398 -1.051 20000
1694832348922 -1.051 24000
1694832378760 -1.051 28000
1694832408861 -1.051 32000
1694832440587 -1.051 36000
1694832471987 -1.023 40000
1694832507644 -1.034 44000
1694832536588 -1.034 48000
1694832564244 -1.034 52000
1694832596648 -1.034 56000
1694832625885 -1.04 60000
1694832655126 -1.04 64000
1694832683613 -1.04 68000
1694832713234 -1.04 72000
1694832742134 -1.04 76000
1694832770518 -1.038 80000
1694832799968 -1.038 84000
1694832829493 -1.05 88000
1694832858449 -1.053 92000
1694832888064 -1.053 96000
1694832916587 -1.053 100000
1694832946368 -1.053 104000
1694832974494 -1.049 108000
1694833003586 -1.049 112000
1694833032416 -1.049 116000
1694833062031 -1.047 120000
1694833092111 -1.033 124000
1694833121689 -1.046 128000
1694833150650 -1.046 132000
1694833180558 -1.046 136000
1694833209458 -1.046 140000
1694833239263 -1.033 144000
1694833267960 -1.045 148000
1694833296853 -1.045 152000
1694833325900 -1.045 156000
1694833355586 -1.045 160000
1694833389418 -1.013 164000
1694833420407 -1.015 168000
1694833449783 -1.018 172000
1694833480580 -1.032 176000
1694833509677 -1.049 180000
1694833538314 -1.049 184000
1694833568325 -1.049 188000
1694833603496 -1.049 192000
1694833632960 -1.05 196000
1694833663152 -1.05 200000
1694833692624 -1.05 204000
1694833718793 -1.05 208000
1694833743475 -1.05 212000
1694833768082 -1.049 216000
1694833793027 -1.049 220000
1694833817037 -1.049 224000
1694833841796 -1.049 228000
1694833866002 -1.033 232000
1694833890790 -1.033 236000
1694833914869 -1.032 240000
1694833939984 -1.047 244000
1694833964756 -1.047 248000
1694833988926 -1.047 252000
1694834013948 -1.047 256000
1694834038182 -1.029 260000
1694834062157 -1.029 264000
1694834086754 -1.029 268000
1694834111069 -1.052 272000
1694834135709 -1.052 276000
1694834160122 -1.052 280000
1694834186725 -1.052 284000
1694834219446 -1.052 288000
1694834253274 -1.04 292000
1694834285593 -1.04 296000
1694834318079 -1.0439999999999998 300000
1694834347509 -1.0439999999999998 304000
1694834376923 -1.044 308000
1694834412431 -1.044 312000
1694834450583 -1.044 316000
1694834485727 -1.044 320000
1694834524707 -1.031 324000
1694834560385 -1.05 328000
1694834603365 -1.05 332000
1694834644091 -1.05 336000
1694834689250 -1.05 340000
1694834723461 -1.05 344000
