1694832172958 -0.06350000000000001 4000
1694832209770 -0.04258823529411765 8000
1694832246493 -0.0015517241379310244 12000
1694832283084 0.04353164556962026 16000
1694832317404 0.036030303030303044 20000
1694832348932 0.02311 24000
1694832378767 -0.059980000000000006 28000
1694832408872 0.004480000000000005 32000
1694832440598 0.03633000000000001 36000
1694832471999 0.08170999999999996 40000
1694832507651 0.11867999999999995 44000
1694832536594 0.20421000000000006 48000
1694832564252 0.15461 52000
1694832596658 0.10921000000000002 56000
1694832625893 0.06964000000000001 60000
1694832655132 0.04869000000000002 64000
1694832683618 0.060669999999999995 68000
1694832713239 0.05035999999999999 72000
1694832742140 0.03412 76000
1694832770525 -0.0003599999999999992 80000
1694832799974 0.009859999999999983 84000
1694832829502 0.007789999999999986 88000
1694832858456 0.06399999999999997 92000
1694832888070 0.13168999999999997 96000
1694832916598 0.21392999999999993 100000
1694832946374 0.24911999999999998 104000
1694832974500 0.26526 108000
1694833003591 0.24366 112000
1694833032422 0.21191999999999997 116000
1694833062042 0.12744000000000003 120000
1694833092116 0.07626 124000
1694833121696 -0.0059399999999999896 128000
1694833150658 0.086 132000
1694833180564 0.11433999999999997 136000
1694833209464 0.20862000000000003 140000
1694833239269 0.29087 144000
1694833267966 0.27218 148000
1694833296859 0.24947999999999998 152000
1694833325906 0.21159000000000003 156000
1694833355594 0.07325999999999999 160000
1694833389425 0.001719999999999986 164000
1694833420413 0.03662 168000
1694833449788 0.030070000000000006 172000
1694833480586 0.06781000000000001 176000
1694833509683 0.060840000000000005 180000
1694833538324 0.07191999999999998 184000
1694833568335 0.05115 188000
1694833603508 -0.03185 192000
1694833632970 -0.02045000000000001 196000
1694833663160 -0.008680000000000007 200000
1694833692632 -0.04403000000000002 204000
1694833718799 -0.04113000000000001 208000
1694833743485 0.04049999999999999 212000
1694833768089 0.030789999999999984 216000
1694833793035 0.02861000000000002 220000
1694833817042 0.06853 224000
1694833841801 0.05128000000000002 228000
1694833866007 0.11589999999999996 232000
1694833890811 0.15200999999999998 236000
1694833914875 0.15003 240000
1694833939991 0.11451 244000
1694833964762 0.047560000000000005 248000
1694833988933 0.013669999999999995 252000
1694834013954 0.07444999999999999 256000
1694834038187 0.10226999999999997 260000
1694834062163 0.08563999999999997 264000
1694834086760 0.10039999999999998 268000
1694834111075 0.12645 272000
1694834135718 0.04168 276000
1694834160128 0.05626999999999999 280000
1694834186733 0.08245999999999999 284000
1694834219452 0.08101999999999998 288000
1694834253282 0.15045999999999995 292000
1694834285600 0.22097999999999998 296000
1694834318084 0.1689 300000
1694834347515 0.19142 304000
1694834376929 0.11483999999999998 308000
1694834412442 0.06856000000000001 312000
1694834450594 0.18221 316000
1694834485736 0.15055 320000
1694834524715 0.15513000000000005 324000
1694834560398 0.19373999999999994 328000
1694834603373 0.09272999999999999 332000
1694834644099 -0.06967000000000001 336000
1694834689265 -0.09377000000000002 340000
1694834723468 -0.11374000000000001 344000
