1694832172956 0.1662857142857143 4000
1694832209768 0.14188235294117643 8000
1694832246492 0.057448275862068965 12000
1694832283082 0.06987341772151896 16000
1694832317403 0.084020202020202 20000
1694832348930 0.15188000000000001 24000
1694832378765 0.23073999999999995 28000
1694832408870 0.18394 32000
1694832440596 0.14165 36000
1694832471997 0.11782999999999999 40000
1694832507650 0.06089999999999998 44000
1694832536593 0.009319999999999988 48000
1694832564251 0.09712 52000
1694832596657 0.12799999999999997 56000
1694832625892 0.11148000000000001 60000
1694832655131 0.15065 64000
1694832683617 0.11378 68000
1694832713238 0.12855999999999998 72000
1694832742139 0.19852999999999998 76000
1694832770523 0.23497 80000
1694832799973 0.21531999999999996 84000
1694832829500 0.21634 88000
1694832858455 0.13147999999999999 92000
1694832888069 0.06196999999999999 96000
1694832916596 -0.008069999999999996 100000
1694832946373 -0.047619999999999975 104000
1694832974499 -0.06439000000000002 108000
1694833003590 -0.01934000000000002 112000
1694833032421 -0.0002600000000000224 116000
1694833062040 0.09704 120000
1694833092115 0.16071 124000
1694833121694 0.22736 128000
1694833150656 0.13501999999999997 132000
1694833180563 0.1072 136000
1694833209463 0.06086999999999999 140000
1694833239268 -0.02869999999999999 144000
1694833267965 0.007929999999999994 148000
1694833296858 0.07428999999999998 152000
1694833325905 0.11441000000000001 156000
1694833355592 0.20481 160000
1694833389424 0.30544 164000
1694833420411 0.26879 168000
1694833449787 0.24875999999999998 172000
1694833480585 0.22451999999999997 176000
1694833509681 0.21563 180000
1694833538322 0.166 184000
1694833568333 0.11007999999999997 188000
1694833603505 0.18019000000000002 192000
1694833632968 0.21389 196000
1694833663159 0.22158999999999998 200000
1694833692631 0.28606 204000
1694833718798 0.31656 208000
1694833743483 0.24233000000000002 212000
1694833768088 0.17229000000000003 216000
1694833793034 0.18565 220000
1694833817041 0.16951 224000
1694833841800 0.17045999999999994 228000
1694833866006 0.16826999999999998 232000
1694833890810 0.14897999999999997 236000
1694833914874 0.11567 240000
1694833939990 0.08761999999999999 244000
1694833964761 0.1093 248000
1694833988931 0.11468 252000
1694834013952 0.019289999999999988 256000
1694834038186 0.07749 260000
1694834062161 0.09783999999999998 264000
1694834086759 0.09739999999999999 268000
1694834111074 0.01572999999999998 272000
1694834135715 0.034209999999999983 276000
1694834160126 0.06981000000000001 280000
1694834186732 0.07593 284000
1694834219451 0.07902999999999996 288000
1694834253280 0.05872000000000001 292000
1694834285598 -0.009130000000000004 296000
1694834318083 0.042280000000000005 300000
1694834347514 0.03479 304000
1694834376928 0.13124 308000
1694834412440 0.18911999999999995 312000
1694834450591 0.06590999999999997 316000
1694834485735 0.12312000000000001 320000
1694834524713 0.10480999999999999 324000
1694834560396 0.07031999999999998 328000
1694834603371 0.14640999999999998 332000
1694834644098 0.25889 336000
1694834689263 0.29201 340000
1694834723467 0.33926 344000
