1694832173207 1.0 4000
1694832210034 1.0 8000
1694832246632 1.0 12000
1694832283256 1.0 16000
1694832317549 1.0 20000
1694832349054 1.0 24000
1694832378903 1.0 28000
1694832409005 1.0 32000
1694832440750 1.0 36000
1694832472154 1.0 40000
1694832507756 1.0 44000
1694832536700 1.0 48000
1694832564376 1.0 52000
1694832596765 1.0 56000
1694832626003 1.0 60000
1694832655242 1.0 64000
1694832683726 1.0 68000
1694832713347 1.0 72000
1694832742250 1.0 76000
1694832770641 1.0 80000
1694832800112 1.0 84000
1694832829613 1.0 88000
1694832858561 1.0 92000
1694832888187 1.0 96000
1694832916718 1.0 100000
1694832946490 1.0 104000
1694832974615 1.0 108000
1694833003705 1.0 112000
1694833032561 1.0 116000
1694833062167 1.0 120000
1694833092234 1.0 124000
1694833121815 1.0 128000
1694833150774 1.0 132000
1694833180680 1.0 136000
1694833209588 1.0 140000
1694833239386 1.0 144000
1694833268106 1.0 148000
1694833296975 1.0 152000
1694833326033 1.0 156000
1694833355715 1.0 160000
1694833389577 1.0 164000
1694833420524 1.0 168000
1694833449900 1.0 172000
1694833480708 1.0 176000
1694833509786 1.0 180000
1694833538432 1.0 184000
1694833568552 1.0 188000
1694833603644 1.0 192000
1694833633101 1.0 196000
1694833663280 1.0 200000
1694833692742 1.0 204000
1694833718906 1.0 208000
1694833743591 1.0 212000
1694833768196 1.0 216000
1694833793140 1.0 220000
1694833817148 1.0 224000
1694833841910 1.0 228000
1694833866115 1.0 232000
1694833891027 1.0 236000
1694833914972 1.0 240000
1694833940097 1.0 244000
1694833964859 1.0 248000
1694833989043 1.0 252000
1694834014061 1.0 256000
1694834038287 1.0 260000
1694834062278 1.0 264000
1694834086869 1.0 268000
1694834111180 1.0 272000
1694834135841 1.0 276000
1694834160232 1.0 280000
1694834186848 1.0 284000
1694834219565 1.0 288000
1694834253535 1.0 292000
1694834285708 1.0 296000
1694834318203 1.0 300000
1694834347627 1.0 304000
1694834377055 1.0 308000
1694834412731 1.0 312000
1694834450883 1.0 316000
1694834485862 1.0 320000
1694834524876 1.0 324000
1694834560569 1.0 328000
1694834603562 1.0 332000
1694834644241 1.0 336000
1694834689469 1.0 340000
1694834723573 1.0 344000
