1694832172619 1.064 4000
1694832209364 1.306 8000
1694832246277 1.306 12000
1694832282847 1.345 16000
1694832317202 1.345 20000
1694832348746 1.345 24000
1694832378591 1.345 28000
1694832408673 1.307 32000
1694832440376 1.307 36000
1694832471779 1.307 40000
1694832507495 1.3119999999999998 44000
1694832536433 1.3119999999999998 48000
1694832564083 1.3119999999999998 52000
1694832596492 1.3279999999999998 56000
1694832625730 1.444 60000
1694832654982 1.444 64000
1694832683440 1.444 68000
1694832713088 1.444 72000
1694832741989 1.444 76000
1694832770357 1.354 80000
1694832799791 1.279 84000
1694832829337 1.279 88000
1694832858282 1.203 92000
1694832887906 1.345 96000
1694832916433 1.345 100000
1694832946225 1.345 104000
1694832974350 1.345 108000
1694833003442 1.337 112000
1694833032264 1.337 116000
1694833061878 1.337 120000
1694833091966 1.2839999999999998 124000
1694833121549 1.2839999999999998 128000
1694833150490 1.2839999999999998 132000
1694833180410 1.2839999999999998 136000
1694833209310 1.287 140000
1694833239114 1.2970000000000002 144000
1694833267822 1.2970000000000002 148000
1694833296710 1.2970000000000002 152000
1694833325751 1.2970000000000002 156000
1694833355436 1.236 160000
1694833389228 1.338 164000
1694833420255 1.338 168000
1694833449609 1.351 172000
1694833480418 1.351 176000
1694833509522 1.351 180000
1694833538161 1.351 184000
1694833568069 1.326 188000
1694833603310 1.326 192000
1694833632775 1.311 196000
1694833662997 1.311 200000
1694833692477 1.286 204000
1694833718655 1.286 208000
1694833743327 1.405 212000
1694833767929 1.405 216000
1694833792872 1.405 220000
1694833816891 1.405 224000
1694833841653 1.314 228000
1694833865850 1.314 232000
1694833890555 1.325 236000
1694833914720 1.37 240000
1694833939810 1.37 244000
1694833964621 1.37 248000
1694833988776 1.37 252000
1694834013818 1.403 256000
1694834038039 1.408 260000
1694834062029 1.408 264000
1694834086607 1.408 268000
1694834110940 1.42 272000
1694834135571 1.42 276000
1694834159969 1.4260000000000002 280000
1694834186563 1.4260000000000002 284000
1694834219277 1.4260000000000002 288000
1694834252924 1.4260000000000002 292000
1694834285433 1.363 296000
1694834317927 1.383 300000
1694834347343 1.383 304000
1694834376773 1.383 308000
1694834412117 1.383 312000
1694834450205 1.3860000000000001 316000
1694834485552 1.3860000000000001 320000
1694834524501 1.3860000000000001 324000
1694834560160 1.3860000000000001 328000
1694834603119 1.38 332000
1694834643906 1.38 336000
1694834688959 1.38 340000
1694834723312 1.38 344000
