1694832172617 0.854 4000
1694832209361 1.087 8000
1694832246275 1.087 12000
1694832282846 1.326 16000
1694832317200 1.326 20000
1694832348745 1.326 24000
1694832378589 1.326 28000
1694832408671 1.326 32000
1694832440374 1.317 36000
1694832471777 1.317 40000
1694832507493 1.317 44000
1694832536431 1.294 48000
1694832564080 1.294 52000
1694832596491 1.294 56000
1694832625727 1.318 60000
1694832654981 1.318 64000
1694832683438 1.318 68000
1694832713087 1.318 72000
1694832741988 1.318 76000
1694832770356 1.397 80000
1694832799789 1.397 84000
1694832829336 1.397 88000
1694832858280 1.397 92000
1694832887905 1.397 96000
1694832916430 1.346 100000
1694832946224 1.346 104000
1694832974348 1.383 108000
1694833003440 1.383 112000
1694833032263 1.4300000000000002 116000
1694833061877 1.4300000000000002 120000
1694833091965 1.4300000000000002 124000
1694833121548 1.4300000000000002 128000
1694833150487 1.4300000000000002 132000
1694833180409 1.423 136000
1694833209309 1.423 140000
1694833239112 1.293 144000
1694833267821 1.293 148000
1694833296709 1.293 152000
1694833325750 1.3199999999999998 156000
1694833355435 1.3199999999999998 160000
1694833389227 1.3639999999999999 164000
1694833420254 1.3639999999999999 168000
1694833449608 1.3639999999999999 172000
1694833480417 1.3639999999999999 176000
1694833509520 1.3639999999999999 180000
1694833538160 1.33 184000
1694833568067 1.367 188000
1694833603309 1.367 192000
1694833632774 1.367 196000
1694833662996 1.373 200000
1694833692475 1.429 204000
1694833718654 1.429 208000
1694833743326 1.429 212000
1694833767927 1.429 216000
1694833792871 1.4020000000000001 220000
1694833816890 1.4020000000000001 224000
1694833841652 1.388 228000
1694833865849 1.388 232000
1694833890538 1.363 236000
1694833914719 1.454 240000
1694833939808 1.454 244000
1694833964620 1.454 248000
1694833988774 1.454 252000
1694834013817 1.337 256000
1694834038037 1.337 260000
1694834062028 1.26 264000
1694834086606 1.3860000000000001 268000
1694834110938 1.3860000000000001 272000
1694834135570 1.3860000000000001 276000
1694834159967 1.463 280000
1694834186561 1.463 284000
1694834219274 1.463 288000
1694834252922 1.463 292000
1694834285431 1.463 296000
1694834317926 1.413 300000
1694834347342 1.413 304000
1694834376772 1.413 308000
1694834412116 1.413 312000
1694834450203 1.411 316000
1694834485551 1.403 320000
1694834524499 1.3940000000000001 324000
1694834560158 1.3940000000000001 328000
1694834603117 1.3940000000000001 332000
1694834643905 1.3940000000000001 336000
1694834688957 1.35 340000
1694834723311 1.35 344000
