1694832172924 30.287804878048778 4000
1694832209755 33.996078431372545 8000
1694832246479 31.403773584905657 12000
1694832283065 32.21923076923077 16000
1694832317396 27.328571428571426 20000
1694832348918 25.72954545454546 24000
1694832378758 25.486046511627908 28000
1694832408858 25.72857142857143 32000
1694832440582 27.020000000000003 36000
1694832471983 24.32 40000
1694832507641 31.1 44000
1694832536586 23.921951219512195 48000
1694832564240 23.356410256410253 52000
1694832596644 25.286956521739125 56000
1694832625883 22.76341463414634 60000
1694832655122 23.176190476190477 64000
1694832683610 23.419999999999998 68000
1694832713232 23.85238095238095 72000
1694832742132 23.24878048780488 76000
1694832770516 22.7575 80000
1694832799965 24.52857142857143 84000
1694832829490 25.045238095238098 88000
1694832858445 22.86829268292683 92000
1694832888062 25.480952380952377 96000
1694832916583 21.678048780487806 100000
1694832946366 23.454761904761906 104000
1694832974492 22.410256410256412 108000
1694833003582 22.053658536585363 112000
1694833032414 22.548780487804876 116000
1694833062029 23.107142857142858 120000
1694833092108 24.473809523809525 124000
1694833121687 23.704761904761906 128000
1694833150648 22.434146341463414 132000
1694833180555 23.773809523809526 136000
1694833209456 22.732499999999998 140000
1694833239261 22.176744186046513 144000
1694833267958 21.4625 148000
1694833296851 21.560975609756095 152000
1694833325898 22.17560975609756 156000
1694833355584 24.97380952380952 160000
1694833389414 26.972340425531907 164000
1694833420404 25.004545454545454 168000
1694833449780 22.104761904761908 172000
1694833480577 24.61818181818182 176000
1694833509675 23.28292682926829 180000
1694833538312 24.087804878048782 184000
1694833568320 24.211904761904766 188000
1694833603493 28.203999999999997 192000
1694833632955 24.62380952380952 196000
1694833663148 23.651162790697676 200000
1694833692620 25.695238095238103 204000
1694833718791 21.608108108108116 208000
1694833743471 19.148571428571422 212000
1694833768079 21.720000000000002 216000
1694833793024 22.417142857142856 220000
1694833817035 19.320588235294117 224000
1694833841794 22.068571428571428 228000
1694833866000 19.451428571428572 232000
1694833890783 22.18285714285714 236000
1694833914867 18.779411764705884 240000
1694833939981 21.155555555555555 244000
1694833964754 20.44 248000
1694833988924 19.273529411764706 252000
1694834013946 22.83888888888889 256000
1694834038179 19.311764705882354 260000
1694834062155 19.566666666666666 264000
1694834086752 19.09142857142857 268000
1694834111066 20.22941176470588 272000
1694834135707 22.517142857142854 276000
1694834160118 19.099999999999998 280000
1694834186721 25.27027027027027 284000
1694834219443 26.7195652173913 288000
1694834253270 27.733333333333338 292000
1694834285590 28.139130434782604 296000
1694834318076 29.121276595744686 300000
1694834347506 23.590243902439024 304000
1694834376920 25.74285714285714 308000
1694834412426 28.566 312000
1694834450579 31.998148148148143 316000
1694834485724 26.488000000000003 320000
1694834524703 32.46909090909091 324000
1694834560380 28.127450980392158 328000
1694834603362 29.98032786885246 332000
1694834644088 31.95 336000
1694834689245 35.2921875 340000
1694834723457 27.102040816326532 344000
