1694832172926 58.36585365853659 4000
1694832209757 57.745098039215684 8000
1694832246481 58.0245283018868 12000
1694832283068 57.96346153846154 16000
1694832317397 57.995918367346945 20000
1694832348920 58.05681818181818 24000
1694832378759 58.869767441860475 28000
1694832408860 58.89523809523809 32000
1694832440585 59.11999999999998 36000
1694832471985 58.971111111111114 40000
1694832507643 58.91372549019608 44000
1694832536587 58.36341463414633 48000
1694832564242 58.24102564102563 52000
1694832596646 59.58043478260871 56000
1694832625884 58.55365853658536 60000
1694832655124 58.459523809523816 64000
1694832683611 58.4375 68000
1694832713233 58.38809523809524 72000
1694832742133 58.46829268292682 76000
1694832770517 58.495000000000005 80000
1694832799966 58.44761904761905 84000
1694832829492 58.54285714285714 88000
1694832858447 58.54634146341463 92000
1694832888063 58.561904761904756 96000
1694832916585 58.526829268292694 100000
1694832946367 58.41428571428572 104000
1694832974493 58.48717948717949 108000
1694833003584 58.451219512195124 112000
1694833032415 58.48780487804878 116000
1694833062030 58.44523809523809 120000
1694833092109 58.48333333333333 124000
1694833121688 58.46190476190476 128000
1694833150649 58.46585365853658 132000
1694833180556 58.48571428571428 136000
1694833209457 58.54749999999999 140000
1694833239262 58.562790697674416 144000
1694833267959 58.53499999999999 148000
1694833296852 58.52682926829268 152000
1694833325899 58.59024390243902 156000
1694833355585 58.54761904761904 160000
1694833389416 58.76170212765955 164000
1694833420405 58.72954545454548 168000
1694833449781 58.776190476190465 172000
1694833480579 58.761363636363654 176000
1694833509676 58.778048780487794 180000
1694833538313 58.75853658536585 184000
1694833568323 58.821428571428584 188000
1694833603494 59.516000000000005 192000
1694833632958 60.15476190476189 196000
1694833663150 59.29999999999999 200000
1694833692622 59.33095238095238 204000
1694833718792 59.25135135135137 208000
1694833743473 59.30571428571428 212000
1694833768081 59.059999999999995 216000
1694833793026 59.85142857142858 220000
1694833817036 59.226470588235294 224000
1694833841795 59.06857142857142 228000
1694833866001 59.114285714285714 232000
1694833890786 59.114285714285714 236000
1694833914868 59.13235294117647 240000
1694833939983 59.13055555555555 244000
1694833964755 59.20857142857142 248000
1694833988925 59.17941176470588 252000
1694834013947 59.161111111111104 256000
1694834038180 59.29117647058824 260000
1694834062156 59.22424242424243 264000
1694834086753 59.25714285714286 268000
1694834111067 59.20882352941175 272000
1694834135708 59.151428571428575 276000
1694834160120 59.28285714285715 280000
1694834186723 59.52162162162163 284000
1694834219444 61.03043478260869 288000
1694834253272 59.56666666666666 292000
1694834285591 59.49565217391306 296000
1694834318077 59.30851063829788 300000
1694834347508 59.33170731707316 304000
1694834376921 59.26666666666669 308000
1694834412428 57.028 312000
1694834450581 51.50370370370371 316000
1694834485725 51.14000000000001 320000
1694834524706 50.95454545454545 324000
1694834560383 50.86470588235295 328000
1694834603363 50.91803278688526 332000
1694834644089 51.04827586206897 336000
1694834689248 51.30312500000001 340000
1694834723459 51.26326530612244 344000
