1694832172624 1.216028226751172 4000
1694832209372 1.297480416499457 8000
1694832246284 1.395649939280779 12000
1694832282852 1.4250924565488452 16000
1694832317205 1.447947616349244 20000
1694832348750 1.5014327598232893 24000
1694832378596 1.5106432031824644 28000
1694832408678 1.494503642048881 32000
1694832440381 1.4780156300197869 36000
1694832471784 1.4620878919403282 40000
1694832507498 1.452090795510879 44000
1694832536436 1.4523690658608985 48000
1694832564087 1.4476471962619923 52000
1694832596498 1.4446433068303588 56000
1694832625735 1.4379553794013866 60000
1694832654986 1.424954747743191 64000
1694832683445 1.4130230565333812 68000
1694832713092 1.402728568741875 72000
1694832741992 1.3944628355743214 76000
1694832770360 1.384967663052206 80000
1694832799796 1.3762405642752429 84000
1694832829340 1.3700647174948688 88000
1694832858288 1.3617223938176681 92000
1694832887910 1.3559841064433606 96000
1694832916442 1.3507677055583853 100000
1694832946229 1.3452124592459185 104000
1694832974353 1.3393362928381691 108000
1694833003447 1.3339932249299233 112000
1694833032268 1.3285487494840547 116000
1694833061882 1.3231653730761415 120000
1694833091969 1.3204986093910063 124000
1694833121553 1.3168130822338426 128000
1694833150497 1.3138866139778695 132000
1694833180415 1.3118051822454515 136000
1694833209315 1.3095197156847938 140000
1694833239122 1.307033842494114 144000
1694833267826 1.305218966731225 148000
1694833296715 1.303199113467887 152000
1694833325755 1.3011904437721578 156000
1694833355441 1.2982392125048048 160000
1694833389232 1.2963092990403866 164000
1694833420258 1.2955931407897037 168000
1694833449614 1.2946896806381794 172000
1694833480425 1.294617943357702 176000
1694833509526 1.2949434183036903 180000
1694833538165 1.2947123703376846 184000
1694833568096 1.2937951579656308 188000
1694833603314 1.294330599414254 192000
1694833632779 1.2942901594491065 196000
1694833663001 1.295005126314934 200000
1694833692481 1.2957857790632201 204000
1694833718659 1.2955563778311927 208000
1694833743330 1.29368789481033 212000
1694833767934 1.2903438869678139 216000
1694833792878 1.2864406279643816 220000
1694833816894 1.2838229603929028 224000
1694833841658 1.2804034271642089 228000
1694833865853 1.2771158973541175 232000
1694833890559 1.273653518210859 236000
1694833914727 1.2699093976490783 240000
1694833939817 1.2672433936513794 244000
1694833964624 1.264546314948806 248000
1694833988779 1.2620840916378921 252000
1694834013821 1.2598893229068002 256000
1694834038045 1.2569162097516136 260000
1694834062032 1.252579903331117 264000
1694834086610 1.248962279173932 268000
1694834110944 1.2464181824674734 272000
1694834135574 1.2440621102278486 276000
1694834159975 1.2421408778666763 280000
1694834186568 1.2401443842529745 284000
1694834219283 1.2395936471232365 288000
1694834252929 1.2394964195858287 292000
1694834285438 1.2402325810474863 296000
1694834317931 1.2424566932791046 300000
1694834347347 1.2438990893376427 304000
1694834376777 1.24503538411891 308000
1694834412123 1.2457937987858063 312000
1694834450226 1.2475072748598048 316000
1694834485557 1.2507008549164484 320000
1694834524505 1.254346940171912 324000
1694834560165 1.2592701077825297 328000
1694834603124 1.2631422218883026 332000
1694834643911 1.267556569231084 336000
1694834688965 1.2724693738340613 340000
1694834723315 1.2789858609829137 344000
