1694832172629 0.49882984942798736 4000
1694832209377 0.46457141424229664 8000
1694832246289 0.4708445835153023 12000
1694832282855 0.4672874042452609 16000
1694832317208 0.46658430772479154 20000
1694832348752 0.46491435309672213 24000
1694832378598 0.45955497206106977 28000
1694832408681 0.44893322970364224 32000
1694832440385 0.4417073551255926 36000
1694832471789 0.437926481571737 40000
1694832507500 0.4333454912191058 44000
1694832536439 0.43107331609078003 48000
1694832564089 0.4298391889171782 52000
1694832596503 0.4289260396171856 56000
1694832625739 0.42587816653859534 60000
1694832654988 0.41985012195901583 64000
1694832683447 0.41552909345883793 68000
1694832713094 0.4126949948384093 72000
1694832741995 0.40762856697666705 76000
1694832770362 0.40816610099780476 80000
1694832799799 0.4053881322161674 84000
1694832829343 0.40302781558809314 88000
1694832858291 0.39981726830608577 92000
1694832887912 0.39816669559199164 96000
1694832916445 0.39507522671606415 100000
1694832946232 0.3931824156688794 104000
1694832974358 0.39138553090972517 108000
1694833003451 0.38922347899127585 112000
1694833032270 0.38696684660949954 116000
1694833061886 0.3846829689157425 120000
1694833091971 0.38324727886153603 124000
1694833121555 0.38211382720190457 128000
1694833150501 0.38120312670585205 132000
1694833180419 0.3804572449906537 136000
1694833209319 0.3799200210695784 140000
1694833239126 0.37868634978707966 144000
1694833267828 0.3783894191075055 148000
1694833296719 0.3778863944199354 152000
1694833325759 0.3766321122129073 156000
1694833355443 0.3750795396460686 160000
1694833389235 0.3748307834670713 164000
1694833420261 0.3741943647977741 168000
1694833449618 0.3735980742954771 172000
1694833480429 0.37403235201053175 176000
1694833509528 0.37428322004291564 180000
1694833538167 0.3736331351867627 184000
1694833568100 0.3735041531729161 188000
1694833603317 0.3740458530662152 192000
1694833632781 0.37351905133355456 196000
1694833663004 0.3735226903573786 200000
1694833692483 0.3735701902171121 204000
1694833718661 0.3738129396214016 208000
1694833743332 0.372789048886778 212000
1694833767936 0.3719789934656028 216000
1694833792882 0.3707607851739904 220000
1694833816896 0.3698361003860651 224000
1694833841662 0.36872297912814334 228000
1694833865857 0.36752566409959075 232000
1694833890562 0.36691290026473894 236000
1694833914731 0.3661644837500693 240000
1694833939823 0.36544938028906926 244000
1694833964626 0.3647597501865832 248000
1694833988781 0.3638965241844626 252000
1694834013823 0.3630189801302076 256000
1694834038050 0.3621182321229483 260000
1694834062034 0.3608621633100576 264000
1694834086613 0.359785096365485 268000
1694834110946 0.35880875802018786 272000
1694834135576 0.3583770546456424 276000
1694834159979 0.3578434254414957 280000
1694834186573 0.3571969415222579 284000
1694834219287 0.35716656994602075 288000
1694834252933 0.3570814378387982 292000
1694834285442 0.35754138473984376 296000
1694834317933 0.35813092139179387 300000
1694834347350 0.35829697624401485 304000
1694834376779 0.3585582816053892 308000
1694834412128 0.3584673005473548 312000
1694834450230 0.3589894266026063 316000
1694834485559 0.3600438792105543 320000
1694834524508 0.36097216472644894 324000
1694834560168 0.36223743254566015 328000
1694834603128 0.3633288630099477 332000
1694834643914 0.3644359442697722 336000
1694834688969 0.36550958188369687 340000
1694834723317 0.367189697456842 344000
