1694832172627 7.032012786566256 4000
1694832209375 7.387285904263626 8000
1694832246286 7.804777756891064 12000
1694832282853 7.944521039453312 16000
1694832317207 8.055253609482477 20000
1694832348751 8.277098209824342 24000
1694832378597 8.328460263699734 28000
1694832408680 8.248869663055277 32000
1694832440383 8.150639160652798 36000
1694832471786 8.048090452167422 40000
1694832507499 7.980900492725072 44000
1694832536438 7.964997855927569 48000
1694832564088 7.935510053304196 52000
1694832596501 7.911074204374705 56000
1694832625737 7.881111699862862 60000
1694832654987 7.807960130976482 64000
1694832683446 7.742180156545032 68000
1694832713093 7.681950761986859 72000
1694832741994 7.633502795435727 76000
1694832770361 7.584197414582816 80000
1694832799798 7.535488492149698 84000
1694832829341 7.499823250470538 88000
1694832858289 7.457010065123545 92000
1694832887911 7.425063861458609 96000
1694832916444 7.3956309895132515 100000
1694832946231 7.3667581508772 104000
1694832974355 7.334303574249694 108000
1694833003449 7.305594326918669 112000
1694833032269 7.276343112083067 116000
1694833061884 7.244100825080689 120000
1694833091970 7.225389213460669 124000
1694833121554 7.203326993780693 128000
1694833150499 7.184836779293298 132000
1694833180417 7.17276054969312 136000
1694833209317 7.162004137289866 140000
1694833239124 7.1474561364501366 144000
1694833267827 7.139906690961534 148000
1694833296717 7.127312610276419 152000
1694833325757 7.1148708273032195 156000
1694833355442 7.096116055458383 160000
1694833389233 7.087018882416139 164000
1694833420260 7.081971397789236 168000
1694833449616 7.077543105979129 172000
1694833480427 7.077681361159709 176000
1694833509527 7.081861973926448 180000
1694833538166 7.077962493616128 184000
1694833568098 7.0719171547371475 188000
1694833603316 7.075396750212288 192000
1694833632780 7.078063692695828 196000
1694833663002 7.080644285484566 200000
1694833692482 7.08454271141052 204000
1694833718660 7.08132185704458 208000
1694833743331 7.0684981394710285 212000
1694833767935 7.049047749296728 216000
1694833792880 7.027305078242791 220000
1694833816895 7.013860574039445 224000
1694833841660 6.993180425326793 228000
1694833865855 6.976567261008438 232000
1694833890561 6.956234811888031 236000
1694833914729 6.936933313919917 240000
1694833939820 6.92399414370245 244000
1694833964625 6.907654203281579 248000
1694833988780 6.897487487873068 252000
1694834013822 6.882129770757762 256000
1694834038048 6.865293047408752 260000
1694834062033 6.842871241587728 264000
1694834086612 6.82238710297523 268000
1694834110945 6.811082349923172 272000
1694834135575 6.798832660298944 276000
1694834159977 6.788010271821718 280000
1694834186570 6.776866220350618 284000
1694834219285 6.7711862770672475 288000
1694834252931 6.771708906906954 292000
1694834285440 6.77616601432066 296000
1694834317932 6.788332666209703 300000
1694834347349 6.799372093644775 304000
1694834376778 6.805756332043776 308000
1694834412126 6.812199165774302 312000
1694834450228 6.824559136903076 316000
1694834485558 6.843043936872501 320000
1694834524507 6.863301910745259 324000
1694834560167 6.887850352749765 328000
1694834603126 6.909233398100655 332000
1694834643912 6.932681590815251 336000
1694834688967 6.96392231251331 340000
1694834723316 6.999019260222802 344000
