1694832172635 0.0 4000
1694832209383 0.0 8000
1694832246292 0.0 12000
1694832282859 0.0 16000
1694832317213 0.0 20000
1694832348754 0.0 24000
1694832378601 0.0 28000
1694832408686 0.0 32000
1694832440390 0.0 36000
1694832471794 0.0 40000
1694832507503 0.0 44000
1694832536442 0.0 48000
1694832564092 0.0 52000
1694832596508 0.0 56000
1694832625742 0.0 60000
1694832654990 0.0 64000
1694832683450 0.0 68000
1694832713097 0.0 72000
1694832741997 0.0 76000
1694832770365 0.0 80000
1694832799802 0.0 84000
1694832829345 0.0 88000
1694832858293 0.0 92000
1694832887914 0.0 96000
1694832916447 0.0 100000
1694832946234 0.0 104000
1694832974363 0.0 108000
1694833003454 0.0 112000
1694833032272 0.0 116000
1694833061891 0.0 120000
1694833091974 0.0 124000
1694833121557 0.0 128000
1694833150505 0.0 132000
1694833180421 0.0 136000
1694833209322 0.0 140000
1694833239129 0.0 144000
1694833267830 0.0 148000
1694833296722 0.0 152000
1694833325762 0.0 156000
1694833355445 0.0 160000
1694833389237 0.0 164000
1694833420263 0.0 168000
1694833449622 0.0 172000
1694833480432 0.0 176000
1694833509530 0.0 180000
1694833538170 0.0 184000
1694833568103 0.0 188000
1694833603319 0.0 192000
1694833632784 0.0 196000
1694833663006 0.0 200000
1694833692486 0.0 204000
1694833718663 0.0 208000
1694833743334 0.0 212000
1694833767938 0.0 216000
1694833792885 0.0 220000
1694833816898 0.0 224000
1694833841665 0.0 228000
1694833865863 0.0 232000
1694833890565 0.0 236000
1694833914734 0.0 240000
1694833939827 0.0 244000
1694833964628 0.0 248000
1694833988784 0.0 252000
1694834013825 0.0 256000
1694834038053 0.0 260000
1694834062036 0.0 264000
1694834086618 0.0 268000
1694834110949 0.0 272000
1694834135578 0.0 276000
1694834159983 0.0 280000
1694834186579 0.0 284000
1694834219291 0.0 288000
1694834252936 0.0 292000
1694834285446 0.0 296000
1694834317936 0.0 300000
1694834347352 0.0 304000
1694834376782 0.0 308000
1694834412134 0.0 312000
1694834450234 0.0 316000
1694834485562 0.0 320000
1694834524511 0.0 324000
1694834560171 0.0 328000
1694834603134 0.0 332000
1694834643916 0.0 336000
1694834688973 0.0 340000
1694834723320 0.0 344000
