1694832172632 0.45903161364515604 4000
1694832209380 0.4869653565119606 8000
1694832246290 0.5132288311325786 12000
1694832282856 0.5222457290232816 16000
1694832317211 0.5300070786669542 20000
1694832348753 0.5462492244254572 24000
1694832378600 0.5500586759706946 28000
1694832408683 0.5476672379438413 32000
1694832440388 0.5435409609241926 36000
1694832471791 0.5382207027953853 40000
1694832507501 0.5350084310646173 44000
1694832536440 0.5349944570917404 48000
1694832564090 0.5334008944041547 52000
1694832596506 0.5326739738866653 56000
1694832625740 0.5315393317244286 60000
1694832654989 0.5275409321309548 64000
1694832683449 0.5244457407866534 68000
1694832713095 0.5209915724756781 72000
1694832741996 0.5185515081818917 76000
1694832770364 0.5164055323440794 80000
1694832799800 0.5137790395241925 84000
1694832829344 0.5117161127200932 88000
1694832858292 0.5101798921805526 92000
1694832887913 0.5083105976602795 96000
1694832916446 0.5065241588219019 100000
1694832946233 0.504970124413383 104000
1694832974360 0.5026321524998243 108000
1694833003452 0.5006364164328226 112000
1694833032271 0.4993733150914217 116000
1694833061888 0.4974224985706533 120000
1694833091973 0.49610472353938934 124000
1694833121556 0.49517704967608106 128000
1694833150503 0.49452937670640496 132000
1694833180420 0.4940811100121124 136000
1694833209321 0.49374766250100743 140000
1694833239127 0.49275779330848346 144000
1694833267829 0.49271743831726056 148000
1694833296721 0.49173362587599184 152000
1694833325761 0.4903161206576272 156000
1694833355444 0.4892683965312268 160000
1694833389236 0.4888096079181412 164000
1694833420262 0.48842115807147524 168000
1694833449620 0.4887598458020897 172000
1694833480431 0.48902127393930406 176000
1694833509529 0.48945921561978706 180000
1694833538169 0.4892275132585238 184000
1694833568101 0.4885258122768129 188000
1694833603318 0.488261484587191 192000
1694833632782 0.48874772319123666 196000
1694833663005 0.48899209074412087 200000
1694833692484 0.48967103084698294 204000
1694833718662 0.4895230876302466 208000
1694833743333 0.4884504084225489 212000
1694833767937 0.4868627437515128 216000
1694833792884 0.48546493071631813 220000
1694833816897 0.48469580408538326 224000
1694833841664 0.48349999394456006 228000
1694833865859 0.4825823569658097 232000
1694833890563 0.48095669765148075 236000
1694833914733 0.47972992883019644 240000
1694833939825 0.47869426916702806 244000
1694833964627 0.47764773271155136 248000
1694833988782 0.4773058547390974 252000
1694834013824 0.47615794547827817 256000
1694834038052 0.4750812536393924 260000
1694834062035 0.4740317376984976 264000
1694834086615 0.47279148615749217 268000
1694834110948 0.47246722972565897 272000
1694834135577 0.4717095922218034 276000
1694834159981 0.47083884405673154 280000
1694834186576 0.46994842428249606 284000
1694834219289 0.46946573969080885 288000
1694834252935 0.46940835819428367 292000
1694834285444 0.4697486653748133 296000
1694834317934 0.4704805953260951 300000
1694834347351 0.47177161528552813 304000
1694834376780 0.47212274672555166 308000
1694834412131 0.4729238158535153 312000
1694834450232 0.4740868761538817 316000
1694834485560 0.4750059791465113 320000
1694834524509 0.47660576212144123 324000
1694834560170 0.4777241480659641 328000
1694834603131 0.4790381029518226 332000
1694834643915 0.4804704004272605 336000
1694834688971 0.48211421572528496 340000
1694834723319 0.4844993861200681 344000
