1694832173210 1.0 4000
1694832210037 1.0 8000
1694832246634 1.0 12000
1694832283258 1.0 16000
1694832317551 1.0 20000
1694832349056 1.0 24000
1694832378904 1.0 28000
1694832409006 1.0 32000
1694832440751 1.0 36000
1694832472155 1.0 40000
1694832507757 1.0 44000
1694832536701 1.0 48000
1694832564378 1.0 52000
1694832596767 1.0 56000
1694832626004 1.0 60000
1694832655243 1.0 64000
1694832683727 1.0 68000
1694832713349 1.0 72000
1694832742251 1.0 76000
1694832770643 1.0 80000
1694832800113 1.0 84000
1694832829614 1.0 88000
1694832858562 1.0 92000
1694832888189 1.0 96000
1694832916720 1.0 100000
1694832946491 1.0 104000
1694832974616 1.0 108000
1694833003706 1.0 112000
1694833032562 1.0 116000
1694833062168 1.0 120000
1694833092235 1.0 124000
1694833121817 1.0 128000
1694833150775 1.0 132000
1694833180681 1.0 136000
1694833209590 1.0 140000
1694833239387 1.0 144000
1694833268109 1.0 148000
1694833296976 1.0 152000
1694833326034 1.0 156000
1694833355717 1.0 160000
1694833389579 1.0 164000
1694833420525 1.0 168000
1694833449902 1.0 172000
1694833480710 1.0 176000
1694833509787 1.0 180000
1694833538433 1.0 184000
1694833568555 1.0 188000
1694833603645 1.0 192000
1694833633102 1.0 196000
1694833663281 1.0 200000
1694833692743 1.0 204000
1694833718908 1.0 208000
1694833743592 1.0 212000
1694833768197 1.0 216000
1694833793141 1.0 220000
1694833817149 1.0 224000
1694833841912 1.0 228000
1694833866116 1.0 232000
1694833891029 1.0 236000
1694833914973 1.0 240000
1694833940098 1.0 244000
1694833964861 1.0 248000
1694833989044 1.0 252000
1694834014063 1.0 256000
1694834038288 1.0 260000
1694834062279 1.0 264000
1694834086871 1.0 268000
1694834111182 1.0 272000
1694834135843 1.0 276000
1694834160233 1.0 280000
1694834186849 1.0 284000
1694834219566 1.0 288000
1694834253537 1.0 292000
1694834285710 1.0 296000
1694834318205 1.0 300000
1694834347629 1.0 304000
1694834377056 1.0 308000
1694834412733 1.0 312000
1694834450885 1.0 316000
1694834485863 1.0 320000
1694834524877 1.0 324000
1694834560589 1.0 328000
1694834603564 1.0 332000
1694834644244 1.0 336000
1694834689471 1.0 340000
1694834723574 1.0 344000
