1694832172581 4000.0 4000
1694832209269 8000.0 8000
1694832246250 12000.0 12000
1694832282821 16000.0 16000
1694832317183 20000.0 20000
1694832348723 24000.0 24000
1694832378569 28000.0 28000
1694832408653 32000.0 32000
1694832440354 36000.0 36000
1694832471756 40000.0 40000
1694832507476 44000.0 44000
1694832536411 48000.0 48000
1694832564060 52000.0 52000
1694832596478 56000.0 56000
1694832625710 60000.0 60000
1694832654965 64000.0 64000
1694832683415 68000.0 68000
1694832713069 72000.0 72000
1694832741976 76000.0 76000
1694832770340 80000.0 80000
1694832799768 84000.0 84000
1694832829323 88000.0 88000
1694832858263 92000.0 92000
1694832887885 96000.0 96000
1694832916416 100000.0 100000
1694832946212 104000.0 104000
1694832974336 108000.0 108000
1694833003422 112000.0 112000
1694833032247 116000.0 116000
1694833061864 120000.0 120000
1694833091949 124000.0 124000
1694833121531 128000.0 128000
1694833150473 132000.0 132000
1694833180395 136000.0 136000
1694833209296 140000.0 140000
1694833239094 144000.0 144000
1694833267806 148000.0 148000
1694833296687 152000.0 152000
1694833325732 156000.0 156000
1694833355422 160000.0 160000
1694833389211 164000.0 164000
1694833420240 168000.0 168000
1694833449588 172000.0 172000
1694833480403 176000.0 176000
1694833509500 180000.0 180000
1694833538140 184000.0 184000
1694833568044 188000.0 188000
1694833603293 192000.0 192000
1694833632755 196000.0 196000
1694833662983 200000.0 200000
1694833692452 204000.0 204000
1694833718641 208000.0 208000
1694833743309 212000.0 212000
1694833767905 216000.0 216000
1694833792854 220000.0 220000
1694833816868 224000.0 224000
1694833841641 228000.0 228000
1694833865838 232000.0 232000
1694833890520 236000.0 236000
1694833914706 240000.0 240000
1694833939796 244000.0 244000
1694833964608 248000.0 248000
1694833988761 252000.0 252000
1694834013804 256000.0 256000
1694834038019 260000.0 260000
1694834062009 264000.0 264000
1694834086595 268000.0 268000
1694834110918 272000.0 272000
1694834135557 276000.0 276000
1694834159954 280000.0 280000
1694834186549 284000.0 284000
1694834219256 288000.0 288000
1694834252883 292000.0 292000
1694834285412 296000.0 296000
1694834317912 300000.0 300000
1694834347327 304000.0 304000
1694834376758 308000.0 308000
1694834412092 312000.0 312000
1694834450180 316000.0 316000
1694834485527 320000.0 320000
1694834524479 324000.0 324000
1694834560139 328000.0 328000
1694834603097 332000.0 332000
1694834643879 336000.0 336000
1694834688926 340000.0 340000
1694834723295 344000.0 344000
