1694832172578 4000.0 4000
1694832209266 8000.0 8000
1694832246248 12000.0 12000
1694832282820 16000.0 16000
1694832317181 20000.0 20000
1694832348721 24000.0 24000
1694832378567 28000.0 28000
1694832408651 32000.0 32000
1694832440353 36000.0 36000
1694832471754 40000.0 40000
1694832507473 44000.0 44000
1694832536410 48000.0 48000
1694832564059 52000.0 52000
1694832596477 56000.0 56000
1694832625709 60000.0 60000
1694832654964 64000.0 64000
1694832683414 68000.0 68000
1694832713068 72000.0 72000
1694832741975 76000.0 76000
1694832770339 80000.0 80000
1694832799767 84000.0 84000
1694832829321 88000.0 88000
1694832858262 92000.0 92000
1694832887883 96000.0 96000
1694832916415 100000.0 100000
1694832946211 104000.0 104000
1694832974335 108000.0 108000
1694833003421 112000.0 112000
1694833032245 116000.0 116000
1694833061863 120000.0 120000
1694833091947 124000.0 124000
1694833121530 128000.0 128000
1694833150472 132000.0 132000
1694833180394 136000.0 136000
1694833209294 140000.0 140000
1694833239092 144000.0 144000
1694833267804 148000.0 148000
1694833296685 152000.0 152000
1694833325731 156000.0 156000
1694833355421 160000.0 160000
1694833389209 164000.0 164000
1694833420239 168000.0 168000
1694833449586 172000.0 172000
1694833480401 176000.0 176000
1694833509497 180000.0 180000
1694833538139 184000.0 184000
1694833568042 188000.0 188000
1694833603291 192000.0 192000
1694833632754 196000.0 196000
1694833662982 200000.0 200000
1694833692451 204000.0 204000
1694833718640 208000.0 208000
1694833743308 212000.0 212000
1694833767903 216000.0 216000
1694833792852 220000.0 220000
1694833816867 224000.0 224000
1694833841640 228000.0 228000
1694833865837 232000.0 232000
1694833890519 236000.0 236000
1694833914705 240000.0 240000
1694833939795 244000.0 244000
1694833964606 248000.0 248000
1694833988760 252000.0 252000
1694834013803 256000.0 256000
1694834038016 260000.0 260000
1694834062008 264000.0 264000
1694834086594 268000.0 268000
1694834110915 272000.0 272000
1694834135556 276000.0 276000
1694834159953 280000.0 280000
1694834186548 284000.0 284000
1694834219255 288000.0 288000
1694834252881 292000.0 292000
1694834285411 296000.0 296000
1694834317911 300000.0 300000
1694834347325 304000.0 304000
1694834376757 308000.0 308000
1694834412090 312000.0 312000
1694834450178 316000.0 316000
1694834485525 320000.0 320000
1694834524477 324000.0 324000
1694834560136 328000.0 328000
1694834603095 332000.0 332000
1694834643877 336000.0 336000
1694834688925 340000.0 340000
1694834723293 344000.0 344000
