1694832172478 0.0 4000
1694832209115 0.0 8000
1694832246173 0.0 12000
1694832282738 0.0 16000
1694832317124 0.0 20000
1694832348667 0.0 24000
1694832378519 0.0 28000
1694832408577 0.0 32000
1694832440278 0.0 36000
1694832471677 0.0 40000
1694832507427 0.0 44000
1694832536366 0.0 48000
1694832564017 0.0 52000
1694832596435 0.0 56000
1694832625667 0.0 60000
1694832654921 0.0 64000
1694832683373 0.0 68000
1694832713028 0.0 72000
1694832741933 0.0 76000
1694832770289 0.0 80000
1694832799705 0.0 84000
1694832829280 0.0 88000
1694832858195 0.0 92000
1694832887839 0.0 96000
1694832916356 0.0 100000
1694832946147 0.0 104000
1694832974294 0.0 108000
1694833003360 0.0 112000
1694833032196 0.0 116000
1694833061803 0.0 120000
1694833091897 0.0 124000
1694833121486 0.0 128000
1694833150409 0.0 132000
1694833180351 0.0 136000
1694833209249 0.0 140000
1694833239047 0.0 144000
1694833267756 0.0 148000
1694833296642 0.0 152000
1694833325670 0.0 156000
1694833355359 0.0 160000
1694833389154 0.0 164000
1694833420196 0.0 168000
1694833449372 0.0 172000
1694833480356 0.0 176000
1694833509456 0.0 180000
1694833538098 0.0 184000
1694833567948 0.0 188000
1694833603226 0.0 192000
1694833632713 0.0 196000
1694833662920 0.0 200000
1694833692411 0.0 204000
1694833718600 0.0 208000
1694833743270 0.0 212000
1694833767862 0.0 216000
1694833792815 0.0 220000
1694833816824 0.0 224000
1694833841585 0.0 228000
1694833865782 0.0 232000
1694833890455 0.0 236000
1694833914668 0.0 240000
1694833939756 0.0 244000
1694833964569 0.0 248000
1694833988721 0.0 252000
1694834013741 0.0 256000
1694834037973 0.0 260000
1694834061968 0.0 264000
1694834086533 0.0 268000
1694834110872 0.0 272000
1694834135517 0.0 276000
1694834159914 0.0 280000
1694834186484 0.0 284000
1694834219195 0.0 288000
1694834252788 0.0 292000
1694834285370 0.0 296000
1694834317868 0.0 300000
1694834347281 0.0 304000
1694834376689 0.0 308000
1694834412026 0.0 312000
1694834450081 0.0 316000
1694834485478 0.0 320000
1694834524424 0.0 324000
1694834560077 0.0 328000
1694834603028 0.0 332000
1694834643811 0.0 336000
1694834688844 0.0 340000
1694834723249 0.0 344000
