1694832172426 0.9159999999999999 4000
1694832208984 0.9159999999999999 8000
1694832246126 0.9159999999999999 12000
1694832282686 0.9299999999999999 16000
1694832317078 0.9329999999999999 20000
1694832348623 0.9329999999999999 24000
1694832378474 0.9329999999999999 28000
1694832408529 0.94 32000
1694832440232 1.506 36000
1694832471629 1.506 40000
1694832507384 1.506 44000
1694832536323 1.506 48000
1694832563973 1.506 52000
1694832596392 0.9349999999999999 56000
1694832625624 0.9329999999999999 60000
1694832654876 0.9329999999999999 64000
1694832683332 0.9329999999999999 68000
1694832712984 0.9329999999999999 72000
1694832741888 1.7269999999999999 76000
1694832770244 1.7269999999999999 80000
1694832799675 1.7269999999999999 84000
1694832829235 1.7269999999999999 88000
1694832858148 1.7269999999999999 92000
1694832887795 1.3359999999999999 96000
1694832916308 1.3359999999999999 100000
1694832946102 1.3359999999999999 104000
1694832974249 0.9329999999999999 108000
1694833003330 1.447 112000
1694833032152 1.447 116000
1694833061754 1.447 120000
1694833091854 1.447 124000
1694833121441 1.447 128000
1694833150360 0.9349999999999999 132000
1694833180306 1.4609999999999999 136000
1694833209202 1.4609999999999999 140000
1694833238997 1.4609999999999999 144000
1694833267708 1.4609999999999999 148000
1694833296598 1.2770000000000001 152000
1694833325642 1.2770000000000001 156000
1694833355314 1.152 160000
1694833389106 1.152 164000
1694833420152 1.6760000000000002 168000
1694833449196 1.6760000000000002 172000
1694833480310 1.6760000000000002 176000
1694833509413 1.6760000000000002 180000
1694833538053 1.6760000000000002 184000
1694833567872 0.9349999999999999 188000
1694833603177 0.9369999999999999 192000
1694833632670 0.9369999999999999 196000
1694833662875 1.571 200000
1694833692367 1.571 204000
1694833718557 1.571 208000
1694833743229 1.571 212000
1694833767818 1.571 216000
1694833792769 1.472 220000
1694833816783 1.3769999999999998 224000
1694833841558 1.3769999999999998 228000
1694833865756 1.764 232000
1694833890411 1.764 236000
1694833914623 1.764 240000
1694833939714 1.764 244000
1694833964525 0.9319999999999999 248000
1694833988676 0.9319999999999999 252000
1694834013714 0.9319999999999999 256000
1694834037925 0.9319999999999999 260000
1694834061923 0.9269999999999999 264000
1694834086486 0.9269999999999999 268000
1694834110827 0.9269999999999999 272000
1694834135476 0.9289999999999999 276000
1694834159870 1.3179999999999998 280000
1694834186437 1.3179999999999998 284000
1694834219148 1.3179999999999998 288000
1694834252737 1.3179999999999998 292000
1694834285326 1.3179999999999998 296000
1694834317823 1.055 300000
1694834347238 1.192 304000
1694834376644 1.192 308000
1694834411972 1.192 312000
1694834450025 1.192 316000
1694834485431 0.95 320000
1694834524356 0.942 324000
1694834560026 0.9299999999999999 328000
1694834602956 0.9299999999999999 332000
1694834643760 0.9339999999999999 336000
1694834688787 0.9339999999999999 340000
1694834723203 1.115 344000
