1694832172481 14.0 4000
1694832209117 34.0 8000
1694832246175 58.0 12000
1694832282740 79.0 16000
1694832317126 99.0 20000
1694832348668 121.0 24000
1694832378521 137.0 28000
1694832408578 159.0 32000
1694832440280 182.0 36000
1694832471679 197.0 40000
1694832507429 218.0 44000
1694832536367 237.0 48000
1694832564018 260.0 52000
1694832596437 279.0 56000
1694832625669 301.0 60000
1694832654923 325.0 64000
1694832683375 345.0 68000
1694832713029 367.0 72000
1694832741935 391.0 76000
1694832770291 410.0 80000
1694832799722 432.0 84000
1694832829281 449.0 88000
1694832858196 471.0 92000
1694832887840 490.0 96000
1694832916357 512.0 100000
1694832946149 532.0 104000
1694832974295 555.0 108000
1694833003362 575.0 112000
1694833032197 595.0 116000
1694833061804 617.0 120000
1694833091898 636.0 124000
1694833121488 659.0 128000
1694833150411 683.0 132000
1694833180352 706.0 136000
1694833209250 726.0 140000
1694833239048 751.0 144000
1694833267757 770.0 148000
1694833296644 791.0 152000
1694833325671 813.0 156000
1694833355360 838.0 160000
1694833389156 859.0 164000
1694833420197 880.0 168000
1694833449392 902.0 172000
1694833480358 921.0 176000
1694833509457 943.0 180000
1694833538099 968.0 184000
1694833567950 990.0 188000
1694833603228 1013.0 192000
1694833632714 1036.0 196000
1694833662922 1057.0 200000
1694833692412 1079.0 204000
1694833718601 1097.0 208000
1694833743271 1126.0 212000
1694833767863 1151.0 216000
1694833792816 1178.0 220000
1694833816825 1196.0 224000
1694833841586 1222.0 228000
1694833865783 1247.0 232000
1694833890458 1274.0 236000
1694833914669 1298.0 240000
1694833939758 1322.0 244000
1694833964571 1347.0 248000
1694833988722 1368.0 252000
1694834013759 1391.0 256000
1694834037974 1415.0 260000
1694834061970 1445.0 264000
1694834086534 1472.0 268000
1694834110874 1494.0 272000
1694834135518 1517.0 276000
1694834159916 1541.0 280000
1694834186485 1565.0 284000
1694834219196 1585.0 288000
1694834252790 1608.0 292000
1694834285371 1630.0 296000
1694834317869 1656.0 300000
1694834347283 1687.0 304000
1694834376690 1709.0 308000
1694834412028 1734.0 312000
1694834450084 1757.0 316000
1694834485479 1783.0 320000
1694834524426 1807.0 324000
1694834560079 1837.0 328000
1694834603030 1856.0 332000
1694834643828 1879.0 336000
1694834688846 1901.0 340000
1694834723250 1924.0 344000
