1694832172428 -0.33799999999999986 4000
1694832209005 -0.484 8000
1694832246128 -0.8959999999999999 12000
1694832282689 -0.8959999999999999 16000
1694832317079 -0.8959999999999999 20000
1694832348625 -0.8959999999999999 24000
1694832378476 -0.9080000000000001 28000
1694832408531 -0.9080000000000001 32000
1694832440234 -0.9080000000000001 36000
1694832471631 -0.9080000000000001 40000
1694832507386 -0.9080000000000001 44000
1694832536325 -0.7999999999999999 48000
1694832563975 -0.7899999999999999 52000
1694832596394 -0.7899999999999999 56000
1694832625625 -0.8820000000000001 60000
1694832654878 -0.8820000000000001 64000
1694832683333 -0.8820000000000001 68000
1694832712986 -0.8820000000000001 72000
1694832741890 -0.634 76000
1694832770247 -0.8039999999999999 80000
1694832799677 -0.8039999999999999 84000
1694832829237 -0.9530000000000001 88000
1694832858150 -0.96 92000
1694832887797 -0.96 96000
1694832916326 -0.96 100000
1694832946104 -0.96 104000
1694832974251 -0.6279999999999999 108000
1694833003332 -0.6279999999999999 112000
1694833032153 -0.6279999999999999 116000
1694833061756 -0.6279999999999999 120000
1694833091856 -0.577 124000
1694833121443 -0.577 128000
1694833150362 -0.55 132000
1694833180308 -0.55 136000
1694833209203 -0.729 140000
1694833238999 -0.729 144000
1694833267710 -0.729 148000
1694833296600 -0.729 152000
1694833325644 -0.5820000000000001 156000
1694833355315 -0.5820000000000001 160000
1694833389108 -0.5820000000000001 164000
1694833420154 -0.54 168000
1694833449198 -0.54 172000
1694833480312 -0.83 176000
1694833509415 -0.83 180000
1694833538054 -0.83 184000
1694833567874 -0.84 188000
1694833603179 -0.84 192000
1694833632671 -0.88 196000
1694833662877 -0.88 200000
1694833692369 -0.88 204000
1694833718559 -0.88 208000
1694833743230 -0.88 212000
1694833767819 -0.624 216000
1694833792771 -0.624 220000
1694833816784 -0.6060000000000001 224000
1694833841560 -0.6060000000000001 228000
1694833865758 -0.593 232000
1694833890413 -0.593 236000
1694833914624 -0.5950000000000001 240000
1694833939715 -0.7419999999999999 244000
1694833964527 -0.7419999999999999 248000
1694833988678 -0.815 252000
1694834013716 -0.815 256000
1694834037926 -0.815 260000
1694834061924 -0.815 264000
1694834086488 -0.708 268000
1694834110829 -0.9420000000000002 272000
1694834135477 -0.9420000000000002 276000
1694834159871 -0.9420000000000002 280000
1694834186439 -0.9420000000000002 284000
1694834219166 -0.857 288000
1694834252739 -0.857 292000
1694834285328 -0.857 296000
1694834317825 -0.857 300000
1694834347240 -0.765 304000
1694834376646 -0.765 308000
1694834411974 -0.765 312000
1694834450028 -0.765 316000
1694834485433 -0.7340000000000001 320000
1694834524376 -0.7340000000000001 324000
1694834560028 -0.5790000000000001 328000
1694834602963 -0.46099999999999997 332000
1694834643778 -0.794 336000
1694834688789 -0.794 340000
1694834723205 -0.794 344000
