1694832172433 14.0 4000
1694832209014 20.0 8000
1694832246132 24.0 12000
1694832282710 21.0 16000
1694832317083 20.0 20000
1694832348629 22.0 24000
1694832378480 16.0 28000
1694832408535 22.0 32000
1694832440238 23.0 36000
1694832471635 15.0 40000
1694832507390 21.0 44000
1694832536329 19.0 48000
1694832563978 23.0 52000
1694832596398 19.0 56000
1694832625629 22.0 60000
1694832654882 24.0 64000
1694832683338 20.0 68000
1694832712990 22.0 72000
1694832741894 24.0 76000
1694832770251 19.0 80000
1694832799681 22.0 84000
1694832829241 17.0 88000
1694832858154 22.0 92000
1694832887801 19.0 96000
1694832916333 22.0 100000
1694832946107 20.0 104000
1694832974255 23.0 108000
1694833003336 20.0 112000
1694833032157 20.0 116000
1694833061760 22.0 120000
1694833091860 19.0 124000
1694833121447 23.0 128000
1694833150367 24.0 132000
1694833180312 23.0 136000
1694833209207 20.0 140000
1694833239003 25.0 144000
1694833267713 19.0 148000
1694833296604 21.0 152000
1694833325647 22.0 156000
1694833355319 25.0 160000
1694833389112 21.0 164000
1694833420158 21.0 168000
1694833449202 22.0 172000
1694833480316 19.0 176000
1694833509418 22.0 180000
1694833538058 25.0 184000
1694833567880 22.0 188000
1694833603200 23.0 192000
1694833632675 23.0 196000
1694833662881 21.0 200000
1694833692373 22.0 204000
1694833718562 18.0 208000
1694833743234 29.0 212000
1694833767823 25.0 216000
1694833792774 27.0 220000
1694833816804 18.0 224000
1694833841563 26.0 228000
1694833865762 25.0 232000
1694833890417 27.0 236000
1694833914628 24.0 240000
1694833939718 24.0 244000
1694833964530 25.0 248000
1694833988682 21.0 252000
1694834013720 23.0 256000
1694834037930 24.0 260000
1694834061928 30.0 264000
1694834086492 27.0 268000
1694834110832 22.0 272000
1694834135481 23.0 276000
1694834159875 24.0 280000
1694834186444 24.0 284000
1694834219170 20.0 288000
1694834252744 23.0 292000
1694834285332 22.0 296000
1694834317829 26.0 300000
1694834347243 31.0 304000
1694834376650 22.0 308000
1694834411979 25.0 312000
1694834450033 23.0 316000
1694834485437 26.0 320000
1694834524380 24.0 324000
1694834560033 30.0 328000
1694834602980 19.0 332000
1694834643783 23.0 336000
1694834688795 22.0 340000
1694834723209 23.0 344000
