1694832172429 0.10278571428571426 4000
1694832209008 0.09929411764705878 8000
1694832246130 0.0558965517241379 12000
1694832282707 0.1134050632911392 16000
1694832317081 0.12005050505050499 20000
1694832348626 0.17498999999999998 24000
1694832378477 0.17075999999999997 28000
1694832408532 0.18841999999999998 32000
1694832440235 0.17797999999999997 36000
1694832471632 0.19953999999999994 40000
1694832507387 0.17958 44000
1694832536326 0.21352999999999997 48000
1694832563976 0.25173 52000
1694832596395 0.2372099999999999 56000
1694832625627 0.18111999999999992 60000
1694832654879 0.19933999999999993 64000
1694832683335 0.17445 68000
1694832712987 0.17891999999999997 72000
1694832741891 0.23264999999999997 76000
1694832770248 0.23460999999999996 80000
1694832799678 0.22517999999999994 84000
1694832829238 0.22413 88000
1694832858151 0.19548 92000
1694832887798 0.19365999999999992 96000
1694832916329 0.20586 100000
1694832946105 0.20149999999999996 104000
1694832974252 0.20087 108000
1694833003333 0.22431999999999996 112000
1694833032155 0.21165999999999996 116000
1694833061757 0.22448 120000
1694833091857 0.23696999999999996 124000
1694833121444 0.22142000000000003 128000
1694833150363 0.22102 132000
1694833180309 0.22154 136000
1694833209205 0.26949 140000
1694833239001 0.26216999999999996 144000
1694833267711 0.2801099999999999 148000
1694833296602 0.32376999999999995 152000
1694833325645 0.326 156000
1694833355317 0.27807000000000004 160000
1694833389109 0.30715999999999993 164000
1694833420155 0.30540999999999996 168000
1694833449199 0.27882999999999997 172000
1694833480313 0.29233 176000
1694833509416 0.27646999999999994 180000
1694833538055 0.23792 184000
1694833567876 0.16122999999999998 188000
1694833603196 0.14833999999999997 192000
1694833632673 0.19343999999999997 196000
1694833662878 0.21290999999999996 200000
1694833692370 0.24202999999999997 204000
1694833718560 0.27543 208000
1694833743231 0.2828299999999999 212000
1694833767820 0.20307999999999995 216000
1694833792772 0.21425999999999995 220000
1694833816785 0.23803999999999997 224000
1694833841561 0.22173999999999994 228000
1694833865759 0.2841699999999999 232000
1694833890414 0.3009899999999999 236000
1694833914626 0.2657 240000
1694833939716 0.20212999999999998 244000
1694833964528 0.15685999999999997 248000
1694833988679 0.12834999999999996 252000
1694834013717 0.09373999999999998 256000
1694834037928 0.17975999999999992 260000
1694834061926 0.18347999999999995 264000
1694834086489 0.19779999999999998 268000
1694834110830 0.14217999999999997 272000
1694834135479 0.07588999999999997 276000
1694834159873 0.12607999999999994 280000
1694834186441 0.15838999999999998 284000
1694834219168 0.16004999999999994 288000
1694834252740 0.20917999999999992 292000
1694834285329 0.21184999999999996 296000
1694834317826 0.21117999999999992 300000
1694834347241 0.22620999999999994 304000
1694834376648 0.24608 308000
1694834411976 0.25767999999999996 312000
1694834450030 0.24811999999999998 316000
1694834485434 0.2736699999999999 320000
1694834524377 0.25993999999999995 324000
1694834560030 0.26405999999999996 328000
1694834602976 0.23913999999999994 332000
1694834643780 0.18921999999999994 336000
1694834688791 0.19823999999999994 340000
1694834723206 0.22551999999999997 344000
