1694832172431 208.21428571428572 4000
1694832209011 191.0 8000
1694832246131 193.22413793103448 12000
1694832282709 187.51898734177215 16000
1694832317082 193.57575757575756 20000
1694832348627 188.19 24000
1694832378478 194.99 28000
1694832408533 192.88 32000
1694832440237 191.44 36000
1694832471634 194.84 40000
1694832507388 206.1 44000
1694832536328 205.39 48000
1694832563977 205.58 52000
1694832596397 206.21 56000
1694832625628 194.72 60000
1694832654881 182.36 64000
1694832683336 188.44 68000
1694832712988 184.41 72000
1694832741893 177.38 76000
1694832770250 184.37 80000
1694832799680 189.94 84000
1694832829239 191.45 88000
1694832858152 193.95 92000
1694832887800 198.63 96000
1694832916331 198.08 100000
1694832946106 199.48 104000
1694832974253 192.22 108000
1694833003335 194.08 112000
1694833032156 193.27 116000
1694833061758 193.15 120000
1694833091858 189.22 124000
1694833121445 187.62 128000
1694833150365 179.34 132000
1694833180311 177.94 136000
1694833209206 179.62 140000
1694833239002 175.66 144000
1694833267712 181.11 148000
1694833296603 193.5 152000
1694833325646 183.52 156000
1694833355318 187.4 160000
1694833389110 185.79 164000
1694833420157 180.86 168000
1694833449201 181.61 172000
1694833480315 191.69 176000
1694833509417 191.12 180000
1694833538057 183.9 184000
1694833567878 182.69 188000
1694833603198 175.76 192000
1694833632674 170.83 196000
1694833662879 173.95 200000
1694833692371 181.46 204000
1694833718561 188.59 208000
1694833743233 182.58 212000
1694833767821 171.73 216000
1694833792773 163.71 220000
1694833816803 164.66 224000
1694833841562 170.51 228000
1694833865761 164.32 232000
1694833890415 158.68 236000
1694833914627 154.17 240000
1694833939717 153.03 244000
1694833964529 160.5 248000
1694833988681 166.22 252000
1694834013719 168.27 256000
1694834037929 169.47 260000
1694834061927 167.54 264000
1694834086491 162.45 268000
1694834110831 158.62 272000
1694834135480 156.78 276000
1694834159874 161.65 280000
1694834186443 168.52 284000
1694834219169 172.34 288000
1694834252742 177.44 292000
1694834285330 176.78 296000
1694834317828 173.8 300000
1694834347242 161.18 304000
1694834376649 159.25 308000
1694834411977 157.22 312000
1694834450031 155.89 316000
1694834485435 166.11 320000
1694834524379 158.55 324000
1694834560031 158.66 328000
1694834602978 161.01 332000
1694834643782 163.28 336000
1694834688793 173.45 340000
1694834723207 176.25 344000
