1694832172511 1.0 4000
1694832209155 2.0 8000
1694832246206 3.0 12000
1694832282768 4.0 16000
1694832317139 5.0 20000
1694832348678 6.0 24000
1694832378531 7.0 28000
1694832408592 8.0 32000
1694832440312 9.0 36000
1694832471694 10.0 40000
1694832507438 11.0 44000
1694832536377 12.0 48000
1694832564028 13.0 52000
1694832596447 14.0 56000
1694832625678 15.0 60000
1694832654933 16.0 64000
1694832683384 17.0 68000
1694832713038 18.0 72000
1694832741945 19.0 76000
1694832770302 20.0 80000
1694832799733 21.0 84000
1694832829292 22.0 88000
1694832858226 23.0 92000
1694832887850 24.0 96000
1694832916383 25.0 100000
1694832946159 26.0 104000
1694832974305 27.0 108000
1694833003389 28.0 112000
1694833032208 29.0 116000
1694833061830 30.0 120000
1694833091908 31.0 124000
1694833121498 32.0 128000
1694833150438 33.0 132000
1694833180362 34.0 136000
1694833209260 35.0 140000
1694833239058 36.0 144000
1694833267767 37.0 148000
1694833296654 38.0 152000
1694833325699 39.0 156000
1694833355371 40.0 160000
1694833389167 41.0 164000
1694833420207 42.0 168000
1694833449447 43.0 172000
1694833480369 44.0 176000
1694833509466 45.0 180000
1694833538108 46.0 184000
1694833567998 47.0 188000
1694833603255 48.0 192000
1694833632724 49.0 196000
1694833662931 50.0 200000
1694833692422 51.0 204000
1694833718610 52.0 208000
1694833743281 53.0 212000
1694833767873 54.0 216000
1694833792825 55.0 220000
1694833816835 56.0 224000
1694833841612 57.0 228000
1694833865809 58.0 232000
1694833890469 59.0 236000
1694833914678 60.0 240000
1694833939766 61.0 244000
1694833964580 62.0 248000
1694833988731 63.0 252000
1694834013773 64.0 256000
1694834037984 65.0 260000
1694834061980 66.0 264000
1694834086543 67.0 268000
1694834110882 68.0 272000
1694834135527 69.0 276000
1694834159924 70.0 280000
1694834186496 71.0 284000
1694834219222 72.0 288000
1694834252818 73.0 292000
1694834285381 74.0 296000
1694834317879 75.0 300000
1694834347293 76.0 304000
1694834376720 77.0 308000
1694834412041 78.0 312000
1694834450098 79.0 316000
1694834485490 80.0 320000
1694834524437 81.0 324000
1694834560091 82.0 328000
1694834603043 83.0 332000
1694834643840 84.0 336000
1694834688861 85.0 340000
1694834723261 86.0 344000
