1694832172473 4000.0 4000
1694832209108 4000.0 8000
1694832246170 4000.0 12000
1694832282734 4000.0 16000
1694832317121 4000.0 20000
1694832348664 4000.0 24000
1694832378517 4000.0 28000
1694832408573 4000.0 32000
1694832440275 4000.0 36000
1694832471674 4000.0 40000
1694832507424 4000.0 44000
1694832536347 4000.0 48000
1694832563997 4000.0 52000
1694832596433 4000.0 56000
1694832625648 4000.0 60000
1694832654900 4000.0 64000
1694832683371 4000.0 68000
1694832713025 4000.0 72000
1694832741931 4000.0 76000
1694832770286 4000.0 80000
1694832799702 4000.0 84000
1694832829276 4000.0 88000
1694832858192 4000.0 92000
1694832887836 4000.0 96000
1694832916353 4000.0 100000
1694832946145 4000.0 104000
1694832974291 4000.0 108000
1694833003358 4000.0 112000
1694833032193 4000.0 116000
1694833061800 4000.0 120000
1694833091894 4000.0 124000
1694833121482 4000.0 128000
1694833150405 4000.0 132000
1694833180348 4000.0 136000
1694833209246 4000.0 140000
1694833239044 4000.0 144000
1694833267753 4000.0 148000
1694833296639 4000.0 152000
1694833325667 4000.0 156000
1694833355356 4000.0 160000
1694833389151 4000.0 164000
1694833420193 4000.0 168000
1694833449369 4000.0 172000
1694833480353 4000.0 176000
1694833509453 4000.0 180000
1694833538094 4000.0 184000
1694833567926 4000.0 188000
1694833603223 4000.0 192000
1694833632710 4000.0 196000
1694833662917 4000.0 200000
1694833692408 4000.0 204000
1694833718581 4000.0 208000
1694833743268 4000.0 212000
1694833767859 4000.0 216000
1694833792813 4000.0 220000
1694833816822 4000.0 224000
1694833841583 4000.0 228000
1694833865780 4000.0 232000
1694833890436 4000.0 236000
1694833914665 4000.0 240000
1694833939737 4000.0 244000
1694833964567 4000.0 248000
1694833988719 4000.0 252000
1694834013738 4000.0 256000
1694834037970 4000.0 260000
1694834061963 4000.0 264000
1694834086530 4000.0 268000
1694834110870 4000.0 272000
1694834135514 4000.0 276000
1694834159894 4000.0 280000
1694834186481 4000.0 284000
1694834219192 4000.0 288000
1694834252784 4000.0 292000
1694834285367 4000.0 296000
1694834317848 4000.0 300000
1694834347279 4000.0 304000
1694834376686 4000.0 308000
1694834412023 4000.0 312000
1694834450078 4000.0 316000
1694834485475 4000.0 320000
1694834524404 4000.0 324000
1694834560058 4000.0 328000
1694834603008 4000.0 332000
1694834643807 4000.0 336000
1694834688840 4000.0 340000
1694834723246 4000.0 344000
