1694832172436 10.0 4000
1694832209019 10.0 8000
1694832246136 10.0 12000
1694832282714 10.0 16000
1694832317086 10.0 20000
1694832348631 10.0 24000
1694832378483 10.0 28000
1694832408538 10.0 32000
1694832440241 10.0 36000
1694832471638 10.0 40000
1694832507392 10.0 44000
1694832536331 10.0 48000
1694832563981 10.0 52000
1694832596416 10.0 56000
1694832625632 10.0 60000
1694832654885 10.0 64000
1694832683340 10.0 68000
1694832712992 10.0 72000
1694832741897 10.0 76000
1694832770254 10.0 80000
1694832799684 10.0 84000
1694832829243 10.0 88000
1694832858156 10.0 92000
1694832887804 10.0 96000
1694832916336 10.0 100000
1694832946127 10.0 104000
1694832974258 10.0 108000
1694833003340 10.0 112000
1694833032159 10.0 116000
1694833061762 10.0 120000
1694833091862 10.0 124000
1694833121449 10.0 128000
1694833150385 10.0 132000
1694833180315 10.0 136000
1694833209210 10.0 140000
1694833239006 10.0 144000
1694833267716 10.0 148000
1694833296607 10.0 152000
1694833325650 10.0 156000
1694833355339 10.0 160000
1694833389115 10.0 164000
1694833420161 10.0 168000
1694833449240 10.0 172000
1694833480319 10.0 176000
1694833509421 10.0 180000
1694833538061 10.0 184000
1694833567898 10.0 188000
1694833603203 10.0 192000
1694833632677 10.0 196000
1694833662900 10.0 200000
1694833692376 10.0 204000
1694833718565 10.0 208000
1694833743252 10.0 212000
1694833767826 10.0 216000
1694833792777 10.0 220000
1694833816806 10.0 224000
1694833841567 10.0 228000
1694833865764 10.0 232000
1694833890420 10.0 236000
1694833914631 10.0 240000
1694833939722 10.0 244000
1694833964533 10.0 248000
1694833988686 10.0 252000
1694834013722 10.0 256000
1694834037933 10.0 260000
1694834061931 10.0 264000
1694834086511 10.0 268000
1694834110836 10.0 272000
1694834135485 10.0 276000
1694834159878 10.0 280000
1694834186447 10.0 284000
1694834219173 10.0 288000
1694834252747 10.0 292000
1694834285335 10.0 296000
1694834317832 10.0 300000
1694834347246 10.0 304000
1694834376670 10.0 308000
1694834411982 10.0 312000
1694834450037 10.0 316000
1694834485440 10.0 320000
1694834524383 10.0 324000
1694834560036 10.0 328000
1694834602984 10.0 332000
1694834643787 10.0 336000
1694834688799 10.0 340000
1694834723212 10.0 344000
