1694832172454 0.0 4000
1694832209022 0.0 8000
1694832246137 0.0 12000
1694832282716 0.0 16000
1694832317087 0.0 20000
1694832348633 0.0 24000
1694832378485 0.0 28000
1694832408539 0.0 32000
1694832440243 0.0 36000
1694832471640 0.0 40000
1694832507394 0.0 44000
1694832536333 0.0 48000
1694832563982 0.0 52000
1694832596418 0.0 56000
1694832625633 0.0 60000
1694832654886 0.0 64000
1694832683342 0.0 68000
1694832712994 0.0 72000
1694832741898 0.0 76000
1694832770272 0.0 80000
1694832799686 0.0 84000
1694832829245 0.0 88000
1694832858174 0.0 92000
1694832887805 0.0 96000
1694832916338 0.0 100000
1694832946129 0.0 104000
1694832974259 0.0 108000
1694833003342 0.0 112000
1694833032161 0.0 116000
1694833061780 0.0 120000
1694833091864 0.0 124000
1694833121451 0.0 128000
1694833150387 0.0 132000
1694833180317 0.0 136000
1694833209212 0.0 140000
1694833239008 0.0 144000
1694833267717 0.0 148000
1694833296608 0.0 152000
1694833325652 0.0 156000
1694833355340 0.0 160000
1694833389116 0.0 164000
1694833420162 0.0 168000
1694833449259 0.0 172000
1694833480321 0.0 176000
1694833509422 0.0 180000
1694833538062 0.0 184000
1694833567901 0.0 188000
1694833603205 0.0 192000
1694833632679 0.0 196000
1694833662901 0.0 200000
1694833692377 0.0 204000
1694833718567 0.0 208000
1694833743254 0.0 212000
1694833767828 0.0 216000
1694833792779 0.0 220000
1694833816808 0.0 224000
1694833841569 0.0 228000
1694833865766 0.0 232000
1694833890421 0.0 236000
1694833914633 0.0 240000
1694833939724 0.0 244000
1694833964535 0.0 248000
1694833988688 0.0 252000
1694834013724 0.0 256000
1694834037934 0.0 260000
1694834061932 0.0 264000
1694834086513 0.0 268000
1694834110838 0.0 272000
1694834135486 0.0 276000
1694834159880 0.0 280000
1694834186464 0.0 284000
1694834219175 0.0 288000
1694834252749 0.0 292000
1694834285336 0.0 296000
1694834317833 0.0 300000
1694834347248 0.0 304000
1694834376671 0.0 308000
1694834411984 0.0 312000
1694834450040 0.0 316000
1694834485442 0.0 320000
1694834524385 0.0 324000
1694834560038 0.0 328000
1694834602986 0.0 332000
1694834643788 0.0 336000
1694834688801 0.0 340000
1694834723230 0.0 344000
