1694832172435 0.0 4000
1694832209016 0.0 8000
1694832246134 0.0 12000
1694832282712 0.0 16000
1694832317084 0.0 20000
1694832348630 0.0 24000
1694832378481 0.0 28000
1694832408536 0.0 32000
1694832440240 0.0 36000
1694832471637 0.0 40000
1694832507391 0.0 44000
1694832536330 0.0 48000
1694832563980 0.0 52000
1694832596399 0.0 56000
1694832625630 0.0 60000
1694832654883 0.0 64000
1694832683339 0.0 68000
1694832712991 0.0 72000
1694832741896 0.0 76000
1694832770252 0.0 80000
1694832799682 0.0 84000
1694832829242 0.0 88000
1694832858155 0.0 92000
1694832887802 0.0 96000
1694832916334 0.0 100000
1694832946109 0.0 104000
1694832974256 0.0 108000
1694833003338 0.0 112000
1694833032158 0.0 116000
1694833061761 0.0 120000
1694833091861 0.0 124000
1694833121448 0.0 128000
1694833150383 0.0 132000
1694833180313 0.0 136000
1694833209209 0.0 140000
1694833239005 0.0 144000
1694833267715 0.0 148000
1694833296605 0.0 152000
1694833325649 0.0 156000
1694833355321 0.0 160000
1694833389113 0.0 164000
1694833420159 0.0 168000
1694833449220 0.0 172000
1694833480317 0.0 176000
1694833509419 0.0 180000
1694833538059 0.0 184000
1694833567895 0.0 188000
1694833603201 0.0 192000
1694833632676 0.0 196000
1694833662898 0.0 200000
1694833692374 0.0 204000
1694833718564 0.0 208000
1694833743250 0.0 212000
1694833767824 0.0 216000
1694833792775 0.0 220000
1694833816805 0.0 224000
1694833841566 0.0 228000
1694833865763 0.0 232000
1694833890419 0.0 236000
1694833914629 0.0 240000
1694833939721 0.0 244000
1694833964531 0.0 248000
1694833988684 0.0 252000
1694834013721 0.0 256000
1694834037931 0.0 260000
1694834061929 0.0 264000
1694834086493 0.0 268000
1694834110834 0.0 272000
1694834135483 0.0 276000
1694834159876 0.0 280000
1694834186445 0.0 284000
1694834219172 0.0 288000
1694834252746 0.0 292000
1694834285333 0.0 296000
1694834317830 0.0 300000
1694834347245 0.0 304000
1694834376652 0.0 308000
1694834411981 0.0 312000
1694834450035 0.0 316000
1694834485439 0.0 320000
1694834524382 0.0 324000
1694834560034 0.0 328000
1694834602982 0.0 332000
1694834643785 0.0 336000
1694834688797 0.0 340000
1694834723211 0.0 344000
