1694832172455 0.0 4000
1694832209025 0.0 8000
1694832246139 0.0 12000
1694832282717 0.0 16000
1694832317088 0.0 20000
1694832348634 0.0 24000
1694832378487 0.0 28000
1694832408541 0.0 32000
1694832440244 0.0 36000
1694832471642 0.0 40000
1694832507395 0.0 44000
1694832536334 0.0 48000
1694832563984 0.0 52000
1694832596419 0.0 56000
1694832625634 0.0 60000
1694832654887 0.0 64000
1694832683343 0.0 68000
1694832712995 0.0 72000
1694832741900 0.0 76000
1694832770273 0.0 80000
1694832799687 0.0 84000
1694832829246 0.0 88000
1694832858176 0.0 92000
1694832887806 0.0 96000
1694832916339 0.0 100000
1694832946130 0.0 104000
1694832974261 0.0 108000
1694833003344 0.0 112000
1694833032163 0.0 116000
1694833061783 0.0 120000
1694833091865 0.0 124000
1694833121452 0.0 128000
1694833150389 0.0 132000
1694833180318 0.0 136000
1694833209213 0.0 140000
1694833239009 0.0 144000
1694833267719 0.0 148000
1694833296610 0.0 152000
1694833325653 0.0 156000
1694833355342 0.0 160000
1694833389118 0.0 164000
1694833420164 0.0 168000
1694833449261 0.0 172000
1694833480322 0.0 176000
1694833509424 0.0 180000
1694833538064 0.0 184000
1694833567903 0.0 188000
1694833603206 0.0 192000
1694833632680 0.0 196000
1694833662903 0.0 200000
1694833692379 0.0 204000
1694833718568 0.0 208000
1694833743255 0.0 212000
1694833767829 0.0 216000
1694833792780 0.0 220000
1694833816809 0.0 224000
1694833841570 0.0 228000
1694833865767 0.0 232000
1694833890422 0.0 236000
1694833914635 0.0 240000
1694833939725 0.0 244000
1694833964536 0.0 248000
1694833988689 0.0 252000
1694834013725 0.0 256000
1694834037936 0.0 260000
1694834061934 0.0 264000
1694834086515 0.0 268000
1694834110839 0.0 272000
1694834135487 0.0 276000
1694834159881 0.0 280000
1694834186465 0.0 284000
1694834219177 0.0 288000
1694834252766 0.0 292000
1694834285337 0.0 296000
1694834317835 0.0 300000
1694834347249 0.0 304000
1694834376672 0.0 308000
1694834411986 0.0 312000
1694834450042 0.0 316000
1694834485443 0.0 320000
1694834524387 0.0 324000
1694834560039 0.0 328000
1694834602988 0.0 332000
1694834643790 0.0 336000
1694834688804 0.0 340000
1694834723232 0.0 344000
