1694832172465 4000.0 4000
1694832209064 4000.0 8000
1694832246163 4000.0 12000
1694832282726 4000.0 16000
1694832317115 4000.0 20000
1694832348641 4000.0 24000
1694832378510 4000.0 28000
1694832408566 4000.0 32000
1694832440268 4000.0 36000
1694832471666 4000.0 40000
1694832507418 4000.0 44000
1694832536341 4000.0 48000
1694832563990 4000.0 52000
1694832596426 4000.0 56000
1694832625641 4000.0 60000
1694832654894 4000.0 64000
1694832683350 4000.0 68000
1694832713002 4000.0 72000
1694832741923 4000.0 76000
1694832770280 4000.0 80000
1694832799694 4000.0 84000
1694832829253 4000.0 88000
1694832858186 4000.0 92000
1694832887829 4000.0 96000
1694832916346 4000.0 100000
1694832946138 4000.0 104000
1694832974285 4000.0 108000
1694833003351 4000.0 112000
1694833032187 4000.0 116000
1694833061793 4000.0 120000
1694833091888 4000.0 124000
1694833121459 4000.0 128000
1694833150397 4000.0 132000
1694833180340 4000.0 136000
1694833209236 4000.0 140000
1694833239037 4000.0 144000
1694833267745 4000.0 148000
1694833296617 4000.0 152000
1694833325660 4000.0 156000
1694833355349 4000.0 160000
1694833389144 4000.0 164000
1694833420171 4000.0 168000
1694833449343 4000.0 172000
1694833480346 4000.0 176000
1694833509447 4000.0 180000
1694833538072 4000.0 184000
1694833567915 4000.0 188000
1694833603215 4000.0 192000
1694833632703 4000.0 196000
1694833662910 4000.0 200000
1694833692402 4000.0 204000
1694833718575 4000.0 208000
1694833743261 4000.0 212000
1694833767853 4000.0 216000
1694833792806 4000.0 220000
1694833816815 4000.0 224000
1694833841577 4000.0 228000
1694833865774 4000.0 232000
1694833890429 4000.0 236000
1694833914659 4000.0 240000
1694833939731 4000.0 244000
1694833964561 4000.0 248000
1694833988712 4000.0 252000
1694834013732 4000.0 256000
1694834037960 4000.0 260000
1694834061941 4000.0 264000
1694834086524 4000.0 268000
1694834110863 4000.0 272000
1694834135493 4000.0 276000
1694834159888 4000.0 280000
1694834186473 4000.0 284000
1694834219184 4000.0 288000
1694834252775 4000.0 292000
1694834285344 4000.0 296000
1694834317841 4000.0 300000
1694834347272 4000.0 304000
1694834376679 4000.0 308000
1694834411996 4000.0 312000
1694834450052 4000.0 316000
1694834485451 4000.0 320000
1694834524396 4000.0 324000
1694834560050 4000.0 328000
1694834602998 4000.0 332000
1694834643799 4000.0 336000
1694834688829 4000.0 340000
1694834723239 4000.0 344000
