1694832172470 145.0177108713573 4000
1694832209083 113.72246363297062 8000
1694832246167 112.43708509996524 12000
1694832282731 112.41242001279544 16000
1694832317119 119.78720491490634 20000
1694832348662 130.4764940682488 24000
1694832378514 137.8308229885281 28000
1694832408570 137.10385406826526 32000
1694832440272 129.92015732023444 36000
1694832471671 131.49518437712166 40000
1694832507422 115.00869827342682 44000
1694832536345 141.94019434481743 48000
1694832563994 148.85400263188802 52000
1694832596430 126.47365885446388 56000
1694832625645 140.61247161166125 60000
1694832654897 140.51481160064026 64000
1694832683354 144.43379118694725 68000
1694832713022 138.62892593084175 72000
1694832741927 141.99596838882218 76000
1694832770284 144.926170883991 80000
1694832799699 139.94187461409504 84000
1694832829257 139.236578416472 88000
1694832858189 142.11747207673707 92000
1694832887833 138.69112823610774 96000
1694832916350 144.28471123859885 100000
1694832946142 138.00439981349697 104000
1694832974289 146.31994550831763 108000
1694833003355 141.29270473225765 112000
1694833032191 142.69435001778533 116000
1694833061797 138.92513392187303 120000
1694833091891 136.88640847488034 124000
1694833121463 138.97628949399828 128000
1694833150402 142.19052838004876 132000
1694833180345 137.45938765232566 136000
1694833209243 142.70607363162634 140000
1694833239041 138.70745300596272 144000
1694833267750 143.56214678856972 148000
1694833296621 142.54017804319383 152000
1694833325664 141.7382255824243 156000
1694833355353 138.6745356502414 160000
1694833389148 121.69852039876183 164000
1694833420175 132.852174508385 168000
1694833449365 141.5858487740825 172000
1694833480350 133.64963791826173 176000
1694833509450 141.4509335143981 180000
1694833538076 143.65465143739755 184000
1694833567922 138.07174789504813 188000
1694833603219 117.2335936521017 192000
1694833632707 139.9280693744711 196000
1694833662914 136.45033271021518 200000
1694833692406 139.72276585220234 204000
1694833718579 157.72552214753418 208000
1694833743265 167.20594215777402 212000
1694833767857 168.00023880420298 216000
1694833792810 165.47253359469838 220000
1694833816819 172.1676535675522 224000
1694833841580 166.865230784165 228000
1694833865777 170.81241776952032 232000
1694833890433 167.54639123780706 236000
1694833914663 172.66627150610125 240000
1694833939735 164.6516183155525 244000
1694833964564 166.5258489068697 248000
1694833988716 170.9028715978242 252000
1694834013736 165.9098288080231 256000
1694834037966 170.58856180238683 260000
1694834061944 172.48441525138207 264000
1694834086528 168.53549433163673 268000
1694834110867 169.95389382535376 272000
1694834135497 167.5961689389589 276000
1694834159892 169.39858460858642 280000
1694834186478 155.28085267813955 284000
1694834219189 125.67485788219534 288000
1694834252781 122.52727699446307 292000
1694834285348 128.08428593315358 296000
1694834317846 126.38458721194881 300000
1694834347276 139.8301348688752 304000
1694834376683 140.20330077625684 308000
1694834412001 116.44885497760008 312000
1694834450074 109.16774096200899 316000
1694834485455 117.78565730925715 320000
1694834524401 105.52767501396791 324000
1694834560054 115.8818471548268 328000
1694834603004 95.99770647569406 332000
1694834643804 100.93370749575188 336000
1694834688835 91.16185189095214 340000
1694834723243 120.45094438010713 344000
