1694832172461 4000.0 4000
1694832209058 8000.0 8000
1694832246160 12000.0 12000
1694832282723 16000.0 16000
1694832317111 20000.0 20000
1694832348638 24000.0 24000
1694832378491 28000.0 28000
1694832408562 32000.0 32000
1694832440265 36000.0 36000
1694832471663 40000.0 40000
1694832507415 44000.0 44000
1694832536338 48000.0 48000
1694832563988 52000.0 52000
1694832596423 56000.0 56000
1694832625638 60000.0 60000
1694832654891 64000.0 64000
1694832683347 68000.0 68000
1694832712999 72000.0 72000
1694832741920 76000.0 76000
1694832770277 80000.0 80000
1694832799692 84000.0 84000
1694832829251 88000.0 88000
1694832858182 92000.0 92000
1694832887827 96000.0 96000
1694832916343 100000.0 100000
1694832946135 104000.0 104000
1694832974281 108000.0 108000
1694833003348 112000.0 112000
1694833032183 116000.0 116000
1694833061789 120000.0 120000
1694833091885 124000.0 124000
1694833121457 128000.0 128000
1694833150394 132000.0 132000
1694833180337 136000.0 136000
1694833209218 140000.0 140000
1694833239033 144000.0 144000
1694833267742 148000.0 148000
1694833296614 152000.0 152000
1694833325657 156000.0 156000
1694833355346 160000.0 160000
1694833389140 164000.0 164000
1694833420168 168000.0 168000
1694833449321 172000.0 172000
1694833480343 176000.0 176000
1694833509444 180000.0 180000
1694833538069 184000.0 184000
1694833567910 188000.0 188000
1694833603211 192000.0 192000
1694833632701 196000.0 196000
1694833662907 200000.0 200000
1694833692399 204000.0 204000
1694833718572 208000.0 208000
1694833743259 212000.0 212000
1694833767833 216000.0 216000
1694833792802 220000.0 220000
1694833816813 224000.0 224000
1694833841574 228000.0 228000
1694833865771 232000.0 232000
1694833890427 236000.0 236000
1694833914656 240000.0 240000
1694833939729 244000.0 244000
1694833964557 248000.0 248000
1694833988709 252000.0 252000
1694834013729 256000.0 256000
1694834037940 260000.0 260000
1694834061938 264000.0 264000
1694834086521 268000.0 268000
1694834110845 272000.0 272000
1694834135491 276000.0 276000
1694834159886 280000.0 280000
1694834186470 284000.0 284000
1694834219181 288000.0 288000
1694834252772 292000.0 292000
1694834285341 296000.0 296000
1694834317839 300000.0 300000
1694834347269 304000.0 304000
1694834376677 308000.0 308000
1694834411992 312000.0 312000
1694834450048 316000.0 316000
1694834485448 320000.0 320000
1694834524393 324000.0 324000
1694834560046 328000.0 328000
1694834602994 332000.0 332000
1694834643796 336000.0 336000
1694834688810 340000.0 340000
1694834723236 344000.0 344000
