1694832172463 4000.0 4000
1694832209061 8000.0 8000
1694832246161 12000.0 12000
1694832282724 16000.0 16000
1694832317113 20000.0 20000
1694832348640 24000.0 24000
1694832378493 28000.0 28000
1694832408564 32000.0 32000
1694832440266 36000.0 36000
1694832471664 40000.0 40000
1694832507416 44000.0 44000
1694832536339 48000.0 48000
1694832563989 52000.0 52000
1694832596425 56000.0 56000
1694832625640 60000.0 60000
1694832654892 64000.0 64000
1694832683348 68000.0 68000
1694832713001 72000.0 72000
1694832741922 76000.0 76000
1694832770278 80000.0 80000
1694832799693 84000.0 84000
1694832829252 88000.0 88000
1694832858184 92000.0 92000
1694832887828 96000.0 96000
1694832916345 100000.0 100000
1694832946137 104000.0 104000
1694832974283 108000.0 108000
1694833003349 112000.0 112000
1694833032185 116000.0 116000
1694833061791 120000.0 120000
1694833091886 124000.0 124000
1694833121458 128000.0 128000
1694833150395 132000.0 132000
1694833180339 136000.0 136000
1694833209235 140000.0 140000
1694833239035 144000.0 144000
1694833267744 148000.0 148000
1694833296616 152000.0 152000
1694833325658 156000.0 156000
1694833355348 160000.0 160000
1694833389142 164000.0 164000
1694833420170 168000.0 168000
1694833449341 172000.0 172000
1694833480345 176000.0 176000
1694833509445 180000.0 180000
1694833538071 184000.0 184000
1694833567912 188000.0 188000
1694833603213 192000.0 192000
1694833632702 196000.0 196000
1694833662909 200000.0 200000
1694833692401 204000.0 204000
1694833718574 208000.0 208000
1694833743260 212000.0 212000
1694833767851 216000.0 216000
1694833792804 220000.0 220000
1694833816814 224000.0 224000
1694833841575 228000.0 228000
1694833865772 232000.0 232000
1694833890428 236000.0 236000
1694833914657 240000.0 240000
1694833939730 244000.0 244000
1694833964559 248000.0 248000
1694833988711 252000.0 252000
1694834013731 256000.0 256000
1694834037941 260000.0 260000
1694834061939 264000.0 264000
1694834086522 268000.0 268000
1694834110861 272000.0 272000
1694834135492 276000.0 276000
1694834159887 280000.0 280000
1694834186471 284000.0 284000
1694834219183 288000.0 288000
1694834252773 292000.0 292000
1694834285342 296000.0 296000
1694834317840 300000.0 300000
1694834347270 304000.0 304000
1694834376678 308000.0 308000
1694834411994 312000.0 312000
1694834450050 316000.0 316000
1694834485449 320000.0 320000
1694834524394 324000.0 324000
1694834560048 328000.0 328000
1694834602996 332000.0 332000
1694834643798 336000.0 336000
1694834688812 340000.0 340000
1694834723238 344000.0 344000
