1694832172507 29279.0 4000
1694832209133 29279.0 8000
1694832246185 29279.0 12000
1694832282765 29279.0 16000
1694832317134 29279.0 20000
1694832348675 29279.0 24000
1694832378528 29279.0 28000
1694832408588 29279.0 32000
1694832440290 29279.0 36000
1694832471689 29279.0 40000
1694832507435 29279.0 44000
1694832536374 29279.0 48000
1694832564025 29279.0 52000
1694832596444 29279.0 56000
1694832625676 29279.0 60000
1694832654931 29279.0 64000
1694832683382 29279.0 68000
1694832713036 29279.0 72000
1694832741942 29279.0 76000
1694832770299 29279.0 80000
1694832799730 29279.0 84000
1694832829289 29279.0 88000
1694832858207 29279.0 92000
1694832887847 29279.0 96000
1694832916380 29279.0 100000
1694832946156 29279.0 104000
1694832974302 29279.0 108000
1694833003386 29279.0 112000
1694833032204 29279.0 116000
1694833061812 29279.0 120000
1694833091905 29279.0 124000
1694833121495 29279.0 128000
1694833150435 29279.0 132000
1694833180359 29279.0 136000
1694833209257 29279.0 140000
1694833239055 29279.0 144000
1694833267764 29279.0 148000
1694833296651 29279.0 152000
1694833325696 29279.0 156000
1694833355368 29279.0 160000
1694833389164 29279.0 164000
1694833420204 29279.0 168000
1694833449443 29279.0 172000
1694833480366 29279.0 176000
1694833509464 29279.0 180000
1694833538105 29279.0 184000
1694833567960 29279.0 188000
1694833603252 29279.0 192000
1694833632721 29279.0 196000
1694833662929 29279.0 200000
1694833692419 29279.0 204000
1694833718608 29279.0 208000
1694833743278 29279.0 212000
1694833767870 29279.0 216000
1694833792822 29279.0 220000
1694833816832 29279.0 224000
1694833841609 29279.0 228000
1694833865806 29279.0 232000
1694833890466 29279.0 236000
1694833914675 29279.0 240000
1694833939764 29279.0 244000
1694833964577 29279.0 248000
1694833988728 29279.0 252000
1694834013770 29279.0 256000
1694834037982 29279.0 260000
1694834061977 29279.0 264000
1694834086541 29279.0 268000
1694834110880 29279.0 272000
1694834135524 29279.0 276000
1694834159922 29279.0 280000
1694834186493 29279.0 284000
1694834219219 29279.0 288000
1694834252799 29279.0 292000
1694834285378 29279.0 296000
1694834317876 29279.0 300000
1694834347290 29279.0 304000
1694834376699 29279.0 308000
1694834412037 29279.0 312000
1694834450094 29279.0 316000
1694834485487 29279.0 320000
1694834524433 29279.0 324000
1694834560088 29279.0 328000
1694834603039 29279.0 332000
1694834643837 29279.0 336000
1694834688857 29279.0 340000
1694834723258 29279.0 344000
