1694832172503 27.591145038604736 4000
1694832209127 35.18562912940979 8000
1694832246181 35.58943319320679 12000
1694832282761 35.599637031555176 16000
1694832317130 33.40671515464783 20000
1694832348672 30.670076847076416 24000
1694832378525 29.035766124725342 28000
1694832408583 29.18992781639099 32000
1694832440285 30.80518388748169 36000
1694832471684 30.435800075531006 40000
1694832507433 34.79406404495239 44000
1694832536372 28.193739891052246 48000
1694832564022 26.886991024017334 52000
1694832596441 31.641120672225952 56000
1694832625673 28.460090160369873 60000
1694832654928 28.48067307472229 64000
1694832683379 27.709160804748535 68000
1694832713033 28.867995262145996 72000
1694832741939 28.182855129241943 76000
1694832770296 27.61395502090454 80000
1694832799727 28.59784507751465 84000
1694832829286 28.742451906204224 88000
1694832858203 28.16045093536377 92000
1694832887844 28.856142044067383 96000
1694832916377 27.737308025360107 100000
1694832946153 28.998270273208618 104000
1694832974299 27.351549863815308 108000
1694833003383 28.3252170085907 112000
1694833032202 28.045533895492554 116000
1694833061809 28.80593991279602 120000
1694833091902 29.234843969345093 124000
1694833121492 28.79614496231079 128000
1694833150416 28.146712064743042 132000
1694833180356 29.114805698394775 136000
1694833209254 28.043726682662964 140000
1694833239052 28.851928234100342 144000
1694833267762 27.87523579597473 148000
1694833296648 28.07623600959778 152000
1694833325692 28.233970165252686 156000
1694833355365 28.85904288291931 160000
1694833389160 32.884835958480835 164000
1694833420202 30.123489141464233 168000
1694833449432 28.26640510559082 172000
1694833480362 29.94559407234192 176000
1694833509461 28.29191493988037 180000
1694833538103 27.85843300819397 184000
1694833567955 28.990546941757202 188000
1694833603248 34.13858389854431 192000
1694833632718 28.599092960357666 196000
1694833662926 29.32767605781555 200000
1694833692416 28.641778230667114 204000
1694833718605 25.374844074249268 208000
1694833743275 23.937502145767212 212000
1694833767867 23.823146104812622 216000
1694833792820 24.188159942626953 220000
1694833816829 23.247864961624146 224000
1694833841607 23.985692262649536 228000
1694833865787 23.431485891342163 232000
1694833890463 23.889368772506714 236000
1694833914673 23.1798357963562 240000
1694833939761 24.307548761367798 244000
1694833964575 24.034058094024658 248000
1694833988726 23.4188711643219 252000
1694834013766 24.12317395210266 256000
1694834037979 23.46270728111267 260000
1694834061974 23.20459485054016 264000
1694834086538 23.747598886489868 268000
1694834110877 23.548896312713623 272000
1694834135522 23.880404949188232 276000
1694834159919 23.62780499458313 280000
1694834186490 25.773083925247192 284000
1694834219216 31.84492301940918 288000
1694834252796 32.664226055145264 292000
1694834285375 31.24383282661438 296000
1694834317874 31.664145946502686 300000
1694834347287 28.621372938156128 304000
1694834376696 28.545670747756958 308000
1694834412034 34.36999702453613 312000
1694834450090 36.659850120544434 316000
1694834485484 33.97557973861694 320000
1694834524430 37.92375206947327 324000
1694834560084 34.5396831035614 328000
1694834603036 41.68676495552063 332000
1694834643833 39.64745497703552 336000
1694834688852 43.901986837387085 340000
1694834723255 33.22343111038208 344000
