1694832172486 1694832172.0 4000
1694832209124 1694832208.0 8000
1694832246178 1694832245.0 12000
1694832282759 1694832282.0 16000
1694832317128 1694832316.0 20000
1694832348671 1694832348.0 24000
1694832378524 1694832378.0 28000
1694832408581 1694832408.0 32000
1694832440283 1694832439.0 36000
1694832471682 1694832471.0 40000
1694832507431 1694832507.0 44000
1694832536370 1694832536.0 48000
1694832564021 1694832563.0 52000
1694832596440 1694832596.0 56000
1694832625672 1694832625.0 60000
1694832654926 1694832654.0 64000
1694832683377 1694832683.0 68000
1694832713032 1694832712.0 72000
1694832741937 1694832741.0 76000
1694832770294 1694832769.0 80000
1694832799725 1694832799.0 84000
1694832829285 1694832828.0 88000
1694832858201 1694832857.0 92000
1694832887843 1694832887.0 96000
1694832916376 1694832916.0 100000
1694832946152 1694832945.0 104000
1694832974298 1694832973.0 108000
1694833003381 1694833003.0 112000
1694833032200 1694833031.0 116000
1694833061807 1694833061.0 120000
1694833091901 1694833091.0 124000
1694833121491 1694833121.0 128000
1694833150415 1694833150.0 132000
1694833180355 1694833179.0 136000
1694833209253 1694833208.0 140000
1694833239051 1694833238.0 144000
1694833267760 1694833267.0 148000
1694833296647 1694833296.0 152000
1694833325690 1694833325.0 156000
1694833355363 1694833355.0 160000
1694833389159 1694833388.0 164000
1694833420200 1694833419.0 168000
1694833449414 1694833448.0 172000
1694833480361 1694833479.0 176000
1694833509460 1694833509.0 180000
1694833538102 1694833537.0 184000
1694833567954 1694833567.0 188000
1694833603246 1694833602.0 192000
1694833632717 1694833632.0 196000
1694833662924 1694833662.0 200000
1694833692415 1694833692.0 204000
1694833718604 1694833718.0 208000
1694833743274 1694833742.0 212000
1694833767866 1694833767.0 216000
1694833792819 1694833792.0 220000
1694833816828 1694833816.0 224000
1694833841605 1694833841.0 228000
1694833865786 1694833865.0 232000
1694833890462 1694833890.0 236000
1694833914672 1694833914.0 240000
1694833939760 1694833939.0 244000
1694833964573 1694833964.0 248000
1694833988725 1694833988.0 252000
1694834013764 1694834013.0 256000
1694834037977 1694834037.0 260000
1694834061973 1694834061.0 264000
1694834086537 1694834086.0 268000
1694834110876 1694834110.0 272000
1694834135521 1694834135.0 276000
1694834159918 1694834159.0 280000
1694834186488 1694834186.0 284000
1694834219215 1694834218.0 288000
1694834252794 1694834252.0 292000
1694834285374 1694834284.0 296000
1694834317872 1694834317.0 300000
1694834347286 1694834346.0 304000
1694834376694 1694834376.0 308000
1694834412032 1694834411.0 312000
1694834450088 1694834449.0 316000
1694834485482 1694834485.0 320000
1694834524429 1694834523.0 324000
1694834560082 1694834559.0 328000
1694834603034 1694834602.0 332000
1694834643831 1694834643.0 336000
1694834688850 1694834688.0 340000
1694834723253 1694834722.0 344000
