1694832172510 27.591145038604736 4000
1694832209136 62.776774168014526 8000
1694832246188 98.36620736122131 12000
1694832282766 133.9658443927765 16000
1694832317137 167.37255954742432 20000
1694832348677 198.04263639450073 24000
1694832378529 227.07840251922607 28000
1694832408590 256.26833033561707 32000
1694832440293 287.07351422309875 36000
1694832471692 317.50931429862976 40000
1694832507437 352.30337834358215 44000
1694832536376 380.4971182346344 48000
1694832564027 407.38410925865173 52000
1694832596446 439.0252299308777 56000
1694832625677 467.48532009124756 60000
1694832654932 495.96599316596985 64000
1694832683383 523.6751539707184 68000
1694832713037 552.5431492328644 72000
1694832741943 580.7260043621063 76000
1694832770300 608.3399593830109 80000
1694832799731 636.9378044605255 84000
1694832829290 665.6802563667297 88000
1694832858224 693.8407073020935 92000
1694832887849 722.6968493461609 96000
1694832916382 750.434157371521 100000
1694832946157 779.4324276447296 104000
1694832974304 806.7839775085449 108000
1694833003388 835.1091945171356 112000
1694833032206 863.1547284126282 116000
1694833061813 891.9606683254242 120000
1694833091906 921.1955122947693 124000
1694833121497 949.9916572570801 128000
1694833150436 978.1383693218231 132000
1694833180360 1007.2531750202179 136000
1694833209258 1035.2969017028809 140000
1694833239056 1064.1488299369812 144000
1694833267766 1092.024065732956 148000
1694833296652 1120.1003017425537 152000
1694833325697 1148.3342719078064 156000
1694833355369 1177.1933147907257 160000
1694833389165 1210.0781507492065 164000
1694833420206 1240.2016398906708 168000
1694833449445 1268.4680449962616 172000
1694833480367 1298.4136390686035 176000
1694833509465 1326.705554008484 180000
1694833538107 1354.5639870166779 184000
1694833567996 1383.554533958435 188000
1694833603253 1417.6931178569794 192000
1694833632723 1446.292210817337 196000
1694833662930 1475.6198868751526 200000
1694833692420 1504.2616651058197 204000
1694833718609 1529.636509180069 208000
1694833743279 1553.5740113258362 212000
1694833767871 1577.3971574306488 216000
1694833792823 1601.5853173732758 220000
1694833816833 1624.8331823349 224000
1694833841611 1648.8188745975494 228000
1694833865808 1672.2503604888916 232000
1694833890468 1696.1397292613983 236000
1694833914677 1719.3195650577545 240000
1694833939765 1743.6271138191223 244000
1694833964578 1767.661171913147 248000
1694833988730 1791.0800430774689 252000
1694834013771 1815.2032170295715 256000
1694834037983 1838.6659243106842 260000
1694834061979 1861.8705191612244 264000
1694834086542 1885.6181180477142 268000
1694834110881 1909.1670143604279 272000
1694834135526 1933.047419309616 276000
1694834159923 1956.6752243041992 280000
1694834186495 1982.4483082294464 284000
1694834219221 2014.2932312488556 288000
1694834252816 2046.9574573040009 292000
1694834285379 2078.2012901306152 296000
1694834317878 2109.865436077118 300000
1694834347291 2138.486809015274 304000
1694834376701 2167.032479763031 308000
1694834412039 2201.402476787567 312000
1694834450096 2238.0623269081116 316000
1694834485489 2272.0379066467285 320000
1694834524435 2309.961658716202 324000
1694834560089 2344.501341819763 328000
1694834603041 2386.188106775284 332000
1694834643838 2425.8355617523193 336000
1694834688859 2469.7375485897064 340000
1694834723259 2502.9609797000885 344000
