1694832172505 27.591145038604736 4000
1694832209130 62.776774168014526 8000
1694832246183 98.36620736122131 12000
1694832282763 133.9658443927765 16000
1694832317132 167.37255954742432 20000
1694832348674 198.04263639450073 24000
1694832378526 227.07840251922607 28000
1694832408585 256.26833033561707 32000
1694832440288 287.07351422309875 36000
1694832471686 317.50931429862976 40000
1694832507434 352.30337834358215 44000
1694832536373 380.4971182346344 48000
1694832564024 407.38410925865173 52000
1694832596443 439.0252299308777 56000
1694832625674 467.48532009124756 60000
1694832654929 495.96599316596985 64000
1694832683380 523.6751539707184 68000
1694832713034 552.5431492328644 72000
1694832741940 580.7260043621063 76000
1694832770297 608.3399593830109 80000
1694832799728 636.9378044605255 84000
1694832829287 665.6802563667297 88000
1694832858205 693.8407073020935 92000
1694832887846 722.6968493461609 96000
1694832916379 750.434157371521 100000
1694832946155 779.4324276447296 104000
1694832974301 806.7839775085449 108000
1694833003385 835.1091945171356 112000
1694833032203 863.1547284126282 116000
1694833061810 891.9606683254242 120000
1694833091903 921.1955122947693 124000
1694833121494 949.9916572570801 128000
1694833150433 978.1383693218231 132000
1694833180358 1007.2531750202179 136000
1694833209256 1035.2969017028809 140000
1694833239054 1064.1488299369812 144000
1694833267763 1092.024065732956 148000
1694833296649 1120.1003017425537 152000
1694833325694 1148.3342719078064 156000
1694833355366 1177.1933147907257 160000
1694833389162 1210.0781507492065 164000
1694833420203 1240.2016398906708 168000
1694833449442 1268.4680449962616 172000
1694833480364 1298.4136390686035 176000
1694833509462 1326.705554008484 180000
1694833538104 1354.5639870166779 184000
1694833567957 1383.554533958435 188000
1694833603250 1417.6931178569794 192000
1694833632720 1446.292210817337 196000
1694833662927 1475.6198868751526 200000
1694833692417 1504.2616651058197 204000
1694833718606 1529.636509180069 208000
1694833743277 1553.5740113258362 212000
1694833767869 1577.3971574306488 216000
1694833792821 1601.5853173732758 220000
1694833816831 1624.8331823349 224000
1694833841608 1648.8188745975494 228000
1694833865804 1672.2503604888916 232000
1694833890465 1696.1397292613983 236000
1694833914674 1719.3195650577545 240000
1694833939763 1743.6271138191223 244000
1694833964576 1767.661171913147 248000
1694833988727 1791.0800430774689 252000
1694834013768 1815.2032170295715 256000
1694834037980 1838.6659243106842 260000
1694834061976 1861.8705191612244 264000
1694834086539 1885.6181180477142 268000
1694834110879 1909.1670143604279 272000
1694834135523 1933.047419309616 276000
1694834159920 1956.6752243041992 280000
1694834186492 1982.4483082294464 284000
1694834219218 2014.2932312488556 288000
1694834252797 2046.9574573040009 292000
1694834285377 2078.2012901306152 296000
1694834317875 2109.865436077118 300000
1694834347288 2138.486809015274 304000
1694834376697 2167.032479763031 308000
1694834412035 2201.402476787567 312000
1694834450092 2238.0623269081116 316000
1694834485485 2272.0379066467285 320000
1694834524432 2309.961658716202 324000
1694834560085 2344.501341819763 328000
1694834603037 2386.188106775284 332000
1694834643835 2425.8355617523193 336000
1694834688855 2469.7375485897064 340000
1694834723256 2502.9609797000885 344000
