1694832172472 4000.0 4000
1694832209105 8000.0 8000
1694832246169 12000.0 12000
1694832282733 16000.0 16000
1694832317120 20000.0 20000
1694832348663 24000.0 24000
1694832378515 28000.0 28000
1694832408572 32000.0 32000
1694832440274 36000.0 36000
1694832471673 40000.0 40000
1694832507423 44000.0 44000
1694832536346 48000.0 48000
1694832563996 52000.0 52000
1694832596431 56000.0 56000
1694832625647 60000.0 60000
1694832654899 64000.0 64000
1694832683369 68000.0 68000
1694832713024 72000.0 72000
1694832741929 76000.0 76000
1694832770285 80000.0 80000
1694832799700 84000.0 84000
1694832829273 88000.0 88000
1694832858191 92000.0 92000
1694832887835 96000.0 96000
1694832916352 100000.0 100000
1694832946143 104000.0 104000
1694832974290 108000.0 108000
1694833003356 112000.0 112000
1694833032192 116000.0 116000
1694833061799 120000.0 120000
1694833091893 124000.0 124000
1694833121465 128000.0 128000
1694833150404 132000.0 132000
1694833180346 136000.0 136000
1694833209244 140000.0 140000
1694833239042 144000.0 144000
1694833267752 148000.0 148000
1694833296637 152000.0 152000
1694833325665 156000.0 156000
1694833355355 160000.0 160000
1694833389150 164000.0 164000
1694833420191 168000.0 168000
1694833449367 172000.0 172000
1694833480352 176000.0 176000
1694833509452 180000.0 180000
1694833538077 184000.0 184000
1694833567924 188000.0 188000
1694833603221 192000.0 192000
1694833632709 196000.0 196000
1694833662916 200000.0 200000
1694833692407 204000.0 204000
1694833718580 208000.0 208000
1694833743266 212000.0 212000
1694833767858 216000.0 216000
1694833792811 220000.0 220000
1694833816820 224000.0 224000
1694833841581 228000.0 228000
1694833865778 232000.0 232000
1694833890434 236000.0 236000
1694833914664 240000.0 240000
1694833939736 244000.0 244000
1694833964566 248000.0 248000
1694833988717 252000.0 252000
1694834013737 256000.0 256000
1694834037968 260000.0 260000
1694834061960 264000.0 264000
1694834086529 268000.0 268000
1694834110868 272000.0 272000
1694834135512 276000.0 276000
1694834159893 280000.0 280000
1694834186479 284000.0 284000
1694834219191 288000.0 288000
1694834252782 292000.0 292000
1694834285349 296000.0 296000
1694834317847 300000.0 300000
1694834347277 304000.0 304000
1694834376685 308000.0 308000
1694834412021 312000.0 312000
1694834450076 316000.0 316000
1694834485473 320000.0 320000
1694834524403 324000.0 324000
1694834560056 328000.0 328000
1694834603006 332000.0 332000
1694834643806 336000.0 336000
1694834688837 340000.0 340000
1694834723245 344000.0 344000
