1694832172484 1.0 4000
1694832209121 2.0 8000
1694832246177 3.0 12000
1694832282757 4.0 16000
1694832317127 5.0 20000
1694832348670 6.0 24000
1694832378522 7.0 28000
1694832408580 8.0 32000
1694832440281 9.0 36000
1694832471681 10.0 40000
1694832507430 11.0 44000
1694832536369 12.0 48000
1694832564020 13.0 52000
1694832596438 14.0 56000
1694832625670 15.0 60000
1694832654924 16.0 64000
1694832683376 17.0 68000
1694832713031 18.0 72000
1694832741936 19.0 76000
1694832770292 20.0 80000
1694832799724 21.0 84000
1694832829283 22.0 88000
1694832858199 23.0 92000
1694832887842 24.0 96000
1694832916359 25.0 100000
1694832946150 26.0 104000
1694832974297 27.0 108000
1694833003379 28.0 112000
1694833032199 29.0 116000
1694833061806 30.0 120000
1694833091899 31.0 124000
1694833121489 32.0 128000
1694833150413 33.0 132000
1694833180353 34.0 136000
1694833209252 35.0 140000
1694833239049 36.0 144000
1694833267759 37.0 148000
1694833296645 38.0 152000
1694833325688 39.0 156000
1694833355362 40.0 160000
1694833389157 41.0 164000
1694833420199 42.0 168000
1694833449412 43.0 172000
1694833480359 44.0 176000
1694833509458 45.0 180000
1694833538100 46.0 184000
1694833567952 47.0 188000
1694833603229 48.0 192000
1694833632715 49.0 196000
1694833662923 50.0 200000
1694833692414 51.0 204000
1694833718603 52.0 208000
1694833743273 53.0 212000
1694833767865 54.0 216000
1694833792817 55.0 220000
1694833816827 56.0 224000
1694833841603 57.0 228000
1694833865785 58.0 232000
1694833890460 59.0 236000
1694833914670 60.0 240000
1694833939759 61.0 244000
1694833964572 62.0 248000
1694833988723 63.0 252000
1694834013762 64.0 256000
1694834037976 65.0 260000
1694834061971 66.0 264000
1694834086536 67.0 268000
1694834110875 68.0 272000
1694834135519 69.0 276000
1694834159917 70.0 280000
1694834186487 71.0 284000
1694834219198 72.0 288000
1694834252792 73.0 292000
1694834285372 74.0 296000
1694834317871 75.0 300000
1694834347284 76.0 304000
1694834376692 77.0 308000
1694834412030 78.0 312000
1694834450086 79.0 316000
1694834485481 80.0 320000
1694834524427 81.0 324000
1694834560081 82.0 328000
1694834603032 83.0 332000
1694834643829 84.0 336000
1694834688848 85.0 340000
1694834723252 86.0 344000
