1694832172653 0.1580195767538888 4000
1694832209385 0.157088041305542 8000
1694832246293 0.16615267457633182 12000
1694832282862 0.1620932470394086 16000
1694832317214 0.1635656212315415 20000
1694832348756 0.16048109531402588 24000
1694832378602 0.15574133396148682 28000
1694832408688 0.1475963592529297 32000
1694832440393 0.1426941156387329 36000
1694832471796 0.13810062408447266 40000
1694832507504 0.14788615703582764 44000
1694832536443 0.15113139152526855 48000
1694832564095 0.146368145942688 52000
1694832596509 0.14548754692077637 56000
1694832625743 0.1433624029159546 60000
1694832654991 0.1321263313293457 64000
1694832683451 0.12782883644104004 68000
1694832713100 0.1294647455215454 72000
1694832742000 0.12852954864501953 76000
1694832770366 0.12760615348815918 80000
1694832799803 0.13140392303466797 84000
1694832829346 0.13496696949005127 88000
1694832858294 0.13536763191223145 92000
1694832887916 0.1353992223739624 96000
1694832916448 0.13871347904205322 100000
1694832946235 0.13599610328674316 104000
1694832974365 0.1330251693725586 108000
1694833003455 0.13261747360229492 112000
1694833032273 0.1364811658859253 116000
1694833061893 0.13430583477020264 120000
1694833091975 0.1405261754989624 124000
1694833121559 0.13806915283203125 128000
1694833150507 0.13695526123046875 132000
1694833180423 0.13126957416534424 136000
1694833209324 0.12888336181640625 140000
1694833239130 0.12939369678497314 144000
1694833267831 0.13156628608703613 148000
1694833296724 0.13106787204742432 152000
1694833325764 0.13175225257873535 156000
1694833355446 0.12842333316802979 160000
1694833389238 0.13044893741607666 164000
1694833420265 0.1351534128189087 168000
1694833449624 0.13519346714019775 172000
1694833480434 0.14122819900512695 176000
1694833509532 0.1427147388458252 180000
1694833538171 0.13524878025054932 184000
1694833568104 0.13316714763641357 188000
1694833603321 0.1406726837158203 192000
1694833632785 0.14295470714569092 196000
1694833663007 0.14430367946624756 200000
1694833692487 0.1469130516052246 204000
1694833718664 0.14410614967346191 208000
1694833743335 0.131766676902771 212000
1694833767939 0.1252225637435913 216000
1694833792887 0.12872278690338135 220000
1694833816899 0.1261606216430664 224000
1694833841667 0.12637567520141602 228000
1694833865865 0.13799571990966797 232000
1694833890566 0.12969136238098145 236000
1694833914735 0.12813711166381836 240000
1694833939828 0.12839627265930176 244000
1694833964629 0.11762654781341553 248000
1694833988785 0.12049448490142822 252000
1694834013826 0.12039780616760254 256000
1694834038054 0.11867773532867432 260000
1694834062037 0.11969161033630371 264000
1694834086619 0.11855292320251465 268000
1694834110950 0.12341904640197754 272000
1694834135579 0.12420141696929932 276000
1694834159985 0.12076640129089355 280000
1694834186580 0.11990296840667725 284000
1694834219293 0.12657403945922852 288000
1694834252939 0.1287144422531128 292000
1694834285447 0.13781976699829102 296000
1694834317937 0.146842360496521 300000
1694834347353 0.1445988416671753 304000
1694834376783 0.14361369609832764 308000
1694834412136 0.14423346519470215 312000
1694834450236 0.15188181400299072 316000
1694834485563 0.16273212432861328 320000
1694834524512 0.16813921928405762 324000
1694834560173 0.1690751314163208 328000
1694834603137 0.1715536117553711 332000
1694834643918 0.17361223697662354 336000
1694834688975 0.17898809909820557 340000
1694834723321 0.19123268127441406 344000
