1694832172656 0.008762734276907784 4000
1694832209405 0.009331633062923657 8000
1694832246295 0.009889027168010843 12000
1694832282865 0.009788893446137634 16000
1694832317216 0.010047055254078875 20000
1694832348757 0.010008811950683594 24000
1694832378603 0.009747147560119629 28000
1694832408690 0.009485006332397461 32000
1694832440395 0.009327888488769531 36000
1694832471798 0.008981943130493164 40000
1694832507505 0.009607315063476562 44000
1694832536444 0.009779572486877441 48000
1694832564098 0.009388566017150879 52000
1694832596511 0.00917673110961914 56000
1694832625744 0.008917093276977539 60000
1694832654992 0.008245348930358887 64000
1694832683453 0.008118271827697754 68000
1694832713102 0.008294105529785156 72000
1694832742003 0.008295774459838867 76000
1694832770367 0.008271098136901855 80000
1694832799805 0.008442997932434082 84000
1694832829347 0.008494377136230469 88000
1694832858296 0.008410811424255371 92000
1694832887917 0.008447647094726562 96000
1694832916449 0.0085524320602417 100000
1694832946236 0.008439064025878906 104000
1694832974366 0.008344054222106934 108000
1694833003457 0.00831913948059082 112000
1694833032274 0.00830233097076416 116000
1694833061895 0.008173346519470215 120000
1694833091976 0.008378744125366211 124000
1694833121560 0.008283376693725586 128000
1694833150509 0.008249521255493164 132000
1694833180424 0.008339881896972656 136000
1694833209325 0.008333444595336914 140000
1694833239131 0.0083998441696167 144000
1694833267832 0.008475184440612793 148000
1694833296725 0.008409738540649414 152000
1694833325765 0.008357405662536621 156000
1694833355448 0.00812828540802002 160000
1694833389240 0.008315443992614746 164000
1694833420266 0.008519649505615234 168000
1694833449626 0.008631587028503418 172000
1694833480435 0.008813261985778809 176000
1694833509533 0.008944869041442871 180000
1694833538174 0.008668065071105957 184000
1694833568106 0.008614420890808105 188000
1694833603322 0.023317933082580566 192000
1694833632786 0.023436546325683594 196000
1694833663008 0.023567676544189453 200000
1694833692488 0.02365851402282715 204000
1694833718666 0.02332282066345215 208000
1694833743336 0.008261442184448242 212000
1694833767940 0.00785970687866211 216000
1694833792888 0.007648468017578125 220000
1694833816900 0.007550477981567383 224000
1694833841668 0.007596373558044434 228000
1694833865869 0.008039236068725586 232000
1694833890567 0.007851243019104004 236000
1694833914737 0.007844686508178711 240000
1694833939829 0.007943868637084961 244000
1694833964630 0.007616639137268066 248000
1694833988787 0.00765681266784668 252000
1694834013827 0.007619142532348633 256000
1694834038055 0.0074994564056396484 260000
1694834062039 0.007447481155395508 264000
1694834086621 0.01369941234588623 268000
1694834110950 0.013780951499938965 272000
1694834135580 0.013833045959472656 276000
1694834159986 0.01369166374206543 280000
1694834186582 0.0076105594635009766 284000
1694834219295 0.007812142372131348 288000
1694834252941 0.00812840461730957 292000
1694834285448 0.00866246223449707 296000
1694834317938 0.009222030639648438 300000
1694834347354 0.009268641471862793 304000
1694834376784 0.00915825366973877 308000
1694834412139 0.009037971496582031 312000
1694834450238 0.009524226188659668 316000
1694834485564 0.010065793991088867 320000
1694834524514 0.010415077209472656 324000
1694834560174 0.010677099227905273 328000
1694834603139 0.01051795482635498 332000
1694834643919 0.010712981224060059 336000
1694834688977 0.010977387428283691 340000
1694834723322 0.011537313461303711 344000
