1694832173216 0.0 4000
1694832210059 0.0 8000
1694832246641 0.0 12000
1694832283266 0.0 16000
1694832317554 0.0 20000
1694832349059 0.0 24000
1694832378907 0.0 28000
1694832409010 0.0 32000
1694832440755 0.0 36000
1694832472159 0.0 40000
1694832507760 0.0 44000
1694832536704 0.0 48000
1694832564382 0.0 52000
1694832596771 0.0 56000
1694832626008 0.0 60000
1694832655247 0.0 64000
1694832683731 0.0 68000
1694832713355 0.0 72000
1694832742255 0.0 76000
1694832770647 0.0 80000
1694832800116 0.0 84000
1694832829618 0.0 88000
1694832858566 0.0 92000
1694832888193 0.0 96000
1694832916723 0.0 100000
1694832946495 0.0 104000
1694832974619 0.0 108000
1694833003710 0.0 112000
1694833032566 0.0 116000
1694833062172 0.0 120000
1694833092241 0.0 124000
1694833121820 0.0 128000
1694833150778 0.0 132000
1694833180685 0.0 136000
1694833209615 0.0 140000
1694833239393 0.0 144000
1694833268113 0.0 148000
1694833296980 0.0 152000
1694833326038 0.0 156000
1694833355722 0.0 160000
1694833389583 0.0 164000
1694833420529 0.0 168000
1694833449908 0.0 172000
1694833480714 0.0 176000
1694833509790 0.0 180000
1694833538437 0.0 184000
1694833568562 0.0 188000
1694833603651 0.0 192000
1694833633108 0.0 196000
1694833663285 0.0 200000
1694833692746 0.0 204000
1694833718912 0.0 208000
1694833743595 0.0 212000
1694833768200 0.0 216000
1694833793144 0.0 220000
1694833817152 0.0 224000
1694833841917 0.0 228000
1694833866120 0.0 232000
1694833891036 0.0 236000
1694833914977 0.0 240000
1694833940101 0.0 244000
1694833964865 0.0 248000
1694833989047 0.0 252000
1694834014067 0.0 256000
1694834038293 0.0 260000
1694834062283 0.0 264000
1694834086875 0.0 268000
1694834111187 0.0 272000
1694834135847 0.0 276000
1694834160237 0.0 280000
1694834186853 0.0 284000
1694834219570 0.0 288000
1694834253544 0.0 292000
1694834285713 0.0 296000
1694834318208 0.0 300000
1694834347634 0.0 304000
1694834377060 0.0 308000
1694834412738 0.0 312000
1694834450891 0.0 316000
1694834485867 0.0 320000
1694834524881 0.0 324000
1694834560597 0.0 328000
1694834603569 0.0 332000
1694834644252 0.0 336000
1694834689476 0.0 340000
1694834723578 0.0 344000
