1694832173221 0.0010000000000000005 4000
1694832210064 0.0010000000000000005 8000
1694832246645 0.0010000000000000005 12000
1694832283271 0.0010000000000000005 16000
1694832317558 0.0010000000000000005 20000
1694832349063 0.0010000000000000005 24000
1694832378912 0.0010000000000000005 28000
1694832409016 0.0010000000000000005 32000
1694832440759 0.0010000000000000005 36000
1694832472164 0.0010000000000000005 40000
1694832507764 0.0010000000000000005 44000
1694832536707 0.0010000000000000005 48000
1694832564385 0.0010000000000000005 52000
1694832596775 0.0010000000000000005 56000
1694832626011 0.0010000000000000005 60000
1694832655250 0.0010000000000000005 64000
1694832683734 0.0010000000000000005 68000
1694832713359 0.0010000000000000005 72000
1694832742258 0.0010000000000000005 76000
1694832770650 0.0010000000000000005 80000
1694832800120 0.0010000000000000005 84000
1694832829621 0.0010000000000000005 88000
1694832858569 0.0010000000000000005 92000
1694832888197 0.0010000000000000005 96000
1694832916726 0.0010000000000000005 100000
1694832946499 0.0010000000000000005 104000
1694832974623 0.0010000000000000005 108000
1694833003713 0.0010000000000000005 112000
1694833032570 0.0010000000000000005 116000
1694833062175 0.0010000000000000005 120000
1694833092245 0.0010000000000000005 124000
1694833121824 0.0010000000000000005 128000
1694833150782 0.0010000000000000005 132000
1694833180690 0.0010000000000000005 136000
1694833209621 0.0010000000000000005 140000
1694833239398 0.0010000000000000005 144000
1694833268117 0.0010000000000000005 148000
1694833296983 0.0010000000000000005 152000
1694833326044 0.0010000000000000005 156000
1694833355726 0.0010000000000000005 160000
1694833389587 0.0010000000000000005 164000
1694833420533 0.0010000000000000005 168000
1694833449915 0.0010000000000000005 172000
1694833480722 0.0010000000000000005 176000
1694833509794 0.0010000000000000005 180000
1694833538440 0.0010000000000000005 184000
1694833568569 0.0010000000000000005 188000
1694833603658 0.0010000000000000005 192000
1694833633114 0.0010000000000000005 196000
1694833663289 0.0010000000000000005 200000
1694833692750 0.0010000000000000005 204000
1694833718915 0.0010000000000000005 208000
1694833743598 0.0010000000000000005 212000
1694833768203 0.0010000000000000005 216000
1694833793147 0.0010000000000000005 220000
1694833817155 0.0010000000000000005 224000
1694833841921 0.0010000000000000005 228000
1694833866123 0.0010000000000000005 232000
1694833891057 0.0010000000000000005 236000
1694833914983 0.0010000000000000005 240000
1694833940105 0.0010000000000000005 244000
1694833964868 0.0010000000000000005 248000
1694833989051 0.0010000000000000005 252000
1694834014071 0.0010000000000000005 256000
1694834038296 0.0010000000000000005 260000
1694834062290 0.0010000000000000005 264000
1694834086879 0.0010000000000000005 268000
1694834111191 0.0010000000000000005 272000
1694834135850 0.0010000000000000005 276000
1694834160240 0.0010000000000000005 280000
1694834186856 0.0010000000000000005 284000
1694834219576 0.0010000000000000005 288000
1694834253570 0.0010000000000000005 292000
1694834285717 0.0010000000000000005 296000
1694834318212 0.0010000000000000005 300000
1694834347638 0.0010000000000000005 304000
1694834377064 0.0010000000000000005 308000
1694834412745 0.0010000000000000005 312000
1694834450899 0.0010000000000000005 316000
1694834485870 0.0010000000000000005 320000
1694834524888 0.0010000000000000005 324000
1694834560602 0.0010000000000000005 328000
1694834603574 0.0010000000000000005 332000
1694834644259 0.0010000000000000005 336000
1694834689484 0.0010000000000000005 340000
1694834723581 0.0010000000000000005 344000
