1694832173219 0.20000000000000004 4000
1694832210062 0.29999999999999993 8000
1694832246644 0.4500000000000001 12000
1694832283269 0.6750000000000002 16000
1694832317557 1.0124999999999997 20000
1694832349062 1.5187500000000005 24000
1694832378910 1.5187500000000005 28000
1694832409013 1.5187500000000005 32000
1694832440758 1.5187500000000005 36000
1694832472162 1.5187500000000005 40000
1694832507763 1.5187500000000005 44000
1694832536706 1.5187500000000005 48000
1694832564384 1.5187500000000005 52000
1694832596774 1.5187500000000005 56000
1694832626010 1.5187500000000005 60000
1694832655249 1.5187500000000005 64000
1694832683733 1.5187500000000005 68000
1694832713358 1.5187500000000005 72000
1694832742257 1.5187500000000005 76000
1694832770649 1.5187500000000005 80000
1694832800119 1.5187500000000005 84000
1694832829620 1.5187500000000005 88000
1694832858568 1.5187500000000005 92000
1694832888195 1.5187500000000005 96000
1694832916725 1.5187500000000005 100000
1694832946497 1.5187500000000005 104000
1694832974622 1.5187500000000005 108000
1694833003712 1.5187500000000005 112000
1694833032568 1.5187500000000005 116000
1694833062174 1.5187500000000005 120000
1694833092244 2.2781249999999997 124000
1694833121823 2.2781249999999997 128000
1694833150781 2.2781249999999997 132000
1694833180688 2.2781249999999997 136000
1694833209620 2.2781249999999997 140000
1694833239397 2.2781249999999997 144000
1694833268116 2.2781249999999997 148000
1694833296982 2.2781249999999997 152000
1694833326042 2.2781249999999997 156000
1694833355725 2.2781249999999997 160000
1694833389585 2.2781249999999997 164000
1694833420531 2.2781249999999997 168000
1694833449913 2.2781249999999997 172000
1694833480719 2.2781249999999997 176000
1694833509793 2.2781249999999997 180000
1694833538439 2.2781249999999997 184000
1694833568566 2.2781249999999997 188000
1694833603656 2.2781249999999997 192000
1694833633112 2.2781249999999997 196000
1694833663288 2.2781249999999997 200000
1694833692749 2.2781249999999997 204000
1694833718914 2.2781249999999997 208000
1694833743597 2.2781249999999997 212000
1694833768202 2.2781249999999997 216000
1694833793146 2.2781249999999997 220000
1694833817154 2.2781249999999997 224000
1694833841920 2.2781249999999997 228000
1694833866122 2.2781249999999997 232000
1694833891055 2.2781249999999997 236000
1694833914981 2.2781249999999997 240000
1694833940104 2.2781249999999997 244000
1694833964867 2.2781249999999997 248000
1694833989050 2.2781249999999997 252000
1694834014070 2.2781249999999997 256000
1694834038295 2.2781249999999997 260000
1694834062288 2.2781249999999997 264000
1694834086878 2.2781249999999997 268000
1694834111190 2.2781249999999997 272000
1694834135849 2.2781249999999997 276000
1694834160239 2.2781249999999997 280000
1694834186855 2.2781249999999997 284000
1694834219574 2.2781249999999997 288000
1694834253566 2.2781249999999997 292000
1694834285715 2.2781249999999997 296000
1694834318211 2.2781249999999997 300000
1694834347636 2.2781249999999997 304000
1694834377062 2.2781249999999997 308000
1694834412742 2.2781249999999997 312000
1694834450896 2.2781249999999997 316000
1694834485869 2.2781249999999997 320000
1694834524886 2.2781249999999997 324000
1694834560600 2.2781249999999997 328000
1694834603572 2.2781249999999997 332000
1694834644257 2.2781249999999997 336000
1694834689481 2.2781249999999997 340000
1694834723580 2.2781249999999997 344000
