1694832173254 0.0 4000
1694832210077 0.0 8000
1694832246654 0.0 12000
1694832283285 0.0 16000
1694832317573 0.0 20000
1694832349072 0.0 24000
1694832378926 0.0 28000
1694832409028 0.0 32000
1694832440769 0.0 36000
1694832472179 0.0 40000
1694832507774 0.0 44000
1694832536715 0.0 48000
1694832564394 0.0 52000
1694832596783 0.0 56000
1694832626019 0.0 60000
1694832655258 0.0 64000
1694832683743 0.0 68000
1694832713367 0.0 72000
1694832742266 0.0 76000
1694832770658 0.0 80000
1694832800134 0.0 84000
1694832829629 0.0 88000
1694832858577 0.0 92000
1694832888207 0.0 96000
1694832916734 0.0 100000
1694832946509 0.0 104000
1694832974632 0.0 108000
1694833003721 0.0 112000
1694833032578 0.0 116000
1694833062183 0.0 120000
1694833092253 0.0 124000
1694833121832 0.0 128000
1694833150792 0.0 132000
1694833180700 0.0 136000
1694833209630 0.0 140000
1694833239408 0.0 144000
1694833268125 0.0 148000
1694833296992 0.0 152000
1694833326055 0.0 156000
1694833355736 0.0 160000
1694833389602 0.0 164000
1694833420542 0.0 168000
1694833449928 0.0 172000
1694833480733 0.0 176000
1694833509804 0.0 180000
1694833538451 0.0 184000
1694833568585 0.0 188000
1694833603670 0.0 192000
1694833633127 0.0 196000
1694833663297 0.0 200000
1694833692759 0.0 204000
1694833718924 0.0 208000
1694833743606 0.0 212000
1694833768212 0.0 216000
1694833793154 0.0 220000
1694833817167 0.0 224000
1694833841933 0.0 228000
1694833866138 0.0 232000
1694833891066 0.0 236000
1694833914993 0.0 240000
1694833940112 0.0 244000
1694833964875 0.0 248000
1694833989147 0.0 252000
1694834014078 0.0 256000
1694834038304 0.0 260000
1694834062300 0.0 264000
1694834086887 0.0 268000
1694834111199 0.0 272000
1694834135858 0.0 276000
1694834160249 0.0 280000
1694834186864 0.0 284000
1694834219588 0.0 288000
1694834253591 0.0 292000
1694834285728 0.0 296000
1694834318221 0.0 300000
1694834347648 0.0 304000
1694834377074 0.0 308000
1694834412779 0.0 312000
1694834450930 0.0 316000
1694834485879 0.0 320000
1694834524901 0.0 324000
1694834560618 0.0 328000
1694834603591 0.0 332000
1694834644270 0.0 336000
1694834689502 0.0 340000
1694834723594 0.0 344000
