1694832173235 1.9094296743472416 4000
1694832210075 1.8675195425748825 8000
1694832246653 1.8373320154845714 12000
1694832283282 1.8147031418979167 16000
1694832317571 1.8218139747778574 20000
1694832349071 1.814434796695908 24000
1694832378925 1.8049377508461475 28000
1694832409027 1.7941681575030088 32000
1694832440767 1.7849236903091272 36000
1694832472177 1.7962901716430981 40000
1694832507773 1.7919169378777344 44000
1694832536714 1.7829946849495173 48000
1694832564393 1.780783912166953 52000
1694832596782 1.780234352623423 56000
1694832626018 1.7684193709244331 60000
1694832655257 1.7692104908327262 64000
1694832683741 1.7679555927713713 68000
1694832713366 1.774967774376273 72000
1694832742265 1.7639753680676222 76000
1694832770657 1.766083006809155 80000
1694832800132 1.774678634479642 84000
1694832829628 1.776039649049441 88000
1694832858576 1.7607956536114215 92000
1694832888206 1.7571837067604066 96000
1694832916733 1.7589995554337898 100000
1694832946507 1.7703869470705589 104000
1694832974631 1.7454251407335202 108000
1694833003720 1.7414962114145358 112000
1694833032577 1.7412884436547755 116000
1694833062182 1.7514557043711345 120000
1694833092252 1.7470237165689468 124000
1694833121831 1.7552974049001933 128000
1694833150790 1.7374714616686107 132000
1694833180699 1.7333052195608616 136000
1694833209629 1.757214661563436 140000
1694833239407 1.751687890663743 144000
1694833268124 1.7655272666364907 148000
1694833296991 1.7658655028790236 152000
1694833326053 1.7724534594764312 156000
1694833355734 1.7506730647136768 160000
1694833389600 1.7697904465099177 164000
1694833420540 1.7462257365385692 168000
1694833449927 1.7493082772940398 172000
1694833480732 1.7508813992142678 176000
1694833509803 1.7460365643103917 180000
1694833538449 1.7407707286377747 184000
1694833568583 1.752129024391373 188000
1694833603667 1.7527638706068198 192000
1694833633125 1.7477533931533495 196000
1694833663296 1.7611598224689564 200000
1694833692757 1.7728628491361935 204000
1694833718922 1.7649015512317419 208000
1694833743605 1.7628041616330543 212000
1694833768210 1.7518034979701043 216000
1694833793153 1.7697777556876342 220000
1694833817165 1.7447865011791388 224000
1694833841930 1.7437384605407715 228000
1694833866136 1.748410157735149 232000
1694833891065 1.7409926851590474 236000
1694833914992 1.7389168382932743 240000
1694833940111 1.7339905496686696 244000
1694833964874 1.7537166502326726 248000
1694833989145 1.7485935350259145 252000
1694834014077 1.7492051574091116 256000
1694834038303 1.748084100956718 260000
1694834062298 1.7462199257065854 264000
1694834086886 1.7351652531574169 268000
1694834111198 1.7186553139239549 272000
1694834135857 1.7385443033029635 276000
1694834160248 1.7254159183551867 280000
1694834186863 1.7057116178174814 284000
1694834219586 1.716376375531157 288000
1694834253588 1.7215721983462573 292000
1694834285726 1.726216521859169 296000
1694834318220 1.7208831004798413 300000
1694834347647 1.7070280720790227 304000
1694834377073 1.6920302268117666 308000
1694834412777 1.6987829881409804 312000
1694834450928 1.6887547105550766 316000
1694834485878 1.7186345542470614 320000
1694834524899 1.7120963306476673 324000
1694834560616 1.706897857785225 328000
1694834603588 1.69791641831398 332000
1694834644269 1.696049931148688 336000
1694834689499 1.7249212089926005 340000
1694834723591 1.7064496287455162 344000
