1694832173218 0.4712152367768188 4000
1694832210060 0.5920678759925068 8000
1694832246643 0.6542351130396128 12000
1694832283268 0.6430055900166433 16000
1694832317555 0.6143557633894186 20000
1694832349060 0.6691694459257026 24000
1694832378909 0.6361044587257008 28000
1694832409011 0.6310000828467309 32000
1694832440756 0.6848296973854303 36000
1694832472160 0.6364089018975695 40000
1694832507761 0.6229400344192981 44000
1694832536705 0.6296298544543485 48000
1694832564383 0.6281165737348299 52000
1694832596773 0.6528402416035533 56000
1694832626009 0.6466672388836742 60000
1694832655248 0.6845797307789325 64000
1694832683732 0.6576391096847752 68000
1694832713356 0.6264997081520657 72000
1694832742256 0.6869294135831296 76000
1694832770648 0.6424817928113044 80000
1694832800118 0.6109383333784838 84000
1694832829619 0.628679741298159 88000
1694832858567 0.653434005441765 92000
1694832888194 0.655323190211008 96000
1694832916724 0.6242709624581039 100000
1694832946496 0.6093920676658551 104000
1694832974620 0.6353906678656737 108000
1694833003711 0.6793091623733442 112000
1694833032567 0.6420475324305396 116000
1694833062173 0.6596488865713278 120000
1694833092242 0.6707829581884046 124000
1694833121821 0.7033410712145269 128000
1694833150780 0.6729166307176153 132000
1694833180686 0.6484221652150154 136000
1694833209618 0.6839625951834023 140000
1694833239395 0.6870266467022399 144000
1694833268114 0.6334584309719503 148000
1694833296981 0.6416330033602814 152000
1694833326040 0.6540961237624288 156000
1694833355724 0.6687018966612717 160000
1694833389584 0.6779531268092494 164000
1694833420530 0.6745106403405468 168000
1694833449911 0.6521827617349724 172000
1694833480716 0.6574716854530076 176000
1694833509792 0.6201368312972287 180000
1694833538438 0.650167214932541 184000
1694833568564 0.6270722241761784 188000
1694833603653 0.6544748084309201 192000
1694833633110 0.6455827639127771 196000
1694833663286 0.6656590020904939 200000
1694833692747 0.6236376089664797 204000
1694833718913 0.6131886883017917 208000
1694833743596 0.6797488710843027 212000
1694833768201 0.6811487879914542 216000
1694833793145 0.6740654218010604 220000
1694833817153 0.6584482049569488 224000
1694833841918 0.6929303478760024 228000
1694833866121 0.6834637943655253 232000
1694833891038 0.6708568253554403 236000
1694833914979 0.6609988618642092 240000
1694833940102 0.6867907439668973 244000
1694833964866 0.6982027277971308 248000
1694833989049 0.6720905741676688 252000
1694834014069 0.6583087695141633 256000
1694834038294 0.675649951895078 260000
1694834062285 0.6950854937856396 264000
1694834086877 0.7626127540444334 268000
1694834111188 0.7053274130138258 272000
1694834135848 0.6954274020157755 276000
1694834160238 0.7038045643207927 280000
1694834186854 0.7235251018156608 284000
1694834219571 0.735298026787738 288000
1694834253547 0.6904977885385354 292000
1694834285714 0.6870441525553663 296000
1694834318209 0.7730723175841073 300000
1694834347635 0.8076825148736437 304000
1694834377061 0.734065685980022 308000
1694834412740 0.7603196878607075 312000
1694834450893 0.7468137868990501 316000
1694834485868 0.7558854914891223 320000
1694834524884 0.7778511730954051 324000
1694834560599 0.7809078993586203 328000
1694834603570 0.7629638941337665 332000
1694834644254 0.7739917392842471 336000
1694834689478 0.7352102401355902 340000
1694834723579 0.7760044602987667 344000
