1694832173232 0.036436889593927616 4000
1694832210073 0.040373190701696635 8000
1694832246652 0.0350809427466644 12000
1694832283279 0.03063512024464662 16000
1694832317569 0.023556318800198206 20000
1694832349069 0.01883453713732167 24000
1694832378923 0.018546556598644074 28000
1694832409025 0.01916750077383347 32000
1694832440766 0.019501710125929096 36000
1694832472176 0.01788597917847407 40000
1694832507771 0.017321422237360773 44000
1694832536713 0.017746555297185294 48000
1694832564391 0.019597514771495888 52000
1694832596781 0.018029778673697667 56000
1694832626017 0.018753707549188273 60000
1694832655256 0.019610951149309976 64000
1694832683740 0.019102002005019672 68000
1694832713365 0.017764743275355006 72000
1694832742264 0.016458007803070242 76000
1694832770656 0.019124140808620873 80000
1694832800130 0.017413514499973342 84000
1694832829627 0.01738604017913114 88000
1694832858575 0.01868458638474441 92000
1694832888204 0.018493847719276483 96000
1694832916732 0.01870374610168331 100000
1694832946506 0.01722059393301924 104000
1694832974629 0.019586156715164844 108000
1694833003719 0.019379523274252127 112000
1694833032576 0.018029872601006025 116000
1694833062181 0.020407547535585237 120000
1694833092250 0.013456213336555937 124000
1694833121829 0.014781361564416784 128000
1694833150788 0.014721490382189837 132000
1694833180698 0.012740564097516553 136000
1694833209627 0.014078925517541545 140000
1694833239405 0.014177162793209717 144000
1694833268123 0.012495171793027669 148000
1694833296990 0.01301945419386588 152000
1694833326052 0.012608585122882232 156000
1694833355733 0.013943756922171962 160000
1694833389597 0.013703353352043339 164000
1694833420539 0.012735075050926525 168000
1694833449925 0.013697969640866363 172000
1694833480731 0.013418334180939458 176000
1694833509801 0.012431413737151452 180000
1694833538447 0.01190556543821552 184000
1694833568581 0.01329395602658493 188000
1694833603666 0.013254641139140707 192000
1694833633124 0.013150818324928686 196000
1694833663295 0.014155964055545107 200000
1694833692755 0.013122304370551726 204000
1694833718921 0.012552285026420662 208000
1694833743604 0.01373538236218792 212000
1694833768208 0.013402276825819456 216000
1694833793152 0.01362053014262535 220000
1694833817163 0.014118036133013826 224000
1694833841927 0.013607415362595058 228000
1694833866134 0.01375545356240678 232000
1694833891064 0.01284827915232466 236000
1694833914991 0.01346366841852134 240000
1694833940110 0.013438221229308189 244000
1694833964873 0.013268938009570418 248000
1694833989144 0.012544354743970728 252000
1694834014076 0.012599032725187968 256000
1694834038302 0.013781208644344936 260000
1694834062297 0.013673270765777335 264000
1694834086884 0.015147382014443116 268000
1694834111197 0.013042915019647043 272000
1694834135856 0.013862414401617744 276000
1694834160246 0.013215270548769358 280000
1694834186862 0.013138274847099065 284000
1694834219585 0.012778051166941232 288000
1694834253585 0.012984802528493825 292000
1694834285723 0.013346008669717928 296000
1694834318217 0.01417266484540202 300000
1694834347645 0.016630048392618155 304000
1694834377071 0.013587256950343848 308000
1694834412775 0.014534399908736634 312000
1694834450926 0.013822502048075449 316000
1694834485877 0.016123823197597597 320000
1694834524897 0.01440974567884344 324000
1694834560614 0.015185497390053848 328000
1694834603585 0.013679064280370311 332000
1694834644267 0.015346244706333324 336000
1694834689497 0.01375478533676669 340000
1694834723589 0.013531063057383287 344000
