1694832173224 -0.08349271758488612 4000
1694832210067 -0.11141996454583326 8000
1694832246648 -0.10265747026957493 12000
1694832283274 -0.11539852501737187 16000
1694832317562 -0.10070894326248284 20000
1694832349065 -0.10823588612402091 24000
1694832378917 -0.09771371494425693 28000
1694832409021 -0.10882667410575474 32000
1694832440762 -0.09963491079348993 36000
1694832472168 -0.0959488078141779 40000
1694832507766 -0.10312838988320436 44000
1694832536710 -0.1019768349690518 48000
1694832564388 -0.11048782540504666 52000
1694832596777 -0.11235891727556009 56000
1694832626014 -0.11199496912255806 60000
1694832655253 -0.10598396288405638 64000
1694832683737 -0.11073327754662993 68000
1694832713361 -0.1052051788768343 72000
1694832742261 -0.09311206732794138 76000
1694832770652 -0.11071948407601061 80000
1694832800123 -0.1067891689366661 84000
1694832829624 -0.10208169725713863 88000
1694832858572 -0.10629576187784551 92000
1694832888200 -0.10905970103873794 96000
1694832916729 -0.10859389073496763 100000
1694832946502 -0.10380520458202228 104000
1694832974625 -0.10325039886617257 108000
1694833003716 -0.1037624773477243 112000
1694833032572 -0.10426149445193005 116000
1694833062178 -0.11943408019045212 120000
1694833092247 -0.09778518188104499 124000
1694833121826 -0.10400042702046146 128000
1694833150784 -0.10635878886144685 132000
1694833180694 -0.09898475801940852 136000
1694833209623 -0.09571774231735616 140000
1694833239402 -0.1022770544278804 144000
1694833268119 -0.08971320476509087 148000
1694833296986 -0.09211356130253989 152000
1694833326048 -0.0938592357779271 156000
1694833355729 -0.1042632571523427 160000
1694833389589 -0.10022185744213251 164000
1694833420535 -0.08822641938216597 168000
1694833449920 -0.09689926173838709 172000
1694833480726 -0.10137580120984542 176000
1694833509796 -0.09149894800357287 180000
1694833538442 -0.08906396176316775 184000
1694833568574 -0.09554317296472921 188000
1694833603661 -0.10037085786364817 192000
1694833633118 -0.09301438342372421 196000
1694833663291 -0.10324653668988806 200000
1694833692752 -0.10122603929242663 204000
1694833718918 -0.09405682830571702 208000
1694833743600 -0.0978170257731108 212000
1694833768205 -0.09974485483835452 216000
1694833793149 -0.0961570730022989 220000
1694833817158 -0.09942257397706271 224000
1694833841923 -0.1017266941392639 228000
1694833866126 -0.09438010489344985 232000
1694833891059 -0.09347034513242154 236000
1694833914986 -0.10150552311339804 240000
1694833940107 -0.09399120172893163 244000
1694833964870 -0.09439913489234944 248000
1694833989058 -0.09621003877546172 252000
1694834014073 -0.09120260610216065 256000
1694834038298 -0.09751426994092374 260000
1694834062294 -0.09960664373162824 264000
1694834086881 -0.10210395060955003 268000
1694834111194 -0.08687190698789587 272000
1694834135852 -0.10138700258685276 276000
1694834160243 -0.10340873811146593 280000
1694834186858 -0.09240288086390744 284000
1694834219581 -0.08610412469230748 288000
1694834253576 -0.09914172459830298 292000
1694834285719 -0.09438343051588163 296000
1694834318214 -0.0997395990845689 300000
1694834347640 -0.10682104744531291 304000
1694834377066 -0.09572835776295202 308000
1694834412751 -0.10310485839872854 312000
1694834450904 -0.09647795932881612 316000
1694834485873 -0.108121075683448 320000
1694834524891 -0.10559915357589489 324000
1694834560605 -0.11225016654207139 328000
1694834603577 -0.09384094829486761 332000
1694834644263 -0.09997207666165195 336000
1694834689490 -0.10337447922599191 340000
1694834723584 -0.08942394833138678 344000
