1694832173222 -0.03970842827184242 4000
1694832210066 -0.056353625320965266 8000
1694832246647 -0.02249310714832973 12000
1694832283272 -0.05514088074269239 16000
1694832317560 -0.04558858111267909 20000
1694832349064 -0.03837498468637932 24000
1694832378914 -0.03455663531591805 28000
1694832409018 -0.044954731475445445 32000
1694832440760 -0.026083070777046184 36000
1694832472166 -0.0462105737986955 40000
1694832507765 -0.05047600401424764 44000
1694832536709 -0.04553169384792757 48000
1694832564386 -0.05094004598407385 52000
1694832596776 -0.03594037808652502 56000
1694832626013 -0.03363940873823594 60000
1694832655252 -0.0019749602516336987 64000
1694832683735 -0.04916577074036468 68000
1694832713360 -0.05210439057846088 72000
1694832742259 -0.0053906350968948875 76000
1694832770651 -0.04940778304395887 80000
1694832800121 -0.05765492067342469 84000
1694832829622 -0.03528579001819405 88000
1694832858570 -0.03724587207446651 92000
1694832888198 -0.042185322237977135 96000
1694832916727 -0.044880271970760076 100000
1694832946500 -0.050742484153791644 104000
1694832974624 -0.03705009983192819 108000
1694833003715 -0.024324747634818778 112000
1694833032571 -0.020460364449536427 116000
1694833062177 -0.05857628856222921 120000
1694833092246 -0.03014938292714457 124000
1694833121825 -0.013450967918227736 128000
1694833150783 -0.03196581198523442 132000
1694833180692 -0.02760662311435832 136000
1694833209622 -0.035886566741586044 140000
1694833239400 -0.019786140756332317 144000
1694833268118 -0.034972899394536704 148000
1694833296984 -0.014458225118384386 152000
1694833326046 -0.02022787260066252 156000
1694833355728 -0.02660206865014819 160000
1694833389588 -0.03307021799264476 164000
1694833420534 -0.011162990487355274 168000
1694833449917 -0.02502735842911837 172000
1694833480724 -0.0457412861326399 176000
1694833509795 -0.02566611396614462 180000
1694833538441 0.003713589845574461 184000
1694833568571 -0.02621287993485263 188000
1694833603659 -0.013242607962456531 192000
1694833633116 -0.018420149877783842 196000
1694833663290 -0.03046706124538711 200000
1694833692751 -0.039876073875348084 204000
1694833718916 -0.02745713763094197 208000
1694833743599 -0.02047121934883762 212000
1694833768204 -0.01719058963547771 216000
1694833793148 -0.006254025889211335 220000
1694833817156 -0.04093473288133585 224000
1694833841922 -0.01721041978065235 228000
1694833866125 -0.01629260229722907 232000
1694833891058 -0.01591743162619726 236000
1694833914985 -0.024191962846089154 240000
1694833940106 -0.018543061111510422 244000
1694833964869 -0.009465173711456979 248000
1694833989052 -0.03239114500077752 252000
1694834014072 -0.020059318677522243 256000
1694834038297 -0.01847598997798438 260000
1694834062292 -0.007457482500467449 264000
1694834086879 -0.0064793774392455815 268000
1694834111193 -0.007601561601040885 272000
1694834135851 -0.02681434332431915 276000
1694834160242 -0.03363300598478721 280000
1694834186857 -0.016134712161147036 284000
1694834219578 -0.012379046648857184 288000
1694834253573 -0.02496051411338461 292000
1694834285718 -0.019872795138508082 296000
1694834318213 0.0005798684859958787 300000
1694834347639 0.0049302534821132815 304000
1694834377065 -0.023502255962618315 308000
1694834412748 -0.017494597437325864 312000
1694834450901 -0.009285319982639824 316000
1694834485872 -0.029935498741300155 320000
1694834524890 -0.011650809423493532 324000
1694834560603 -0.030679488962050527 328000
1694834603575 -0.016536582694971002 332000
1694834644261 -0.01651353650086094 336000
1694834689488 -0.031223563384264706 340000
1694834723582 -0.004375244025141001 344000
