1694832173230 0.5878269575536251 4000
1694832210071 0.6937241890157263 8000
1694832246651 0.5672080858300129 12000
1694832283277 0.6772593159228564 16000
1694832317567 0.6473473806555072 20000
1694832349068 0.6914579146852096 24000
1694832378921 0.6170587504282594 28000
1694832409024 0.6771262551347415 32000
1694832440764 0.6458913761501511 36000
1694832472173 0.6989244635527333 40000
1694832507769 0.6753424283737938 44000
1694832536712 0.6996252207706372 48000
1694832564390 0.7450994225218892 52000
1694832596779 0.6929700534790755 56000
1694832626016 0.6229409397269289 60000
1694832655255 0.5843667136505246 64000
1694832683739 0.7470183211068312 68000
1694832713364 0.7742269655689598 72000
1694832742263 0.651873660646379 76000
1694832770655 0.7110839004938801 80000
1694832800128 0.756752705698212 84000
1694832829626 0.5961913845191399 88000
1694832858574 0.6499933360144496 92000
1694832888203 0.6758561129371325 96000
1694832916731 0.6844031589726607 100000
1694832946505 0.7258297363296151 104000
1694832974628 0.744809516146779 108000
1694833003718 0.7089146515354514 112000
1694833032574 0.6206315904234846 116000
1694833062180 0.7705854012941321 120000
1694833092249 0.6961391379435857 124000
1694833121828 0.6989836152022083 128000
1694833150787 0.6701872281109293 132000
1694833180697 0.6606471724187334 136000
1694833209626 0.7624110996723175 140000
1694833239404 0.6649259810646375 144000
1694833268122 0.6821266373619437 148000
1694833296989 0.6671806265289585 152000
1694833326051 0.6986134741455317 156000
1694833355732 0.689788872996966 160000
1694833389594 0.7165269539381067 164000
1694833420537 0.6952948664004605 168000
1694833449924 0.6896807450801135 172000
1694833480729 0.7700589264432589 176000
1694833509799 0.6774395482614637 180000
1694833538445 0.6539846087495486 184000
1694833568579 0.6209615597501397 188000
1694833603664 0.6881102840105693 192000
1694833633122 0.6426059546569983 196000
1694833663294 0.7036034058779478 200000
1694833692754 0.7450011286263665 204000
1694833718920 0.6642677733053763 208000
1694833743602 0.7232080845162272 212000
1694833768207 0.7149294022470712 216000
1694833793151 0.6374605042859912 220000
1694833817161 0.7217161179209749 224000
1694833841925 0.6917989673713844 228000
1694833866132 0.7103442568952839 232000
1694833891062 0.7328224088375767 236000
1694833914990 0.7095380766317249 240000
1694833940109 0.7189564338574806 244000
1694833964872 0.6410925874486566 248000
1694833989143 0.7351734073832631 252000
1694834014075 0.6676255086436867 256000
1694834038301 0.6808573203782241 260000
1694834062296 0.6976408320789536 264000
1694834086883 0.7459142240385215 268000
1694834111196 0.6117530909056464 272000
1694834135855 0.7312836496159434 276000
1694834160245 0.731826789987584 280000
1694834186861 0.7152760477736593 284000
1694834219583 0.6104667127132416 288000
1694834253582 0.6746987113108237 292000
1694834285721 0.7274424869567155 296000
1694834318216 0.6857940580074986 300000
1694834347643 0.7022632551689942 304000
1694834377069 0.7022699528684219 308000
1694834412773 0.6952483026310802 312000
1694834450924 0.619248750495414 316000
1694834485876 0.7231834255158901 320000
1694834524894 0.6790906483928363 324000
1694834560613 0.7327398250500361 328000
1694834603583 0.6372849602873126 332000
1694834644266 0.6568611786390345 336000
1694834689495 0.6700036124015848 340000
1694834723587 0.6420196032151579 344000
