1694832173227 0.03649691152095329 4000
1694832210069 0.04295438160964598 8000
1694832246649 0.06437793910154141 12000
1694832283275 0.03957893808061878 16000
1694832317564 0.03126958817301784 20000
1694832349067 0.041255948353015506 24000
1694832378919 0.034989497543817076 28000
1694832409023 0.03476130088917368 32000
1694832440763 0.04393361854696801 36000
1694832472171 0.022573903952919257 40000
1694832507767 0.02634547611620898 44000
1694832536711 0.029492561274188724 48000
1694832564389 0.029784055560109362 52000
1694832596778 0.04903581324809541 56000
1694832626015 0.04987336787841438 60000
1694832655254 0.07422487142224175 64000
1694832683738 0.03255634159722831 68000
1694832713363 0.026120585588311467 72000
1694832742262 0.06272583414198986 76000
1694832770654 0.032266913448499204 80000
1694832800125 0.02268747326452285 84000
1694832829625 0.040390859771772133 88000
1694832858573 0.04067267509817611 92000
1694832888202 0.03878684869268909 96000
1694832916730 0.03530730515291604 100000
1694832946503 0.026908944002934733 104000
1694832974626 0.036453824672692765 108000
1694833003717 0.050005079675853874 112000
1694833032573 0.05641826204179476 116000
1694833062179 0.029863830384177465 120000
1694833092248 0.03698086201475235 124000
1694833121827 0.056875668947274485 128000
1694833150785 0.04085558054697079 132000
1694833180695 0.042353536620309266 136000
1694833209625 0.02775762284824547 140000
1694833239403 0.05019356428820174 144000
1694833268120 0.026274741799473606 148000
1694833296987 0.0479953914754636 152000
1694833326049 0.04490743008015367 156000
1694833355730 0.04589556684998873 160000
1694833389591 0.0359336876446226 164000
1694833420536 0.048051335505442695 168000
1694833449922 0.040666215550057436 172000
1694833480728 0.025065872570606492 176000
1694833509797 0.037512518631410786 180000
1694833538443 0.06565518543163004 184000
1694833568577 0.03904499895385622 188000
1694833603663 0.056932520107754195 192000
1694833633120 0.04463502512662672 196000
1694833663292 0.04053041878117559 200000
1694833692753 0.03145571496958534 204000
1694833718919 0.038004015674232505 208000
1694833743601 0.04605488779488951 212000
1694833768206 0.05202220212086104 216000
1694833793150 0.05887377563049086 220000
1694833817158 0.026325189490550353 224000
1694833841924 0.05351688117758992 228000
1694833866129 0.046750859116824965 232000
1694833891061 0.0482829265781523 236000
1694833914988 0.04664163934454943 240000
1694833940108 0.044834193101269196 244000
1694833964871 0.054705661843763666 248000
1694833989072 0.035241285036318 252000
1694834014074 0.04244111519656144 256000
1694834038300 0.04764296369200262 260000
1694834062295 0.06099974060198292 264000
1694834086882 0.061116942699300125 268000
1694834111195 0.04955695427391523 272000
1694834135853 0.04299234593830382 276000
1694834160244 0.03966969322160973 280000
1694834186860 0.04633753574162256 284000
1694834219582 0.044615079348053165 288000
1694834253579 0.04460020600333034 292000
1694834285720 0.044106759401620364 296000
1694834318215 0.06803236476650151 300000
1694834347642 0.07386597117001656 304000
1694834377067 0.04127263141902707 308000
1694834412771 0.05249907996718927 312000
1694834450922 0.05570325111038983 316000
1694834485874 0.04145349128909099 320000
1694834524893 0.06112114224233665 324000
1694834560611 0.04697621589633248 328000
1694834603580 0.04614174713108999 332000
1694834644264 0.04849787551308206 336000
1694834689492 0.040815794250617425 340000
1694834723585 0.054223250595775124 344000
