1694836625390 1.4410993008443145 4000
1694836654185 1.4379381607976987 8000
1694836682325 1.4050055175659895 12000
1694836712110 1.3866617541868482 16000
1694836741783 1.37417737336341 20000
1694836771307 1.353796774562855 24000
1694836802202 1.338039127535755 28000
1694836832546 1.3301648808802864 32000
1694836863399 1.3257338308086446 36000
1694836893269 1.3218316670245298 40000
1694836927293 1.3220687717655495 44000
1694836958544 1.323331979390824 48000
1694836990885 1.3253138804619127 52000
1694837023957 1.3317491272268003 56000
1694837056218 1.3353259032509492 60000
1694837087195 1.3383494975844987 64000
1694837118762 1.3401198987664167 68000
1694837150914 1.3387230179886205 72000
1694837182636 1.3364949056532422 76000
1694837215663 1.3362915235855537 80000
1694837250525 1.3391779615743835 84000
1694837282857 1.3422152358301274 88000
1694837314655 1.3450448145361127 92000
1694837347108 1.3451471564889883 96000
1694837379213 1.346187339631796 100000
1694837410685 1.3456400893608906 104000
1694837442804 1.3449411183156785 108000
1694837474465 1.3428413614377148 112000
1694837506274 1.343270576786889 116000
1694837538666 1.3446478440748577 120000
1694837573444 1.3492212413886222 124000
1694837605945 1.3518783818324196 128000
1694837639919 1.3553653943282797 132000
1694837672834 1.3579394330150172 136000
1694837705180 1.3613046270305398 140000
1694837737424 1.3623346020202416 144000
1694837769324 1.361661390313972 148000
1694837802053 1.3603818505773757 152000
1694837834104 1.360325235955209 156000
1694837867612 1.3583382365541212 160000
1694837905553 1.3581303736800026 164000
1694837938927 1.3641194696740604 168000
1694837971349 1.3670500829592753 172000
1694838004856 1.3685175285843036 176000
1694838037005 1.3694021486979842 180000
1694838068160 1.3700228431491308 184000
1694838099543 1.3691483578722197 188000
1694838130945 1.3715160825415773 192000
1694838162305 1.3711224748530202 196000
1694838192973 1.3677953947129173 200000
1694838228927 1.3677542721566374 204000
1694838260207 1.37055100397067 208000
1694838291077 1.3740587301695124 212000
1694838322999 1.3753429226785823 216000
1694838354589 1.3755716469742214 220000
1694838385995 1.3750074296230448 224000
1694838417140 1.3753705905294316 228000
1694838447955 1.3742314769385764 232000
1694838479877 1.375196565647339 236000
1694838511813 1.3754297388643024 240000
1694838547437 1.3775753550787244 244000
1694838579914 1.3811796116136315 248000
1694838611904 1.3790183234678974 252000
1694838644048 1.3805887693708812 256000
1694838675394 1.3822801963175966 260000
1694838706709 1.3828819130741778 264000
1694838738518 1.381313007232838 268000
1694838771344 1.3820771130036953 272000
1694838804201 1.3824596771528115 276000
1694838837633 1.384882529405731 280000
1694838875230 1.3865413477596553 284000
1694838908254 1.3897437952036973 288000
1694838941144 1.3891698558834766 292000
1694838973718 1.3899656612287838 296000
1694839006785 1.3902121515560975 300000
1694839038535 1.3888155818303023 304000
1694839070293 1.3894074386550943 308000
1694839101689 1.3913245196448925 312000
1694839134694 1.3904080315181861 316000
1694839166721 1.3909142718747387 320000
1694839200719 1.3913971579974052 324000
1694839233238 1.3933736166737691 328000
1694839264809 1.3939760430062136 332000
1694839297175 1.394914775544411 336000
1694839328376 1.396127085255047 340000
1694839359666 1.3971481601069886 344000
1694839389757 1.3961723541039464 348000
1694839420748 1.3936025465140893 352000
1694839452022 1.3983015381379125 356000
1694839483010 1.3987980157233446 360000
1694839516246 1.398666496456346 364000
1694839547925 1.3980578390983591 368000
1694839579388 1.397442185105124 372000
1694839611632 1.3977478961047087 376000
1694839642718 1.3998565227882707 380000
1694839674354 1.4006210336850498 384000
1694839706694 1.4018994026271019 388000
1694839739465 1.4024359116455098 392000
1694839771428 1.4037561620015573 396000
1694839804077 1.4075011305692775 400000
1694839840543 1.4076909602026166 404000
1694839873372 1.4080130545882767 408000
1694839906110 1.4111987318625006 412000
1694839938406 1.4120544959187218 416000
1694839971103 1.412177053606111 420000
1694840003053 1.4131249069905718 424000
1694840035796 1.4122386004769718 428000
1694840067177 1.4135041898519969 432000
1694840099562 1.4151823351278132 436000
1694840132995 1.4156061168020524 440000
1694840170616 1.4157575312596746 444000
1694840204983 1.4171143673030333 448000
1694840237257 1.4194056248675753 452000
1694840270735 1.4207434436163975 456000
1694840302729 1.4223933554541095 460000
1694840335517 1.4232111784542665 464000
1694840366255 1.4202962468306575 468000
1694840399481 1.4224366038085807 472000
1694840430632 1.4239683706811945 476000
1694840462781 1.426632780323193 480000
1694840497992 1.4243626044588897 484000
1694840530106 1.4247566962600995 488000
1694840561930 1.4261379663148128 492000
1694840594019 1.4272221182915674 496000
1694840627435 1.4256341717867942 500000
1694840658603 1.4270425714486412 504000
1694840690146 1.4263889905790945 508000
1694840720692 1.4262503417316013 512000
1694840752295 1.4276073902024875 516000
1694840783572 1.428539336683043 520000
1694840820670 1.4315777015252225 524000
1694840855965 1.431761572189421 528000
1694840885084 1.4309810910431515 532000
1694840912132 1.431181607457601 536000
1694840940140 1.430593760517821 540000
1694840966282 1.4329017431178825 544000
1694840993111 1.4325274631621485 548000
1694841019309 1.4320026472916845 552000
1694841045935 1.433142818098597 556000
1694841073276 1.4297296125654135 560000
1694841101960 1.4306508487002374 564000
1694841128317 1.4305748850915676 568000
1694841154739 1.4287919171808405 572000
1694841181675 1.4277950195528293 576000
