1694836625392 8.4284874467382 4000
1694836654187 8.10199900536176 8000
1694836682326 7.868129850075672 12000
1694836712113 7.737866398042743 16000
1694836741784 7.652913026351236 20000
1694836771309 7.4659273866962135 24000
1694836802204 7.37650495432369 28000
1694836832548 7.343695296836955 32000
1694836863400 7.313144747933205 36000
1694836893271 7.289066763092299 40000
1694836927295 7.283707186282788 44000
1694836958545 7.291596271306672 48000
1694836990888 7.30027736336522 52000
1694837023958 7.323372131341986 56000
1694837056220 7.341711366553711 60000
1694837087197 7.348917471857074 64000
1694837118763 7.354439611480648 68000
1694837150915 7.349967167944226 72000
1694837182638 7.3360516924837205 76000
1694837215664 7.332908327420716 80000
1694837250527 7.34054069912057 84000
1694837282858 7.357179416293374 88000
1694837314656 7.369476618059473 92000
1694837347109 7.375705733636501 96000
1694837379214 7.36710425899593 100000
1694837410686 7.357065458942023 104000
1694837442806 7.347087843618649 108000
1694837474467 7.3463326916600655 112000
1694837506275 7.339376786048058 116000
1694837538667 7.339416570074004 120000
1694837573445 7.343023526238728 124000
1694837605947 7.355309011509795 128000
1694837639920 7.3753986280329284 132000
1694837672836 7.394223597718651 136000
1694837705182 7.3929808354901345 140000
1694837737426 7.396107482175987 144000
1694837769326 7.393469966555347 148000
1694837802055 7.385452575839651 152000
1694837834106 7.383552198874047 156000
1694837867615 7.380546988269527 160000
1694837905555 7.390223378183171 164000
1694837938928 7.4071279384790705 168000
1694837971351 7.4101422724562305 172000
1694838004858 7.416873566527838 176000
1694838037006 7.427977750176626 180000
1694838068163 7.424394468445269 184000
1694838099545 7.423502744607233 188000
1694838130946 7.411470156386794 192000
1694838162306 7.408400857620491 196000
1694838192974 7.39914855776473 200000
1694838228928 7.3983884452090765 204000
1694838260209 7.404036714527467 208000
1694838291078 7.396699887828979 212000
1694838323001 7.401596858344753 216000
1694838354591 7.406516224178144 220000
1694838385996 7.401110895679522 224000
1694838417141 7.3955927616743296 228000
1694838447957 7.387968558659111 232000
1694838479879 7.399565811647909 236000
1694838511814 7.405130815604166 240000
1694838547439 7.4191925946965895 244000
1694838579915 7.420026746366674 248000
1694838611905 7.4226291419384856 252000
1694838644050 7.416885508168689 256000
1694838675395 7.412773044154726 260000
1694838706711 7.414656174638873 264000
1694838738519 7.407025489462753 268000
1694838771345 7.413650894238151 272000
1694838804203 7.411886814711406 276000
1694838837635 7.414244583395291 280000
1694838875232 7.419768401067024 284000
1694838908255 7.43169248109624 288000
1694838941145 7.439423394173247 292000
1694838973719 7.443760380721101 296000
1694839006787 7.452642955622389 300000
1694839038537 7.444902266346552 304000
1694839070294 7.43988749494256 308000
1694839101691 7.42854357865226 312000
1694839134696 7.434291905087198 316000
1694839166723 7.440448306865164 320000
1694839200721 7.452343318662867 324000
1694839233256 7.447078798482489 328000
1694839264811 7.440231977917578 332000
1694839297176 7.448152087844559 336000
1694839328377 7.44419127222299 340000
1694839359667 7.446844644492905 344000
1694839389758 7.441072463459924 348000
1694839420750 7.423570209156635 352000
1694839452024 7.430496348597423 356000
1694839483012 7.426251025721415 360000
1694839516247 7.429179865420954 364000
1694839547927 7.419490762737707 368000
1694839579390 7.42357968868016 372000
1694839611634 7.4289792557923935 376000
1694839642720 7.431714290012314 380000
1694839674356 7.428731135837415 384000
1694839706696 7.431535247950052 388000
1694839739466 7.432598018163699 392000
1694839771429 7.436873200185817 396000
1694839804078 7.434260661317491 400000
1694839840545 7.448249543589085 404000
1694839873374 7.445330584599079 408000
1694839906112 7.439472876334788 412000
1694839938408 7.438581984875093 416000
1694839971104 7.445302075210685 420000
1694840003055 7.450164346172496 424000
1694840035799 7.440330608745155 428000
1694840067179 7.446828819779107 432000
1694840099563 7.444009468856679 436000
1694840132997 7.453381001159566 440000
1694840170617 7.455337570617016 444000
1694840204984 7.467447840692469 448000
1694840237258 7.4684122281451435 452000
1694840270737 7.471151020586648 456000
1694840302731 7.468368872671189 460000
1694840335519 7.462477296270549 464000
1694840366257 7.475744953429142 468000
1694840399482 7.466857957370366 472000
1694840430634 7.468423546964171 476000
1694840462783 7.4663841548230705 480000
1694840497993 7.462623798247808 484000
1694840530108 7.4723166369115965 488000
1694840561932 7.472953085725704 492000
1694840594020 7.4741801815849875 496000
1694840627436 7.454871499565865 500000
1694840658605 7.454427035509581 504000
1694840690148 7.45851535783552 508000
1694840720694 7.469229888931144 512000
1694840752297 7.451780267550865 516000
1694840783574 7.446452948292543 520000
1694840820671 7.458495911120332 524000
1694840855967 7.479360610405796 528000
1694840885086 7.468891903666075 532000
1694840912134 7.464704178830991 536000
1694840940142 7.47936096783444 540000
1694840966283 7.4824498882473565 544000
1694840993113 7.467950890847224 548000
1694841019311 7.453028315425827 552000
1694841045936 7.4482675200837845 556000
1694841073278 7.452222673028236 560000
1694841101961 7.435269210707949 564000
1694841128318 7.422275417273513 568000
1694841154740 7.426321889248868 572000
1694841181677 7.42531025826673 576000
