1694836625393 0.5928193244553565 4000
1694836654188 0.558095622190795 8000
1694836682327 0.5280395833969957 12000
1694836712115 0.5034624670104146 16000
1694836741785 0.481901414311854 20000
1694836771312 0.4500412340054645 24000
1694836802206 0.42932346362894447 28000
1694836832550 0.41941737055088935 32000
1694836863401 0.4141766849032437 36000
1694836893272 0.40799809671717696 40000
1694836927296 0.4049918794161113 44000
1694836958547 0.3998608899403198 48000
1694836990890 0.398893791371237 52000
1694837023959 0.39818733506155085 56000
1694837056222 0.3984474028957186 60000
1694837087199 0.3991387845673087 64000
1694837118764 0.39654053039208326 68000
1694837150917 0.3969754980901313 72000
1694837182641 0.3947742762392892 76000
1694837215666 0.3940539326601932 80000
1694837250528 0.3946718929006224 84000
1694837282859 0.3962523128152076 88000
1694837314658 0.39636979180678095 92000
1694837347111 0.39745223711030925 96000
1694837379215 0.3955145936187817 100000
1694837410687 0.3953252079684884 104000
1694837442808 0.39450405586773135 108000
1694837474468 0.3954509223545399 112000
1694837506276 0.3933427467022759 116000
1694837538668 0.39241668140597313 120000
1694837573446 0.39121447729492764 124000
1694837605948 0.3920919701510105 128000
1694837639922 0.39210224202773014 132000
1694837672837 0.3929354752701551 136000
1694837705183 0.39343013630460427 140000
1694837737429 0.39288340130568905 144000
1694837769327 0.3930911159806555 148000
1694837802057 0.3923961544621811 152000
1694837834109 0.391468773674813 156000
1694837867617 0.3931174975236471 160000
1694837905556 0.3927945687812779 164000
1694837938930 0.3928579189009332 168000
1694837971352 0.3939032859362973 172000
1694838004860 0.3930667973045121 176000
1694838037007 0.39361575445509317 180000
1694838068164 0.3937527450467402 184000
1694838099546 0.39254753017511634 188000
1694838130948 0.39165675619329476 192000
1694838162308 0.3906403024174932 196000
1694838192975 0.3907777349531123 200000
1694838228929 0.39080672822116197 204000
1694838260210 0.39130973104511546 208000
1694838291080 0.3895514116659482 212000
1694838323003 0.39043194219620775 216000
1694838354592 0.39055263935376916 220000
1694838385997 0.39071684315346433 224000
1694838417142 0.38990653692972854 228000
1694838447958 0.3899452547827424 232000
1694838479880 0.3897239986290122 236000
1694838511816 0.3900491711715186 240000
1694838547440 0.3914301999332895 244000
1694838579917 0.39083371258846794 248000
1694838611907 0.3913393336988971 252000
1694838644051 0.3910368252996368 256000
1694838675396 0.39142354597277756 260000
1694838706712 0.3908020998616975 264000
1694838738521 0.39023962884600494 268000
1694838771347 0.3896458616791142 272000
1694838804205 0.39176264356948143 276000
1694838837636 0.39013942973494214 280000
1694838875234 0.3903981611495632 284000
1694838908256 0.38939914334135084 288000
1694838941147 0.3910205399709459 292000
1694838973721 0.3907594809825455 296000
1694839006788 0.3907232140644216 300000
1694839038538 0.3920879306389087 304000
1694839070295 0.3894388014436565 308000
1694839101692 0.38934158534200614 312000
1694839134697 0.3909823466039889 316000
1694839166724 0.3898923538752899 320000
1694839200722 0.39083745810291726 324000
1694839233257 0.3899598349381856 328000
1694839264813 0.3915675894481177 332000
1694839297177 0.3911530577016114 336000
1694839328378 0.3907394422683644 340000
1694839359668 0.39138972432722396 344000
1694839389760 0.3914363395518041 348000
1694839420751 0.39131484435876995 352000
1694839452026 0.3904536809013003 356000
1694839483014 0.3903356901414078 360000
1694839516249 0.3897516767740054 364000
1694839547929 0.39049710719978115 368000
1694839579391 0.3896400270795217 372000
1694839611635 0.38889791247684957 376000
1694839642722 0.38941260218170226 380000
1694839674357 0.38914682509117826 384000
1694839706697 0.38845678392241517 388000
1694839739467 0.3887475805909757 392000
1694839771431 0.3894980011914989 396000
1694839804080 0.38894111050633157 400000
1694839840548 0.3902524019121416 404000
1694839873375 0.3899777786675798 408000
1694839906113 0.39071144072431574 412000
1694839938409 0.3905489804623161 416000
1694839971106 0.390055627089968 420000
1694840003056 0.39031205539798014 424000
1694840035801 0.3899798425479984 428000
1694840067181 0.38922011051456806 432000
1694840099564 0.3905782608229723 436000
1694840132999 0.38955347511199995 440000
1694840170619 0.39177982552532475 444000
1694840204985 0.38934083802619296 448000
1694840237260 0.3913006612313951 452000
1694840270738 0.39121752958063993 456000
1694840302732 0.39000094581313466 460000
1694840335520 0.3904186718557017 464000
1694840366259 0.3912974602531623 468000
1694840399484 0.3906455705200728 472000
1694840430636 0.3907621980096644 476000
1694840462786 0.3907829335304994 480000
1694840497995 0.39066032599050854 484000
1694840530110 0.3920423708128926 488000
1694840561933 0.3899429579304267 492000
1694840594021 0.3917171619812462 496000
1694840627438 0.3915156487992108 500000
1694840658608 0.3916795908526355 504000
1694840690151 0.38979295167257216 508000
1694840720695 0.39018612037457145 512000
1694840752298 0.3901958699504684 516000
1694840783575 0.39014889362072613 520000
1694840820673 0.39257711045317173 524000
1694840855968 0.38872640499022615 528000
1694840885088 0.39016502049538526 532000
1694840912135 0.38965832744302403 536000
1694840940143 0.3898955683112126 540000
1694840966284 0.3884073049780513 544000
1694840993115 0.3896728820580709 548000
1694841019312 0.3893773686324658 552000
1694841045937 0.38939535966736427 556000
1694841073279 0.390447310814525 560000
1694841101962 0.38920053735868543 564000
1694841128319 0.3881738797096327 568000
1694841154741 0.38830956775887693 572000
1694841181678 0.3878053017160027 576000
