1694836625396 0.0 4000
1694836654190 0.0 8000
1694836682330 0.0 12000
1694836712134 0.0 16000
1694836741790 0.0 20000
1694836771316 0.0 24000
1694836802211 0.0 28000
1694836832570 0.0 32000
1694836863404 0.0 36000
1694836893275 0.0 40000
1694836927299 0.0 44000
1694836958550 0.0 48000
1694836990895 0.0 52000
1694837023962 0.0 56000
1694837056227 0.0 60000
1694837087201 0.0 64000
1694837118766 0.0 68000
1694837150922 0.0 72000
1694837182645 0.0 76000
1694837215669 0.0 80000
1694837250531 0.0 84000
1694837282862 0.0 88000
1694837314661 0.0 92000
1694837347113 0.0 96000
1694837379218 0.0 100000
1694837410690 0.0 104000
1694837442810 0.0 108000
1694837474470 0.0 112000
1694837506281 0.0 116000
1694837538671 0.0 120000
1694837573450 0.0 124000
1694837605953 0.0 128000
1694837639924 0.0 132000
1694837672840 0.0 136000
1694837705186 0.0 140000
1694837737432 0.0 144000
1694837769329 0.0 148000
1694837802062 0.0 152000
1694837834113 0.0 156000
1694837867620 0.0 160000
1694837905562 0.0 164000
1694837938932 0.0 168000
1694837971356 0.0 172000
1694838004865 0.0 176000
1694838037011 0.0 180000
1694838068189 0.0 184000
1694838099550 0.0 188000
1694838130951 0.0 192000
1694838162310 0.0 196000
1694838192978 0.0 200000
1694838228932 0.0 204000
1694838260213 0.0 208000
1694838291082 0.0 212000
1694838323006 0.0 216000
1694838354594 0.0 220000
1694838386001 0.0 224000
1694838417145 0.0 228000
1694838447961 0.0 232000
1694838479883 0.0 236000
1694838511819 0.0 240000
1694838547443 0.0 244000
1694838579921 0.0 248000
1694838611909 0.0 252000
1694838644053 0.0 256000
1694838675399 0.0 260000
1694838706715 0.0 264000
1694838738525 0.0 268000
1694838771349 0.0 272000
1694838804209 0.0 276000
1694838837639 0.0 280000
1694838875238 0.0 284000
1694838908259 0.0 288000
1694838941149 0.0 292000
1694838973724 0.0 296000
1694839006791 0.0 300000
1694839038541 0.0 304000
1694839070298 0.0 308000
1694839101695 0.0 312000
1694839134700 0.0 316000
1694839166727 0.0 320000
1694839200725 0.0 324000
1694839233261 0.0 328000
1694839264817 0.0 332000
1694839297182 0.0 336000
1694839328382 0.0 340000
1694839359671 0.0 344000
1694839389762 0.0 348000
1694839420753 0.0 352000
1694839452030 0.0 356000
1694839483018 0.0 360000
1694839516252 0.0 364000
1694839547932 0.0 368000
1694839579394 0.0 372000
1694839611639 0.0 376000
1694839642727 0.0 380000
1694839674359 0.0 384000
1694839706700 0.0 388000
1694839739470 0.0 392000
1694839771434 0.0 396000
1694839804082 0.0 400000
1694839840551 0.0 404000
1694839873378 0.0 408000
1694839906116 0.0 412000
1694839938411 0.0 416000
1694839971109 0.0 420000
1694840003059 0.0 424000
1694840035804 0.0 428000
1694840067183 0.0 432000
1694840099567 0.0 436000
1694840133003 0.0 440000
1694840170621 0.0 444000
1694840204988 0.0 448000
1694840237262 0.0 452000
1694840270741 0.0 456000
1694840302734 0.0 460000
1694840335522 0.0 464000
1694840366262 0.0 468000
1694840399486 0.0 472000
1694840430638 0.0 476000
1694840462790 0.0 480000
1694840497999 0.0 484000
1694840530112 0.0 488000
1694840561935 0.0 492000
1694840594024 0.0 496000
1694840627440 0.0 500000
1694840658612 0.0 504000
1694840690155 0.0 508000
1694840720698 0.0 512000
1694840752300 0.0 516000
1694840783578 0.0 520000
1694840820675 0.0 524000
1694840855970 0.0 528000
1694840885090 0.0 532000
1694840912138 0.0 536000
1694840940147 0.0 540000
1694840966288 0.0 544000
1694840993118 0.0 548000
1694841019314 0.0 552000
1694841045939 0.0 556000
1694841073281 0.0 560000
1694841101964 0.0 564000
1694841128322 0.0 568000
1694841154743 0.0 572000
1694841181680 0.0 576000
