1694836624982 -1.036 4000
1694836653989 -1.036 8000
1694836682087 -1.036 12000
1694836711744 -1.037 16000
1694836741573 -1.037 20000
1694836770844 -1.042 24000
1694836801969 -1.042 28000
1694836832184 -1.051 32000
1694836863166 -1.051 36000
1694836893031 -1.051 40000
1694836927053 -1.051 44000
1694836958329 -1.017 48000
1694836990633 -1.018 52000
1694837023677 -1.018 56000
1694837055995 -1.018 60000
1694837086969 -1.018 64000
1694837118507 -1.016 68000
1694837150679 -1.019 72000
1694837182404 -1.019 76000
1694837215404 -1.0239999999999998 80000
1694837250125 -1.0239999999999998 84000
1694837282604 -1.036 88000
1694837314412 -1.038 92000
1694837346857 -1.038 96000
1694837378952 -1.038 100000
1694837410442 -1.023 104000
1694837442558 -1.022 108000
1694837474196 -1.022 112000
1694837506033 -1.017 116000
1694837538437 -1.017 120000
1694837573195 -1.021 124000
1694837605701 -1.023 128000
1694837639643 -1.026 132000
1694837672411 -1.026 136000
1694837704933 -1.026 140000
1694837737155 -1.017 144000
1694837769074 -1.015 148000
1694837801804 -1.021 152000
1694837833848 -1.021 156000
1694837867378 -1.0199999999999998 160000
1694837905311 -1.0119999999999998 164000
1694837938699 -1.015 168000
1694837970915 -1.018 172000
1694838004637 -1.018 176000
1694838036790 -1.021 180000
1694838067968 -1.021 184000
1694838099334 -1.021 188000
1694838130693 -1.012 192000
1694838162113 -1.012 196000
1694838192773 -1.019 200000
1694838228692 -1.012 204000
1694838260017 -1.0199999999999998 208000
1694838290813 -1.0199999999999998 212000
1694838322771 -1.011 216000
1694838354373 -1.011 220000
1694838385801 -1.01 224000
1694838416927 -1.015 228000
1694838447746 -1.017 232000
1694838479678 -1.025 236000
1694838511462 -1.021 240000
1694838547196 -1.02 244000
1694838579701 -1.011 248000
1694838611712 -1.016 252000
1694838643844 -1.013 256000
1694838675200 -1.013 260000
1694838706480 -1.013 264000
1694838738333 -1.012 268000
1694838771139 -1.015 272000
1694838803967 -1.013 276000
1694838837363 -1.015 280000
1694838874972 -1.015 284000
1694838907978 -1.011 288000
1694838940925 -1.009 292000
1694838973506 -1.019 296000
1694839006575 -1.024 300000
1694839038299 -1.009 304000
1694839070080 -1.007 308000
1694839101476 -1.007 312000
1694839134490 -1.005 316000
1694839166530 -1.011 320000
1694839200511 -1.017 324000
1694839232809 -1.014 328000
1694839264604 -1.022 332000
1694839296977 -1.007 336000
1694839328155 -1.013 340000
1694839359479 -1.01 344000
1694839389552 -1.029 348000
1694839420525 -1.009 352000
1694839451805 -1.0199999999999998 356000
1694839482791 -1.006 360000
1694839516035 -1.004 364000
1694839547727 -1.009 368000
1694839579191 -1.016 372000
1694839611434 -1.0119999999999998 376000
1694839642522 -1.003 380000
1694839674147 -1.007 384000
1694839706496 -1.011 388000
1694839739250 -1.005 392000
1694839771042 -1.006 396000
1694839803862 -1.006 400000
1694839840305 -1.016 404000
1694839873188 -1.008 408000
1694839905891 -1.005 412000
1694839938163 -1.003 416000
1694839970885 -1.005 420000
1694840002850 -1.003 424000
1694840035575 -1.005 428000
1694840066966 -1.005 432000
1694840099352 -1.005 436000
1694840132623 -1.005 440000
1694840170378 -1.009 444000
1694840204778 -1.002 448000
1694840237048 -1.002 452000
1694840270503 -1.009 456000
1694840302523 -1.002 460000
1694840335303 -1.003 464000
1694840366056 -1.004 468000
1694840399276 -1.009 472000
1694840430279 -1.013 476000
1694840462550 -1.0039999999999998 480000
1694840497765 -1.001 484000
1694840529872 -1.002 488000
1694840561722 -1.005 492000
1694840593770 -1.004 496000
1694840627232 -1.004 500000
1694840658397 -1.002 504000
1694840689951 -1.003 508000
1694840720482 -1.002 512000
1694840752098 -1.002 516000
1694840783367 -1.017 520000
1694840820432 -1.0039999999999998 524000
1694840855757 -1.004 528000
1694840884895 -1.002 532000
1694840911744 -1.001 536000
1694840939934 -1.002 540000
1694840966077 -1.005 544000
1694840992931 -1.003 548000
1694841019111 -1.001 552000
1694841045737 -1.001 556000
1694841073063 -1.001 560000
1694841101762 -1.003 564000
1694841128061 -1.002 568000
1694841154549 -1.007 572000
1694841181368 -1.001 576000
