1694836624980 -1.027 4000
1694836653987 -1.027 8000
1694836682085 -1.027 12000
1694836711743 -1.034 16000
1694836741572 -1.034 20000
1694836770843 -1.034 24000
1694836801966 -1.034 28000
1694836832183 -1.034 32000
1694836863164 -1.034 36000
1694836893029 -1.034 40000
1694836927051 -1.031 44000
1694836958328 -1.031 48000
1694836990631 -1.028 52000
1694837023675 -1.028 56000
1694837055992 -1.036 60000
1694837086967 -1.036 64000
1694837118506 -1.036 68000
1694837150677 -1.036 72000
1694837182402 -1.029 76000
1694837215403 -1.029 80000
1694837250123 -1.015 84000
1694837282602 -1.015 88000
1694837314411 -1.024 92000
1694837346856 -1.024 96000
1694837378950 -1.024 100000
1694837410440 -1.023 104000
1694837442556 -1.021 108000
1694837474193 -1.032 112000
1694837506031 -1.032 116000
1694837538434 -1.032 120000
1694837573193 -1.013 124000
1694837605698 -1.013 128000
1694837639640 -1.007 132000
1694837672409 -1.007 136000
1694837704931 -1.019 140000
1694837737152 -1.019 144000
1694837769073 -1.009 148000
1694837801802 -1.002 152000
1694837833846 -1.005 156000
1694837867377 -1.005 160000
1694837905309 -1.0119999999999998 164000
1694837938697 -1.0119999999999998 168000
1694837970914 -1.009 172000
1694838004636 -1.004 176000
1694838036789 -1.016 180000
1694838067967 -1.016 184000
1694838099333 -1.009 188000
1694838130691 -1.017 192000
1694838162112 -1.017 196000
1694838192772 -1.01 200000
1694838228690 -1.006 204000
1694838260016 -1.003 208000
1694838290812 -1.013 212000
1694838322770 -1.015 216000
1694838354371 -1.015 220000
1694838385799 -1.003 224000
1694838416925 -1.006 228000
1694838447744 -1.006 232000
1694838479676 -1.005 236000
1694838511461 -1.007 240000
1694838547194 -1.007 244000
1694838579699 -1.007 248000
1694838611710 -1.002 252000
1694838643843 -1.004 256000
1694838675199 -1.008 260000
1694838706479 -1.004 264000
1694838738332 -0.522 268000
1694838771136 -1.005 272000
1694838803965 -1.001 276000
1694838837361 -1.004 280000
1694838874969 -1.005 284000
1694838907976 -1.005 288000
1694838940924 -1.01 292000
1694838973503 -1.026 296000
1694839006574 -1.003 300000
1694839038298 -1.004 304000
1694839070079 -1.001 308000
1694839101474 -1.0 312000
1694839134488 -1.001 316000
1694839166529 -1.001 320000
1694839200509 -1.005 324000
1694839232806 -1.002 328000
1694839264603 -1.004 332000
1694839296976 -1.002 336000
1694839328135 -1.003 340000
1694839359477 -1.01 344000
1694839389550 -1.007 348000
1694839420523 -1.007 352000
1694839451804 -1.004 356000
1694839482790 -1.004 360000
1694839516033 -1.004 364000
1694839547726 -1.005 368000
1694839579190 -1.003 372000
1694839611433 -1.002 376000
1694839642520 -1.001 380000
1694839674146 -0.502 384000
1694839706494 -1.004 388000
1694839739248 -1.002 392000
1694839771041 -1.005 396000
1694839803860 -1.003 400000
1694839840304 -1.005 404000
1694839873186 -1.005 408000
1694839905889 -1.002 412000
1694839938162 -1.004 416000
1694839970884 -1.002 420000
1694840002849 -1.002 424000
1694840035572 -1.0 428000
1694840066965 -1.008 432000
1694840099351 -1.021 436000
1694840132622 -1.004 440000
1694840170375 -1.001 444000
1694840204776 -1.002 448000
1694840237047 -1.0 452000
1694840270501 -1.003 456000
1694840302521 -1.003 460000
1694840335301 -1.003 464000
1694840366055 -1.0 468000
1694840399273 -1.003 472000
1694840430277 -1.001 476000
1694840462548 -1.006 480000
1694840497764 -1.002 484000
1694840529871 -1.003 488000
1694840561721 -1.001 492000
1694840593769 -1.002 496000
1694840627230 -1.006 500000
1694840658396 -1.001 504000
1694840689950 -1.001 508000
1694840720480 -1.002 512000
1694840752097 -1.003 516000
1694840783366 -0.502 520000
1694840820430 -1.003 524000
1694840855756 -1.0039999999999998 528000
1694840884893 -1.0 532000
1694840911742 -1.002 536000
1694840939933 -1.001 540000
1694840966076 -1.001 544000
1694840992930 -1.0 548000
1694841019110 -1.001 552000
1694841045735 -1.001 556000
1694841073061 -1.0 560000
1694841101761 -1.002 564000
1694841128060 -1.002 568000
1694841154547 -1.001 572000
1694841181366 -1.003 576000
