1694832172954 1.064 4000
1694832209766 1.306 8000
1694832246490 1.306 12000
1694832283079 1.345 16000
1694832317401 1.345 20000
1694832348928 1.345 24000
1694832378764 1.345 28000
1694832408867 1.307 32000
1694832440595 1.307 36000
1694832471996 1.307 40000
1694832507648 1.3119999999999998 44000
1694832536592 1.3119999999999998 48000
1694832564249 1.3119999999999998 52000
1694832596655 1.3279999999999998 56000
1694832625890 1.444 60000
1694832655130 1.444 64000
1694832683616 1.444 68000
1694832713237 1.444 72000
1694832742138 1.444 76000
1694832770522 1.354 80000
1694832799971 1.279 84000
1694832829498 1.279 88000
1694832858454 1.203 92000
1694832888068 1.345 96000
1694832916594 1.345 100000
1694832946372 1.345 104000
1694832974498 1.345 108000
1694833003589 1.337 112000
1694833032420 1.337 116000
1694833062038 1.337 120000
1694833092114 1.2839999999999998 124000
1694833121693 1.2839999999999998 128000
1694833150653 1.2839999999999998 132000
1694833180561 1.2839999999999998 136000
1694833209461 1.287 140000
1694833239267 1.2970000000000002 144000
1694833267964 1.2970000000000002 148000
1694833296857 1.2970000000000002 152000
1694833325904 1.2970000000000002 156000
1694833355591 1.236 160000
1694833389422 1.338 164000
1694833420410 1.338 168000
1694833449786 1.351 172000
1694833480584 1.351 176000
1694833509680 1.351 180000
1694833538320 1.351 184000
1694833568332 1.326 188000
1694833603503 1.326 192000
1694833632966 1.311 196000
1694833663158 1.311 200000
1694833692629 1.286 204000
1694833718797 1.286 208000
1694833743481 1.405 212000
1694833768087 1.405 216000
1694833793032 1.405 220000
1694833817040 1.405 224000
1694833841799 1.314 228000
1694833866005 1.314 232000
1694833890808 1.325 236000
1694833914872 1.37 240000
1694833939989 1.37 244000
1694833964760 1.37 248000
1694833988929 1.37 252000
1694834013952 1.403 256000
1694834038185 1.408 260000
1694834062160 1.408 264000
1694834086758 1.408 268000
1694834111073 1.42 272000
1694834135713 1.42 276000
1694834160125 1.4260000000000002 280000
1694834186731 1.4260000000000002 284000
1694834219449 1.4260000000000002 288000
1694834253279 1.4260000000000002 292000
1694834285597 1.363 296000
1694834318082 1.383 300000
1694834347513 1.383 304000
1694834376926 1.383 308000
1694834412438 1.383 312000
1694834450589 1.3860000000000001 316000
1694834485733 1.3860000000000001 320000
1694834524712 1.3860000000000001 324000
1694834560394 1.3860000000000001 328000
1694834603369 1.38 332000
1694834644096 1.38 336000
1694834689259 1.38 340000
1694834723466 1.38 344000
