1694832172936 0.854 4000
1694832209764 1.087 8000
1694832246488 1.087 12000
1694832283076 1.326 16000
1694832317400 1.326 20000
1694832348926 1.326 24000
1694832378762 1.326 28000
1694832408865 1.326 32000
1694832440592 1.317 36000
1694832471993 1.317 40000
1694832507647 1.317 44000
1694832536591 1.294 48000
1694832564248 1.294 52000
1694832596653 1.294 56000
1694832625888 1.318 60000
1694832655129 1.318 64000
1694832683615 1.318 68000
1694832713236 1.318 72000
1694832742137 1.318 76000
1694832770521 1.397 80000
1694832799970 1.397 84000
1694832829496 1.397 88000
1694832858452 1.397 92000
1694832888067 1.397 96000
1694832916592 1.346 100000
1694832946371 1.346 104000
1694832974496 1.383 108000
1694833003588 1.383 112000
1694833032419 1.4300000000000002 116000
1694833062035 1.4300000000000002 120000
1694833092113 1.4300000000000002 124000
1694833121692 1.4300000000000002 128000
1694833150652 1.4300000000000002 132000
1694833180560 1.423 136000
1694833209460 1.423 140000
1694833239265 1.293 144000
1694833267963 1.293 148000
1694833296855 1.293 152000
1694833325903 1.3199999999999998 156000
1694833355589 1.3199999999999998 160000
1694833389421 1.3639999999999999 164000
1694833420409 1.3639999999999999 168000
1694833449785 1.3639999999999999 172000
1694833480583 1.3639999999999999 176000
1694833509679 1.3639999999999999 180000
1694833538318 1.33 184000
1694833568330 1.367 188000
1694833603500 1.367 192000
1694833632964 1.367 196000
1694833663156 1.373 200000
1694833692628 1.429 204000
1694833718795 1.429 208000
1694833743479 1.429 212000
1694833768086 1.429 216000
1694833793030 1.4020000000000001 220000
1694833817039 1.4020000000000001 224000
1694833841798 1.388 228000
1694833866004 1.388 232000
1694833890807 1.363 236000
1694833914871 1.454 240000
1694833939988 1.454 244000
1694833964759 1.454 248000
1694833988928 1.454 252000
1694834013951 1.337 256000
1694834038184 1.337 260000
1694834062159 1.26 264000
1694834086757 1.3860000000000001 268000
1694834111072 1.3860000000000001 272000
1694834135712 1.3860000000000001 276000
1694834160124 1.463 280000
1694834186729 1.463 284000
1694834219448 1.463 288000
1694834253277 1.463 292000
1694834285595 1.463 296000
1694834318081 1.413 300000
1694834347511 1.413 304000
1694834376925 1.413 308000
1694834412436 1.413 312000
1694834450587 1.411 316000
1694834485731 1.403 320000
1694834524711 1.3940000000000001 324000
1694834560392 1.3940000000000001 328000
1694834603368 1.3940000000000001 332000
1694834644095 1.3940000000000001 336000
1694834689256 1.35 340000
1694834723464 1.35 344000
