1694832173079 0.0 4000
1694832209920 0.0 8000
1694832246564 0.0 12000
1694832283178 0.0 16000
1694832317487 0.0 20000
1694832349000 0.0 24000
1694832378841 0.0 28000
1694832408947 0.0 32000
1694832440682 0.0 36000
1694832472086 0.0 40000
1694832507705 0.0 44000
1694832536649 0.0 48000
1694832564320 0.0 52000
1694832596720 0.0 56000
1694832625949 0.0 60000
1694832655196 0.0 64000
1694832683679 0.0 68000
1694832713297 0.0 72000
1694832742202 0.0 76000
1694832770589 0.0 80000
1694832800050 0.0 84000
1694832829563 0.0 88000
1694832858512 0.0 92000
1694832888133 0.0 96000
1694832916669 0.0 100000
1694832946435 0.0 104000
1694832974566 0.0 108000
1694833003653 0.0 112000
1694833032499 0.0 116000
1694833062114 0.0 120000
1694833092181 0.0 124000
1694833121763 0.0 128000
1694833150723 0.0 132000
1694833180628 0.0 136000
1694833209525 0.0 140000
1694833239333 0.0 144000
1694833268028 0.0 148000
1694833296928 0.0 152000
1694833325976 0.0 156000
1694833355658 0.0 160000
1694833389507 0.0 164000
1694833420478 0.0 168000
1694833449854 0.0 172000
1694833480651 0.0 176000
1694833509738 0.0 180000
1694833538387 0.0 184000
1694833568471 0.0 188000
1694833603586 0.0 192000
1694833633045 0.0 196000
1694833663230 0.0 200000
1694833692693 0.0 204000
1694833718856 0.0 208000
1694833743544 0.0 212000
1694833768144 0.0 216000
1694833793087 0.0 220000
1694833817098 0.0 224000
1694833841865 0.0 228000
1694833866065 0.0 232000
1694833890929 0.0 236000
1694833914923 0.0 240000
1694833940050 0.0 244000
1694833964817 0.0 248000
1694833988994 0.0 252000
1694834014017 0.0 256000
1694834038242 0.0 260000
1694834062223 0.0 264000
1694834086821 0.0 268000
1694834111130 0.0 272000
1694834135782 0.0 276000
1694834160186 0.0 280000
1694834186800 0.0 284000
1694834219516 0.0 288000
1694834253424 0.0 292000
1694834285658 0.0 296000
1694834318153 0.0 300000
1694834347579 0.0 304000
1694834377004 0.0 308000
1694834412601 0.0 312000
1694834450754 0.0 316000
1694834485801 0.0 320000
1694834524807 0.0 324000
1694834560499 0.0 328000
1694834603475 0.0 332000
1694834644174 0.0 336000
1694834689377 0.0 340000
1694834723528 0.0 344000
