1694832173082 0.0 4000
1694832209922 0.0 8000
1694832246566 0.0 12000
1694832283181 0.0 16000
1694832317489 0.0 20000
1694832349001 0.0 24000
1694832378843 0.0 28000
1694832408949 0.0 32000
1694832440684 0.0 36000
1694832472088 0.0 40000
1694832507706 0.0 44000
1694832536651 0.0 48000
1694832564322 0.0 52000
1694832596721 0.0 56000
1694832625950 0.0 60000
1694832655197 0.0 64000
1694832683681 0.0 68000
1694832713298 0.0 72000
1694832742204 0.0 76000
1694832770590 0.0 80000
1694832800052 0.0 84000
1694832829564 0.0 88000
1694832858514 0.0 92000
1694832888135 0.0 96000
1694832916670 0.0 100000
1694832946436 0.0 104000
1694832974567 0.0 108000
1694833003655 0.0 112000
1694833032500 0.0 116000
1694833062116 0.0 120000
1694833092183 0.0 124000
1694833121764 0.0 128000
1694833150724 0.0 132000
1694833180630 0.0 136000
1694833209526 0.0 140000
1694833239334 0.0 144000
1694833268029 0.0 148000
1694833296930 0.0 152000
1694833325978 0.0 156000
1694833355660 0.0 160000
1694833389509 0.0 164000
1694833420479 0.0 168000
1694833449856 0.0 172000
1694833480652 0.0 176000
1694833509739 0.0 180000
1694833538388 0.0 184000
1694833568474 0.0 188000
1694833603587 0.0 192000
1694833633046 0.0 196000
1694833663232 0.0 200000
1694833692694 0.0 204000
1694833718857 0.0 208000
1694833743544 0.0 212000
1694833768145 0.0 216000
1694833793088 0.0 220000
1694833817099 0.0 224000
1694833841867 0.0 228000
1694833866067 0.0 232000
1694833890931 0.0 236000
1694833914924 0.0 240000
1694833940051 0.0 244000
1694833964818 0.0 248000
1694833988995 0.0 252000
1694834014018 0.0 256000
1694834038243 0.0 260000
1694834062225 0.0 264000
1694834086822 0.0 268000
1694834111132 0.0 272000
1694834135784 0.0 276000
1694834160187 0.0 280000
1694834186801 0.0 284000
1694834219517 0.0 288000
1694834253426 0.0 292000
1694834285659 0.0 296000
1694834318154 0.0 300000
1694834347582 0.0 304000
1694834377006 0.0 308000
1694834412621 0.0 312000
1694834450772 0.0 316000
1694834485803 0.0 320000
1694834524809 0.0 324000
1694834560501 0.0 328000
1694834603476 0.0 332000
1694834644175 0.0 336000
1694834689379 0.0 340000
1694834723529 0.0 344000
