1694832173116 0.0 4000
1694832209959 0.0 8000
1694832246588 0.0 12000
1694832283200 0.0 16000
1694832317501 0.0 20000
1694832349011 0.0 24000
1694832378855 0.0 28000
1694832408959 0.0 32000
1694832440702 0.0 36000
1694832472105 0.0 40000
1694832507716 0.0 44000
1694832536660 0.0 48000
1694832564334 0.0 52000
1694832596731 0.0 56000
1694832625960 0.0 60000
1694832655208 0.0 64000
1694832683692 0.0 68000
1694832713310 0.0 72000
1694832742214 0.0 76000
1694832770606 0.0 80000
1694832800065 0.0 84000
1694832829576 0.0 88000
1694832858524 0.0 92000
1694832888147 0.0 96000
1694832916681 0.0 100000
1694832946446 0.0 104000
1694832974579 0.0 108000
1694833003668 0.0 112000
1694833032517 0.0 116000
1694833062127 0.0 120000
1694833092199 0.0 124000
1694833121776 0.0 128000
1694833150735 0.0 132000
1694833180642 0.0 136000
1694833209538 0.0 140000
1694833239350 0.0 144000
1694833268039 0.0 148000
1694833296941 0.0 152000
1694833325989 0.0 156000
1694833355676 0.0 160000
1694833389528 0.0 164000
1694833420490 0.0 168000
1694833449868 0.0 172000
1694833480663 0.0 176000
1694833509752 0.0 180000
1694833538401 0.0 184000
1694833568491 0.0 188000
1694833603602 0.0 192000
1694833633063 0.0 196000
1694833663243 0.0 200000
1694833692705 0.0 204000
1694833718867 0.0 208000
1694833743554 0.0 212000
1694833768155 0.0 216000
1694833793097 0.0 220000
1694833817112 0.0 224000
1694833841878 0.0 228000
1694833866083 0.0 232000
1694833890966 0.0 236000
1694833914939 0.0 240000
1694833940060 0.0 244000
1694833964829 0.0 248000
1694833989005 0.0 252000
1694834014027 0.0 256000
1694834038253 0.0 260000
1694834062242 0.0 264000
1694834086837 0.0 268000
1694834111147 0.0 272000
1694834135801 0.0 276000
1694834160197 0.0 280000
1694834186813 0.0 284000
1694834219531 0.0 288000
1694834253445 0.0 292000
1694834285669 0.0 296000
1694834318165 0.0 300000
1694834347595 0.0 304000
1694834377017 0.0 308000
1694834412639 0.0 312000
1694834450790 0.0 316000
1694834485815 0.0 320000
1694834524822 0.0 324000
1694834560521 0.0 328000
1694834603503 0.0 332000
1694834644191 0.0 336000
1694834689405 0.0 340000
1694834723542 0.0 344000
