1694832173169 -1.0 4000
1694832210014 -1.0 8000
1694832246614 -1.0 12000
1694832283242 -1.0 16000
1694832317534 -1.0 20000
1694832349044 -1.0 24000
1694832378889 -1.0 28000
1694832408994 -1.0 32000
1694832440731 -1.0 36000
1694832472136 -1.0 40000
1694832507745 -1.0 44000
1694832536688 -1.0 48000
1694832564361 -1.0 52000
1694832596755 -1.0 56000
1694832625987 -1.0 60000
1694832655232 -1.0 64000
1694832683714 -1.0 68000
1694832713333 -1.0 72000
1694832742240 -1.0 76000
1694832770627 -1.0 80000
1694832800096 -1.0 84000
1694832829602 -1.0 88000
1694832858550 -1.0 92000
1694832888173 -1.0 96000
1694832916707 -1.0 100000
1694832946474 -1.0 104000
1694832974603 -1.0 108000
1694833003693 -1.0 112000
1694833032544 -1.0 116000
1694833062156 -1.0 120000
1694833092224 -1.0 124000
1694833121804 -1.0 128000
1694833150763 -1.0 132000
1694833180668 -1.0 136000
1694833209572 -1.0 140000
1694833239375 -1.0 144000
1694833268090 -1.0 148000
1694833296964 -1.0 152000
1694833326022 -1.0 156000
1694833355701 -1.0 160000
1694833389559 -1.0 164000
1694833420513 -1.0 168000
1694833449889 -1.0 172000
1694833480691 -1.0 176000
1694833509776 -1.0 180000
1694833538422 -1.0 184000
1694833568535 -1.0 188000
1694833603631 -1.0 192000
1694833633091 -1.0 196000
1694833663269 -1.0 200000
1694833692731 -1.0 204000
1694833718893 -1.0 208000
1694833743582 -1.0 212000
1694833768187 -1.0 216000
1694833793122 -1.0 220000
1694833817137 -1.0 224000
1694833841898 -1.0 228000
1694833866103 -1.0 232000
1694833891014 -1.0 236000
1694833914959 -1.0 240000
1694833940087 -1.0 244000
1694833964849 -1.0 248000
1694833989027 -1.0 252000
1694834014051 -1.0 256000
1694834038272 -1.0 260000
1694834062267 -1.0 264000
1694834086859 -1.0 268000
1694834111167 -1.0 272000
1694834135827 -1.0 276000
1694834160216 -1.0 280000
1694834186838 -1.0 284000
1694834219554 -1.0 288000
1694834253520 -1.0 292000
1694834285696 -1.0 296000
1694834318192 -1.0 300000
1694834347616 -1.0 304000
1694834377042 -1.0 308000
1694834412694 -1.0 312000
1694834450846 -1.0 316000
1694834485843 -1.0 320000
1694834524863 -1.0 324000
1694834560553 -1.0 328000
1694834603542 -1.0 332000
1694834644226 -1.0 336000
1694834689447 -1.0 340000
1694834723563 -1.0 344000
