1694832173165 0.0 4000
1694832210011 0.0 8000
1694832246611 0.0 12000
1694832283237 0.0 16000
1694832317530 0.0 20000
1694832349041 0.0 24000
1694832378885 0.0 28000
1694832408989 0.0 32000
1694832440728 0.0 36000
1694832472132 0.0 40000
1694832507741 0.0 44000
1694832536685 0.0 48000
1694832564359 0.0 52000
1694832596752 0.0 56000
1694832625984 0.0 60000
1694832655230 0.0 64000
1694832683711 0.0 68000
1694832713331 0.0 72000
1694832742238 0.0 76000
1694832770624 0.0 80000
1694832800092 0.0 84000
1694832829600 0.0 88000
1694832858548 0.0 92000
1694832888171 0.0 96000
1694832916704 0.0 100000
1694832946471 0.0 104000
1694832974600 0.0 108000
1694833003690 0.0 112000
1694833032537 0.0 116000
1694833062153 0.0 120000
1694833092221 0.0 124000
1694833121802 0.0 128000
1694833150760 0.0 132000
1694833180665 0.0 136000
1694833209568 0.0 140000
1694833239373 0.0 144000
1694833268088 0.0 148000
1694833296962 0.0 152000
1694833326019 0.0 156000
1694833355698 0.0 160000
1694833389556 0.0 164000
1694833420510 0.0 168000
1694833449886 0.0 172000
1694833480688 0.0 176000
1694833509774 0.0 180000
1694833538419 0.0 184000
1694833568530 0.0 188000
1694833603628 0.0 192000
1694833633089 0.0 196000
1694833663267 0.0 200000
1694833692729 0.0 204000
1694833718890 0.0 208000
1694833743580 0.0 212000
1694833768184 0.0 216000
1694833793120 0.0 220000
1694833817135 0.0 224000
1694833841896 0.0 228000
1694833866101 0.0 232000
1694833891011 0.0 236000
1694833914957 0.0 240000
1694833940085 0.0 244000
1694833964847 0.0 248000
1694833989025 0.0 252000
1694834014049 0.0 256000
1694834038270 0.0 260000
1694834062263 0.0 264000
1694834086857 0.0 268000
1694834111165 0.0 272000
1694834135824 0.0 276000
1694834160214 0.0 280000
1694834186835 0.0 284000
1694834219552 0.0 288000
1694834253516 0.0 292000
1694834285693 0.0 296000
1694834318189 0.0 300000
1694834347613 0.0 304000
1694834377039 0.0 308000
1694834412690 0.0 312000
1694834450841 0.0 316000
1694834485840 0.0 320000
1694834524861 0.0 324000
1694834560548 0.0 328000
1694834603538 0.0 332000
1694834644223 0.0 336000
1694834689443 0.0 340000
1694834723560 0.0 344000
