1694832173130 50.0 4000
1694832209972 50.0 8000
1694832246599 50.0 12000
1694832283213 50.0 16000
1694832317512 50.0 20000
1694832349024 50.0 24000
1694832378865 50.0 28000
1694832408973 50.0 32000
1694832440711 50.0 36000
1694832472115 50.0 40000
1694832507728 50.0 44000
1694832536669 50.0 48000
1694832564347 50.0 52000
1694832596742 50.0 56000
1694832625968 50.0 60000
1694832655216 50.0 64000
1694832683701 50.0 68000
1694832713317 50.0 72000
1694832742224 50.0 76000
1694832770614 50.0 80000
1694832800073 50.0 84000
1694832829589 50.0 88000
1694832858531 50.0 92000
1694832888161 50.0 96000
1694832916690 50.0 100000
1694832946460 50.0 104000
1694832974589 50.0 108000
1694833003677 50.0 112000
1694833032525 50.0 116000
1694833062136 50.0 120000
1694833092210 50.0 124000
1694833121787 50.0 128000
1694833150748 50.0 132000
1694833180651 50.0 136000
1694833209552 50.0 140000
1694833239360 50.0 144000
1694833268054 50.0 148000
1694833296950 50.0 152000
1694833326000 50.0 156000
1694833355685 50.0 160000
1694833389537 50.0 164000
1694833420499 50.0 168000
1694833449876 50.0 172000
1694833480677 50.0 176000
1694833509763 50.0 180000
1694833538409 50.0 184000
1694833568506 50.0 188000
1694833603614 50.0 192000
1694833633075 50.0 196000
1694833663254 50.0 200000
1694833692718 50.0 204000
1694833718879 50.0 208000
1694833743568 50.0 212000
1694833768167 50.0 216000
1694833793105 50.0 220000
1694833817125 50.0 224000
1694833841886 50.0 228000
1694833866092 50.0 232000
1694833890976 50.0 236000
1694833914948 50.0 240000
1694833940069 50.0 244000
1694833964838 50.0 248000
1694833989015 50.0 252000
1694834014038 50.0 256000
1694834038261 50.0 260000
1694834062251 50.0 264000
1694834086847 50.0 268000
1694834111155 50.0 272000
1694834135809 50.0 276000
1694834160204 50.0 280000
1694834186824 50.0 284000
1694834219541 50.0 288000
1694834253480 50.0 292000
1694834285682 50.0 296000
1694834318177 50.0 300000
1694834347604 50.0 304000
1694834377028 50.0 308000
1694834412673 50.0 312000
1694834450824 50.0 316000
1694834485825 50.0 320000
1694834524837 50.0 324000
1694834560531 50.0 328000
1694834603518 50.0 332000
1694834644209 50.0 336000
1694834689422 50.0 340000
1694834723550 50.0 344000
