1694832173123 1.0 4000
1694832209966 1.0 8000
1694832246594 1.0 12000
1694832283206 1.0 16000
1694832317506 1.0 20000
1694832349018 1.0 24000
1694832378859 1.0 28000
1694832408967 1.0 32000
1694832440707 1.0 36000
1694832472110 1.0 40000
1694832507724 1.0 44000
1694832536665 1.0 48000
1694832564341 1.0 52000
1694832596736 1.0 56000
1694832625965 1.0 60000
1694832655213 1.0 64000
1694832683697 1.0 68000
1694832713314 1.0 72000
1694832742219 1.0 76000
1694832770611 1.0 80000
1694832800069 1.0 84000
1694832829585 1.0 88000
1694832858528 1.0 92000
1694832888156 1.0 96000
1694832916685 1.0 100000
1694832946455 1.0 104000
1694832974585 1.0 108000
1694833003673 1.0 112000
1694833032522 1.0 116000
1694833062132 1.0 120000
1694833092206 1.0 124000
1694833121781 1.0 128000
1694833150741 1.0 132000
1694833180647 1.0 136000
1694833209546 1.0 140000
1694833239355 1.0 144000
1694833268046 1.0 148000
1694833296946 1.0 152000
1694833325994 1.0 156000
1694833355681 1.0 160000
1694833389533 1.0 164000
1694833420495 1.0 168000
1694833449873 1.0 172000
1694833480670 1.0 176000
1694833509760 1.0 180000
1694833538405 1.0 184000
1694833568498 1.0 188000
1694833603610 1.0 192000
1694833633068 1.0 196000
1694833663248 1.0 200000
1694833692714 1.0 204000
1694833718873 1.0 208000
1694833743561 1.0 212000
1694833768161 1.0 216000
1694833793102 1.0 220000
1694833817119 1.0 224000
1694833841883 1.0 228000
1694833866088 1.0 232000
1694833890971 1.0 236000
1694833914944 1.0 240000
1694833940064 1.0 244000
1694833964834 1.0 248000
1694833989010 1.0 252000
1694834014032 1.0 256000
1694834038258 1.0 260000
1694834062248 1.0 264000
1694834086844 1.0 268000
1694834111152 1.0 272000
1694834135805 1.0 276000
1694834160201 1.0 280000
1694834186818 1.0 284000
1694834219536 1.0 288000
1694834253473 1.0 292000
1694834285678 1.0 296000
1694834318172 1.0 300000
1694834347600 1.0 304000
1694834377024 1.0 308000
1694834412648 1.0 312000
1694834450800 1.0 316000
1694834485820 1.0 320000
1694834524830 1.0 324000
1694834560527 1.0 328000
1694834603513 1.0 332000
1694834644201 1.0 336000
1694834689416 1.0 340000
1694834723547 1.0 344000
