1694832173154 0.0 4000
1694832209979 0.0 8000
1694832246603 0.0 12000
1694832283221 0.0 16000
1694832317518 0.0 20000
1694832349028 0.0 24000
1694832378872 0.0 28000
1694832408978 0.0 32000
1694832440715 0.0 36000
1694832472122 0.0 40000
1694832507732 0.0 44000
1694832536676 0.0 48000
1694832564352 0.0 52000
1694832596745 0.0 56000
1694832625971 0.0 60000
1694832655220 0.0 64000
1694832683704 0.0 68000
1694832713323 0.0 72000
1694832742230 0.0 76000
1694832770617 0.0 80000
1694832800082 0.0 84000
1694832829592 0.0 88000
1694832858538 0.0 92000
1694832888164 0.0 96000
1694832916694 0.0 100000
1694832946464 0.0 104000
1694832974592 0.0 108000
1694833003680 0.0 112000
1694833032528 0.0 116000
1694833062142 0.0 120000
1694833092214 0.0 124000
1694833121794 0.0 128000
1694833150752 0.0 132000
1694833180654 0.0 136000
1694833209556 0.0 140000
1694833239365 0.0 144000
1694833268061 0.0 148000
1694833296953 0.0 152000
1694833326007 0.0 156000
1694833355689 0.0 160000
1694833389542 0.0 164000
1694833420503 0.0 168000
1694833449880 0.0 172000
1694833480681 0.0 176000
1694833509767 0.0 180000
1694833538412 0.0 184000
1694833568513 0.0 188000
1694833603619 0.0 192000
1694833633081 0.0 196000
1694833663259 0.0 200000
1694833692722 0.0 204000
1694833718883 0.0 208000
1694833743573 0.0 212000
1694833768171 0.0 216000
1694833793111 0.0 220000
1694833817128 0.0 224000
1694833841889 0.0 228000
1694833866095 0.0 232000
1694833890983 0.0 236000
1694833914951 0.0 240000
1694833940075 0.0 244000
1694833964841 0.0 248000
1694833989019 0.0 252000
1694834014043 0.0 256000
1694834038264 0.0 260000
1694834062255 0.0 264000
1694834086850 0.0 268000
1694834111158 0.0 272000
1694834135813 0.0 276000
1694834160207 0.0 280000
1694834186828 0.0 284000
1694834219544 0.0 288000
1694834253485 0.0 292000
1694834285686 0.0 296000
1694834318182 0.0 300000
1694834347607 0.0 304000
1694834377031 0.0 308000
1694834412679 0.0 312000
1694834450830 0.0 316000
1694834485829 0.0 320000
1694834524844 0.0 324000
1694834560536 0.0 328000
1694834603523 0.0 332000
1694834644215 0.0 336000
1694834689427 0.0 340000
1694834723554 0.0 344000
