1694832173124 32.0 4000
1694832209968 32.0 8000
1694832246596 32.0 12000
1694832283207 32.0 16000
1694832317507 32.0 20000
1694832349020 32.0 24000
1694832378861 32.0 28000
1694832408969 32.0 32000
1694832440708 32.0 36000
1694832472111 32.0 40000
1694832507726 32.0 44000
1694832536666 32.0 48000
1694832564343 32.0 52000
1694832596738 32.0 56000
1694832625966 32.0 60000
1694832655214 32.0 64000
1694832683698 32.0 68000
1694832713315 32.0 72000
1694832742220 32.0 76000
1694832770612 32.0 80000
1694832800070 32.0 84000
1694832829586 32.0 88000
1694832858529 32.0 92000
1694832888158 32.0 96000
1694832916687 32.0 100000
1694832946457 32.0 104000
1694832974586 32.0 108000
1694833003674 32.0 112000
1694833032523 32.0 116000
1694833062134 32.0 120000
1694833092207 32.0 124000
1694833121782 32.0 128000
1694833150744 32.0 132000
1694833180649 32.0 136000
1694833209548 32.0 140000
1694833239356 32.0 144000
1694833268049 32.0 148000
1694833296948 32.0 152000
1694833325996 32.0 156000
1694833355682 32.0 160000
1694833389534 32.0 164000
1694833420497 32.0 168000
1694833449874 32.0 172000
1694833480673 32.0 176000
1694833509761 32.0 180000
1694833538406 32.0 184000
1694833568501 32.0 188000
1694833603611 32.0 192000
1694833633071 32.0 196000
1694833663250 32.0 200000
1694833692716 32.0 204000
1694833718875 32.0 208000
1694833743563 32.0 212000
1694833768163 32.0 216000
1694833793103 32.0 220000
1694833817121 32.0 224000
1694833841884 32.0 228000
1694833866089 32.0 232000
1694833890973 32.0 236000
1694833914945 32.0 240000
1694833940066 32.0 244000
1694833964836 32.0 248000
1694833989012 32.0 252000
1694834014034 32.0 256000
1694834038259 32.0 260000
1694834062249 32.0 264000
1694834086845 32.0 268000
1694834111153 32.0 272000
1694834135806 32.0 276000
1694834160202 32.0 280000
1694834186819 32.0 284000
1694834219538 32.0 288000
1694834253475 32.0 292000
1694834285679 32.0 296000
1694834318174 32.0 300000
1694834347601 32.0 304000
1694834377025 32.0 308000
1694834412651 32.0 312000
1694834450803 32.0 316000
1694834485822 32.0 320000
1694834524832 32.0 324000
1694834560528 32.0 328000
1694834603515 32.0 332000
1694834644204 32.0 336000
1694834689418 32.0 340000
1694834723548 32.0 344000
