1694832173133 32.0 4000
1694832209974 32.0 8000
1694832246600 32.0 12000
1694832283216 32.0 16000
1694832317514 32.0 20000
1694832349025 32.0 24000
1694832378867 32.0 28000
1694832408975 32.0 32000
1694832440712 32.0 36000
1694832472118 32.0 40000
1694832507730 32.0 44000
1694832536671 32.0 48000
1694832564349 32.0 52000
1694832596743 32.0 56000
1694832625969 32.0 60000
1694832655217 32.0 64000
1694832683702 32.0 68000
1694832713319 32.0 72000
1694832742226 32.0 76000
1694832770615 32.0 80000
1694832800076 32.0 84000
1694832829590 32.0 88000
1694832858533 32.0 92000
1694832888162 32.0 96000
1694832916692 32.0 100000
1694832946462 32.0 104000
1694832974590 32.0 108000
1694833003678 32.0 112000
1694833032526 32.0 116000
1694833062138 32.0 120000
1694833092212 32.0 124000
1694833121790 32.0 128000
1694833150749 32.0 132000
1694833180652 32.0 136000
1694833209553 32.0 140000
1694833239362 32.0 144000
1694833268055 32.0 148000
1694833296951 32.0 152000
1694833326002 32.0 156000
1694833355686 32.0 160000
1694833389539 32.0 164000
1694833420500 32.0 168000
1694833449877 32.0 172000
1694833480678 32.0 176000
1694833509765 32.0 180000
1694833538410 32.0 184000
1694833568509 32.0 188000
1694833603616 32.0 192000
1694833633077 32.0 196000
1694833663256 32.0 200000
1694833692720 32.0 204000
1694833718880 32.0 208000
1694833743570 32.0 212000
1694833768169 32.0 216000
1694833793106 32.0 220000
1694833817126 32.0 224000
1694833841887 32.0 228000
1694833866093 32.0 232000
1694833890978 32.0 236000
1694833914949 32.0 240000
1694833940071 32.0 244000
1694833964839 32.0 248000
1694833989017 32.0 252000
1694834014039 32.0 256000
1694834038262 32.0 260000
1694834062253 32.0 264000
1694834086848 32.0 268000
1694834111156 32.0 272000
1694834135810 32.0 276000
1694834160205 32.0 280000
1694834186825 32.0 284000
1694834219542 32.0 288000
1694834253482 32.0 292000
1694834285683 32.0 296000
1694834318179 32.0 300000
1694834347605 32.0 304000
1694834377029 32.0 308000
1694834412675 32.0 312000
1694834450826 32.0 316000
1694834485826 32.0 320000
1694834524840 32.0 324000
1694834560532 32.0 328000
1694834603520 32.0 332000
1694834644212 32.0 336000
1694834689424 32.0 340000
1694834723551 32.0 344000
