1694832173121 64.0 4000
1694832209965 64.0 8000
1694832246593 64.0 12000
1694832283204 64.0 16000
1694832317505 64.0 20000
1694832349016 64.0 24000
1694832378858 64.0 28000
1694832408965 64.0 32000
1694832440706 64.0 36000
1694832472109 64.0 40000
1694832507722 64.0 44000
1694832536664 64.0 48000
1694832564339 64.0 52000
1694832596735 64.0 56000
1694832625964 64.0 60000
1694832655212 64.0 64000
1694832683696 64.0 68000
1694832713313 64.0 72000
1694832742218 64.0 76000
1694832770610 64.0 80000
1694832800068 64.0 84000
1694832829583 64.0 88000
1694832858527 64.0 92000
1694832888153 64.0 96000
1694832916684 64.0 100000
1694832946452 64.0 104000
1694832974584 64.0 108000
1694833003672 64.0 112000
1694833032520 64.0 116000
1694833062131 64.0 120000
1694833092204 64.0 124000
1694833121780 64.0 128000
1694833150739 64.0 132000
1694833180646 64.0 136000
1694833209543 64.0 140000
1694833239354 64.0 144000
1694833268044 64.0 148000
1694833296945 64.0 152000
1694833325992 64.0 156000
1694833355680 64.0 160000
1694833389532 64.0 164000
1694833420494 64.0 168000
1694833449872 64.0 172000
1694833480669 64.0 176000
1694833509758 64.0 180000
1694833538404 64.0 184000
1694833568496 64.0 188000
1694833603608 64.0 192000
1694833633067 64.0 196000
1694833663247 64.0 200000
1694833692712 64.0 204000
1694833718871 64.0 208000
1694833743559 64.0 212000
1694833768159 64.0 216000
1694833793100 64.0 220000
1694833817117 64.0 224000
1694833841882 64.0 228000
1694833866087 64.0 232000
1694833890970 64.0 236000
1694833914943 64.0 240000
1694833940063 64.0 244000
1694833964833 64.0 248000
1694833989008 64.0 252000
1694834014031 64.0 256000
1694834038257 64.0 260000
1694834062247 64.0 264000
1694834086842 64.0 268000
1694834111150 64.0 272000
1694834135804 64.0 276000
1694834160200 64.0 280000
1694834186816 64.0 284000
1694834219535 64.0 288000
1694834253470 64.0 292000
1694834285676 64.0 296000
1694834318170 64.0 300000
1694834347598 64.0 304000
1694834377022 64.0 308000
1694834412646 64.0 312000
1694834450797 64.0 316000
1694834485819 64.0 320000
1694834524827 64.0 324000
1694834560526 64.0 328000
1694834603511 64.0 332000
1694834644199 64.0 336000
1694834689414 64.0 340000
1694834723545 64.0 344000
