1694832173136 2.0 4000
1694832209976 2.0 8000
1694832246601 2.0 12000
1694832283219 2.0 16000
1694832317516 2.0 20000
1694832349027 2.0 24000
1694832378870 2.0 28000
1694832408977 2.0 32000
1694832440714 2.0 36000
1694832472120 2.0 40000
1694832507731 2.0 44000
1694832536673 2.0 48000
1694832564350 2.0 52000
1694832596744 2.0 56000
1694832625970 2.0 60000
1694832655218 2.0 64000
1694832683703 2.0 68000
1694832713320 2.0 72000
1694832742228 2.0 76000
1694832770616 2.0 80000
1694832800079 2.0 84000
1694832829591 2.0 88000
1694832858536 2.0 92000
1694832888163 2.0 96000
1694832916693 2.0 100000
1694832946463 2.0 104000
1694832974591 2.0 108000
1694833003679 2.0 112000
1694833032527 2.0 116000
1694833062140 2.0 120000
1694833092213 2.0 124000
1694833121792 2.0 128000
1694833150750 2.0 132000
1694833180653 2.0 136000
1694833209554 2.0 140000
1694833239364 2.0 144000
1694833268056 2.0 148000
1694833296952 2.0 152000
1694833326005 2.0 156000
1694833355687 2.0 160000
1694833389540 2.0 164000
1694833420502 2.0 168000
1694833449879 2.0 172000
1694833480680 2.0 176000
1694833509766 2.0 180000
1694833538411 2.0 184000
1694833568511 2.0 188000
1694833603617 2.0 192000
1694833633079 2.0 196000
1694833663258 2.0 200000
1694833692721 2.0 204000
1694833718881 2.0 208000
1694833743572 2.0 212000
1694833768170 2.0 216000
1694833793109 2.0 220000
1694833817127 2.0 224000
1694833841888 2.0 228000
1694833866094 2.0 232000
1694833890980 2.0 236000
1694833914950 2.0 240000
1694833940073 2.0 244000
1694833964840 2.0 248000
1694833989018 2.0 252000
1694834014041 2.0 256000
1694834038263 2.0 260000
1694834062254 2.0 264000
1694834086849 2.0 268000
1694834111157 2.0 272000
1694834135812 2.0 276000
1694834160206 2.0 280000
1694834186827 2.0 284000
1694834219543 2.0 288000
1694834253484 2.0 292000
1694834285685 2.0 296000
1694834318180 2.0 300000
1694834347606 2.0 304000
1694834377030 2.0 308000
1694834412677 2.0 312000
1694834450828 2.0 316000
1694834485827 2.0 320000
1694834524842 2.0 324000
1694834560534 2.0 328000
1694834603522 2.0 332000
1694834644213 2.0 336000
1694834689425 2.0 340000
1694834723552 2.0 344000
