1694832173120 1.0 4000
1694832209963 1.0 8000
1694832246591 1.0 12000
1694832283203 1.0 16000
1694832317504 1.0 20000
1694832349014 1.0 24000
1694832378857 1.0 28000
1694832408963 1.0 32000
1694832440705 1.0 36000
1694832472107 1.0 40000
1694832507720 1.0 44000
1694832536663 1.0 48000
1694832564337 1.0 52000
1694832596734 1.0 56000
1694832625962 1.0 60000
1694832655211 1.0 64000
1694832683695 1.0 68000
1694832713312 1.0 72000
1694832742217 1.0 76000
1694832770608 1.0 80000
1694832800067 1.0 84000
1694832829581 1.0 88000
1694832858526 1.0 92000
1694832888151 1.0 96000
1694832916683 1.0 100000
1694832946450 1.0 104000
1694832974582 1.0 108000
1694833003671 1.0 112000
1694833032519 1.0 116000
1694833062130 1.0 120000
1694833092202 1.0 124000
1694833121778 1.0 128000
1694833150737 1.0 132000
1694833180645 1.0 136000
1694833209542 1.0 140000
1694833239352 1.0 144000
1694833268042 1.0 148000
1694833296944 1.0 152000
1694833325991 1.0 156000
1694833355678 1.0 160000
1694833389531 1.0 164000
1694833420493 1.0 168000
1694833449870 1.0 172000
1694833480666 1.0 176000
1694833509756 1.0 180000
1694833538403 1.0 184000
1694833568494 1.0 188000
1694833603607 1.0 192000
1694833633066 1.0 196000
1694833663245 1.0 200000
1694833692709 1.0 204000
1694833718870 1.0 208000
1694833743557 1.0 212000
1694833768158 1.0 216000
1694833793099 1.0 220000
1694833817116 1.0 224000
1694833841881 1.0 228000
1694833866086 1.0 232000
1694833890969 1.0 236000
1694833914942 1.0 240000
1694833940062 1.0 244000
1694833964832 1.0 248000
1694833989007 1.0 252000
1694834014029 1.0 256000
1694834038256 1.0 260000
1694834062245 1.0 264000
1694834086840 1.0 268000
1694834111149 1.0 272000
1694834135803 1.0 276000
1694834160199 1.0 280000
1694834186815 1.0 284000
1694834219533 1.0 288000
1694834253466 1.0 292000
1694834285673 1.0 296000
1694834318167 1.0 300000
1694834347597 1.0 304000
1694834377020 1.0 308000
1694834412643 1.0 312000
1694834450794 1.0 316000
1694834485818 1.0 320000
1694834524825 1.0 324000
1694834560523 1.0 328000
1694834603509 1.0 332000
1694834644197 1.0 336000
1694834689411 1.0 340000
1694834723544 1.0 344000
