1694832173156 0.0 4000
1694832209982 0.0 8000
1694832246604 0.0 12000
1694832283224 0.0 16000
1694832317520 0.0 20000
1694832349030 0.0 24000
1694832378874 0.0 28000
1694832408980 0.0 32000
1694832440717 0.0 36000
1694832472124 0.0 40000
1694832507733 0.0 44000
1694832536678 0.0 48000
1694832564353 0.0 52000
1694832596746 0.0 56000
1694832625973 0.0 60000
1694832655223 0.0 64000
1694832683705 0.0 68000
1694832713325 0.0 72000
1694832742231 0.0 76000
1694832770619 0.0 80000
1694832800084 0.0 84000
1694832829593 0.0 88000
1694832858540 0.0 92000
1694832888165 0.0 96000
1694832916695 0.0 100000
1694832946466 0.0 104000
1694832974594 0.0 108000
1694833003681 0.0 112000
1694833032530 0.0 116000
1694833062144 0.0 120000
1694833092215 0.0 124000
1694833121796 0.0 128000
1694833150753 0.0 132000
1694833180657 0.0 136000
1694833209558 0.0 140000
1694833239367 0.0 144000
1694833268081 0.0 148000
1694833296955 0.0 152000
1694833326009 0.0 156000
1694833355690 0.0 160000
1694833389545 0.0 164000
1694833420504 0.0 168000
1694833449881 0.0 172000
1694833480682 0.0 176000
1694833509768 0.0 180000
1694833538414 0.0 184000
1694833568516 0.0 188000
1694833603621 0.0 192000
1694833633083 0.0 196000
1694833663260 0.0 200000
1694833692723 0.0 204000
1694833718885 0.0 208000
1694833743574 0.0 212000
1694833768173 0.0 216000
1694833793113 0.0 220000
1694833817129 0.0 224000
1694833841891 0.0 228000
1694833866096 0.0 232000
1694833890985 0.0 236000
1694833914952 0.0 240000
1694833940077 0.0 244000
1694833964842 0.0 248000
1694833989020 0.0 252000
1694834014044 0.0 256000
1694834038265 0.0 260000
1694834062256 0.0 264000
1694834086851 0.0 268000
1694834111159 0.0 272000
1694834135815 0.0 276000
1694834160208 0.0 280000
1694834186829 0.0 284000
1694834219546 0.0 288000
1694834253487 0.0 292000
1694834285687 0.0 296000
1694834318183 0.0 300000
1694834347608 0.0 304000
1694834377033 0.0 308000
1694834412680 0.0 312000
1694834450831 0.0 316000
1694834485831 0.0 320000
1694834524847 0.0 324000
1694834560539 0.0 328000
1694834603525 0.0 332000
1694834644216 0.0 336000
1694834689429 0.0 340000
1694834723555 0.0 344000
