1694832173127 50.0 4000
1694832209970 50.0 8000
1694832246597 50.0 12000
1694832283210 50.0 16000
1694832317509 50.0 20000
1694832349022 50.0 24000
1694832378863 50.0 28000
1694832408971 50.0 32000
1694832440710 50.0 36000
1694832472113 50.0 40000
1694832507727 50.0 44000
1694832536667 50.0 48000
1694832564345 50.0 52000
1694832596740 50.0 56000
1694832625967 50.0 60000
1694832655215 50.0 64000
1694832683699 50.0 68000
1694832713316 50.0 72000
1694832742222 50.0 76000
1694832770613 50.0 80000
1694832800071 50.0 84000
1694832829587 50.0 88000
1694832858530 50.0 92000
1694832888159 50.0 96000
1694832916689 50.0 100000
1694832946459 50.0 104000
1694832974588 50.0 108000
1694833003675 50.0 112000
1694833032524 50.0 116000
1694833062135 50.0 120000
1694833092209 50.0 124000
1694833121784 50.0 128000
1694833150746 50.0 132000
1694833180650 50.0 136000
1694833209550 50.0 140000
1694833239358 50.0 144000
1694833268051 50.0 148000
1694833296949 50.0 152000
1694833325998 50.0 156000
1694833355683 50.0 160000
1694833389536 50.0 164000
1694833420498 50.0 168000
1694833449875 50.0 172000
1694833480675 50.0 176000
1694833509762 50.0 180000
1694833538408 50.0 184000
1694833568503 50.0 188000
1694833603613 50.0 192000
1694833633073 50.0 196000
1694833663252 50.0 200000
1694833692717 50.0 204000
1694833718877 50.0 208000
1694833743565 50.0 212000
1694833768166 50.0 216000
1694833793104 50.0 220000
1694833817123 50.0 224000
1694833841885 50.0 228000
1694833866090 50.0 232000
1694833890974 50.0 236000
1694833914947 50.0 240000
1694833940067 50.0 244000
1694833964837 50.0 248000
1694833989014 50.0 252000
1694834014036 50.0 256000
1694834038260 50.0 260000
1694834062250 50.0 264000
1694834086846 50.0 268000
1694834111154 50.0 272000
1694834135808 50.0 276000
1694834160203 50.0 280000
1694834186822 50.0 284000
1694834219539 50.0 288000
1694834253478 50.0 292000
1694834285681 50.0 296000
1694834318176 50.0 300000
1694834347602 50.0 304000
1694834377026 50.0 308000
1694834412671 50.0 312000
1694834450822 50.0 316000
1694834485823 50.0 320000
1694834524835 50.0 324000
1694834560530 50.0 328000
1694834603517 50.0 332000
1694834644207 50.0 336000
1694834689420 50.0 340000
1694834723549 50.0 344000
