1694832173160 84.0 4000
1694832210005 84.0 8000
1694832246607 84.0 12000
1694832283229 84.0 16000
1694832317524 84.0 20000
1694832349034 84.0 24000
1694832378878 84.0 28000
1694832408983 84.0 32000
1694832440721 84.0 36000
1694832472127 84.0 40000
1694832507736 84.0 44000
1694832536681 84.0 48000
1694832564356 84.0 52000
1694832596749 84.0 56000
1694832625978 84.0 60000
1694832655226 84.0 64000
1694832683708 84.0 68000
1694832713328 84.0 72000
1694832742234 84.0 76000
1694832770621 84.0 80000
1694832800088 84.0 84000
1694832829596 84.0 88000
1694832858544 84.0 92000
1694832888168 84.0 96000
1694832916698 84.0 100000
1694832946468 84.0 104000
1694832974596 84.0 108000
1694833003684 84.0 112000
1694833032533 84.0 116000
1694833062148 84.0 120000
1694833092218 84.0 124000
1694833121798 84.0 128000
1694833150756 84.0 132000
1694833180660 84.0 136000
1694833209562 84.0 140000
1694833239369 84.0 144000
1694833268084 84.0 148000
1694833296957 84.0 152000
1694833326013 84.0 156000
1694833355692 84.0 160000
1694833389550 84.0 164000
1694833420506 84.0 168000
1694833449883 84.0 172000
1694833480684 84.0 176000
1694833509770 84.0 180000
1694833538416 84.0 184000
1694833568521 84.0 188000
1694833603624 84.0 192000
1694833633085 84.0 196000
1694833663263 84.0 200000
1694833692725 84.0 204000
1694833718887 84.0 208000
1694833743577 84.0 212000
1694833768177 84.0 216000
1694833793116 84.0 220000
1694833817132 84.0 224000
1694833841893 84.0 228000
1694833866098 84.0 232000
1694833891005 84.0 236000
1694833914954 84.0 240000
1694833940080 84.0 244000
1694833964844 84.0 248000
1694833989022 84.0 252000
1694834014046 84.0 256000
1694834038267 84.0 260000
1694834062258 84.0 264000
1694834086854 84.0 268000
1694834111162 84.0 272000
1694834135819 84.0 276000
1694834160211 84.0 280000
1694834186832 84.0 284000
1694834219548 84.0 288000
1694834253493 84.0 292000
1694834285689 84.0 296000
1694834318185 84.0 300000
1694834347610 84.0 304000
1694834377035 84.0 308000
1694834412684 84.0 312000
1694834450835 84.0 316000
1694834485835 84.0 320000
1694834524852 84.0 324000
1694834560543 84.0 328000
1694834603530 84.0 332000
1694834644219 84.0 336000
1694834689435 84.0 340000
1694834723557 84.0 344000
