1694832173158 1.0 4000
1694832209985 1.0 8000
1694832246605 1.0 12000
1694832283227 1.0 16000
1694832317522 1.0 20000
1694832349032 1.0 24000
1694832378876 1.0 28000
1694832408981 1.0 32000
1694832440719 1.0 36000
1694832472126 1.0 40000
1694832507734 1.0 44000
1694832536680 1.0 48000
1694832564354 1.0 52000
1694832596747 1.0 56000
1694832625975 1.0 60000
1694832655225 1.0 64000
1694832683707 1.0 68000
1694832713326 1.0 72000
1694832742233 1.0 76000
1694832770620 1.0 80000
1694832800086 1.0 84000
1694832829594 1.0 88000
1694832858542 1.0 92000
1694832888166 1.0 96000
1694832916696 1.0 100000
1694832946467 1.0 104000
1694832974595 1.0 108000
1694833003683 1.0 112000
1694833032531 1.0 116000
1694833062146 1.0 120000
1694833092217 1.0 124000
1694833121797 1.0 128000
1694833150754 1.0 132000
1694833180658 1.0 136000
1694833209560 1.0 140000
1694833239368 1.0 144000
1694833268083 1.0 148000
1694833296956 1.0 152000
1694833326011 1.0 156000
1694833355691 1.0 160000
1694833389547 1.0 164000
1694833420505 1.0 168000
1694833449882 1.0 172000
1694833480683 1.0 176000
1694833509769 1.0 180000
1694833538415 1.0 184000
1694833568519 1.0 188000
1694833603622 1.0 192000
1694833633084 1.0 196000
1694833663262 1.0 200000
1694833692724 1.0 204000
1694833718886 1.0 208000
1694833743575 1.0 212000
1694833768175 1.0 216000
1694833793115 1.0 220000
1694833817131 1.0 224000
1694833841892 1.0 228000
1694833866097 1.0 232000
1694833890987 1.0 236000
1694833914953 1.0 240000
1694833940079 1.0 244000
1694833964843 1.0 248000
1694833989021 1.0 252000
1694834014045 1.0 256000
1694834038266 1.0 260000
1694834062257 1.0 264000
1694834086853 1.0 268000
1694834111160 1.0 272000
1694834135817 1.0 276000
1694834160209 1.0 280000
1694834186831 1.0 284000
1694834219547 1.0 288000
1694834253490 1.0 292000
1694834285688 1.0 296000
1694834318184 1.0 300000
1694834347609 1.0 304000
1694834377034 1.0 308000
1694834412682 1.0 312000
1694834450833 1.0 316000
1694834485833 1.0 320000
1694834524849 1.0 324000
1694834560541 1.0 328000
1694834603527 1.0 332000
1694834644218 1.0 336000
1694834689432 1.0 340000
1694834723556 1.0 344000
