1694832173085 0.0 4000
1694832209924 0.0 8000
1694832246570 0.0 12000
1694832283184 0.0 16000
1694832317491 0.0 20000
1694832349002 0.0 24000
1694832378845 0.0 28000
1694832408950 0.0 32000
1694832440687 0.0 36000
1694832472091 0.0 40000
1694832507707 0.0 44000
1694832536652 0.0 48000
1694832564324 0.0 52000
1694832596722 0.0 56000
1694832625951 0.0 60000
1694832655198 0.0 64000
1694832683682 0.0 68000
1694832713299 0.0 72000
1694832742205 0.0 76000
1694832770592 0.0 80000
1694832800054 0.0 84000
1694832829565 0.0 88000
1694832858515 0.0 92000
1694832888137 0.0 96000
1694832916671 0.0 100000
1694832946438 0.0 104000
1694832974568 0.0 108000
1694833003657 0.0 112000
1694833032502 0.0 116000
1694833062117 0.0 120000
1694833092184 0.0 124000
1694833121766 0.0 128000
1694833150725 0.0 132000
1694833180631 0.0 136000
1694833209528 0.0 140000
1694833239335 0.0 144000
1694833268030 0.0 148000
1694833296931 0.0 152000
1694833325979 0.0 156000
1694833355661 0.0 160000
1694833389510 0.0 164000
1694833420480 0.0 168000
1694833449858 0.0 172000
1694833480653 0.0 176000
1694833509740 0.0 180000
1694833538390 0.0 184000
1694833568476 0.0 188000
1694833603589 0.0 192000
1694833633048 0.0 196000
1694833663234 0.0 200000
1694833692695 0.0 204000
1694833718858 0.0 208000
1694833743545 0.0 212000
1694833768146 0.0 216000
1694833793089 0.0 220000
1694833817101 0.0 224000
1694833841869 0.0 228000
1694833866069 0.0 232000
1694833890934 0.0 236000
1694833914925 0.0 240000
1694833940052 0.0 244000
1694833964820 0.0 248000
1694833988996 0.0 252000
1694834014019 0.0 256000
1694834038245 0.0 260000
1694834062227 0.0 264000
1694834086825 0.0 268000
1694834111133 0.0 272000
1694834135786 0.0 276000
1694834160188 0.0 280000
1694834186802 0.0 284000
1694834219518 0.0 288000
1694834253428 0.0 292000
1694834285660 0.0 296000
1694834318156 0.0 300000
1694834347583 0.0 304000
1694834377007 0.0 308000
1694834412623 0.0 312000
1694834450774 0.0 316000
1694834485804 0.0 320000
1694834524810 0.0 324000
1694834560504 0.0 328000
1694834603479 0.0 332000
1694834644176 0.0 336000
1694834689382 0.0 340000
1694834723530 0.0 344000
