1694832173162 0.0 4000
1694832210006 0.0 8000
1694832246608 0.0 12000
1694832283232 0.0 16000
1694832317526 0.0 20000
1694832349036 0.0 24000
1694832378881 0.0 28000
1694832408985 0.0 32000
1694832440724 0.0 36000
1694832472129 0.0 40000
1694832507738 0.0 44000
1694832536683 0.0 48000
1694832564357 0.0 52000
1694832596750 0.0 56000
1694832625980 0.0 60000
1694832655227 0.0 64000
1694832683709 0.0 68000
1694832713329 0.0 72000
1694832742235 0.0 76000
1694832770622 0.0 80000
1694832800089 0.0 84000
1694832829597 0.0 88000
1694832858545 0.0 92000
1694832888169 0.0 96000
1694832916701 0.0 100000
1694832946469 0.0 104000
1694832974597 0.0 108000
1694833003686 0.0 112000
1694833032534 0.0 116000
1694833062150 0.0 120000
1694833092219 0.0 124000
1694833121800 0.0 128000
1694833150758 0.0 132000
1694833180662 0.0 136000
1694833209564 0.0 140000
1694833239371 0.0 144000
1694833268086 0.0 148000
1694833296959 0.0 152000
1694833326015 0.0 156000
1694833355695 0.0 160000
1694833389552 0.0 164000
1694833420508 0.0 168000
1694833449884 0.0 172000
1694833480686 0.0 176000
1694833509771 0.0 180000
1694833538417 0.0 184000
1694833568524 0.0 188000
1694833603625 0.0 192000
1694833633086 0.0 196000
1694833663264 0.0 200000
1694833692727 0.0 204000
1694833718888 0.0 208000
1694833743578 0.0 212000
1694833768180 0.0 216000
1694833793118 0.0 220000
1694833817133 0.0 224000
1694833841894 0.0 228000
1694833866099 0.0 232000
1694833891007 0.0 236000
1694833914955 0.0 240000
1694833940082 0.0 244000
1694833964845 0.0 248000
1694833989023 0.0 252000
1694834014047 0.0 256000
1694834038268 0.0 260000
1694834062259 0.0 264000
1694834086855 0.0 268000
1694834111163 0.0 272000
1694834135821 0.0 276000
1694834160212 0.0 280000
1694834186833 0.0 284000
1694834219549 0.0 288000
1694834253496 0.0 292000
1694834285691 0.0 296000
1694834318187 0.0 300000
1694834347611 0.0 304000
1694834377036 0.0 308000
1694834412686 0.0 312000
1694834450837 0.0 316000
1694834485837 0.0 320000
1694834524855 0.0 324000
1694834560544 0.0 328000
1694834603532 0.0 332000
1694834644220 0.0 336000
1694834689437 0.0 340000
1694834723558 0.0 344000
