1694832173111 256.0 4000
1694832209938 256.0 8000
1694832246579 256.0 12000
1694832283195 256.0 16000
1694832317498 256.0 20000
1694832349008 256.0 24000
1694832378851 256.0 28000
1694832408956 256.0 32000
1694832440698 256.0 36000
1694832472100 256.0 40000
1694832507713 256.0 44000
1694832536657 256.0 48000
1694832564331 256.0 52000
1694832596728 256.0 56000
1694832625957 256.0 60000
1694832655205 256.0 64000
1694832683689 256.0 68000
1694832713306 256.0 72000
1694832742211 256.0 76000
1694832770601 256.0 80000
1694832800061 256.0 84000
1694832829571 256.0 88000
1694832858520 256.0 92000
1694832888144 256.0 96000
1694832916677 256.0 100000
1694832946443 256.0 104000
1694832974575 256.0 108000
1694833003665 256.0 112000
1694833032513 256.0 116000
1694833062123 256.0 120000
1694833092193 256.0 124000
1694833121772 256.0 128000
1694833150731 256.0 132000
1694833180639 256.0 136000
1694833209534 256.0 140000
1694833239344 256.0 144000
1694833268036 256.0 148000
1694833296938 256.0 152000
1694833325985 256.0 156000
1694833355671 256.0 160000
1694833389523 256.0 164000
1694833420486 256.0 168000
1694833449864 256.0 172000
1694833480659 256.0 176000
1694833509746 256.0 180000
1694833538396 256.0 184000
1694833568486 256.0 188000
1694833603596 256.0 192000
1694833633059 256.0 196000
1694833663240 256.0 200000
1694833692701 256.0 204000
1694833718864 256.0 208000
1694833743551 256.0 212000
1694833768151 256.0 216000
1694833793094 256.0 220000
1694833817106 256.0 224000
1694833841875 256.0 228000
1694833866079 256.0 232000
1694833890961 256.0 236000
1694833914933 256.0 240000
1694833940056 256.0 244000
1694833964825 256.0 248000
1694833989002 256.0 252000
1694834014024 256.0 256000
1694834038250 256.0 260000
1694834062236 256.0 264000
1694834086832 256.0 268000
1694834111143 256.0 272000
1694834135797 256.0 276000
1694834160194 256.0 280000
1694834186809 256.0 284000
1694834219527 256.0 288000
1694834253436 256.0 292000
1694834285666 256.0 296000
1694834318161 256.0 300000
1694834347591 256.0 304000
1694834377013 256.0 308000
1694834412632 256.0 312000
1694834450784 256.0 316000
1694834485811 256.0 320000
1694834524818 256.0 324000
1694834560516 256.0 328000
1694834603496 256.0 332000
1694834644183 256.0 336000
1694834689396 256.0 340000
1694834723538 256.0 344000
