1694832173115 0.0 4000
1694832209957 0.0 8000
1694832246585 0.0 12000
1694832283198 0.0 16000
1694832317500 0.0 20000
1694832349010 0.0 24000
1694832378853 0.0 28000
1694832408958 0.0 32000
1694832440701 0.0 36000
1694832472103 0.0 40000
1694832507715 0.0 44000
1694832536659 0.0 48000
1694832564333 0.0 52000
1694832596730 0.0 56000
1694832625959 0.0 60000
1694832655207 0.0 64000
1694832683691 0.0 68000
1694832713308 0.0 72000
1694832742213 0.0 76000
1694832770605 0.0 80000
1694832800063 0.0 84000
1694832829574 0.0 88000
1694832858523 0.0 92000
1694832888146 0.0 96000
1694832916679 0.0 100000
1694832946445 0.0 104000
1694832974577 0.0 108000
1694833003667 0.0 112000
1694833032515 0.0 116000
1694833062126 0.0 120000
1694833092197 0.0 124000
1694833121775 0.0 128000
1694833150734 0.0 132000
1694833180641 0.0 136000
1694833209536 0.0 140000
1694833239348 0.0 144000
1694833268038 0.0 148000
1694833296940 0.0 152000
1694833325987 0.0 156000
1694833355674 0.0 160000
1694833389526 0.0 164000
1694833420489 0.0 168000
1694833449867 0.0 172000
1694833480661 0.0 176000
1694833509750 0.0 180000
1694833538399 0.0 184000
1694833568489 0.0 188000
1694833603600 0.0 192000
1694833633062 0.0 196000
1694833663242 0.0 200000
1694833692703 0.0 204000
1694833718866 0.0 208000
1694833743553 0.0 212000
1694833768154 0.0 216000
1694833793096 0.0 220000
1694833817110 0.0 224000
1694833841877 0.0 228000
1694833866082 0.0 232000
1694833890964 0.0 236000
1694833914937 0.0 240000
1694833940059 0.0 244000
1694833964828 0.0 248000
1694833989004 0.0 252000
1694834014026 0.0 256000
1694834038252 0.0 260000
1694834062240 0.0 264000
1694834086835 0.0 268000
1694834111146 0.0 272000
1694834135800 0.0 276000
1694834160196 0.0 280000
1694834186811 0.0 284000
1694834219529 0.0 288000
1694834253442 0.0 292000
1694834285668 0.0 296000
1694834318164 0.0 300000
1694834347593 0.0 304000
1694834377016 0.0 308000
1694834412637 0.0 312000
1694834450788 0.0 316000
1694834485814 0.0 320000
1694834524820 0.0 324000
1694834560519 0.0 328000
1694834603501 0.0 332000
1694834644188 0.0 336000
1694834689401 0.0 340000
1694834723541 0.0 344000
