1694832173113 0.0 4000
1694832209955 0.0 8000
1694832246582 0.0 12000
1694832283197 0.0 16000
1694832317499 0.0 20000
1694832349009 0.0 24000
1694832378852 0.0 28000
1694832408957 0.0 32000
1694832440699 0.0 36000
1694832472102 0.0 40000
1694832507714 0.0 44000
1694832536658 0.0 48000
1694832564332 0.0 52000
1694832596729 0.0 56000
1694832625958 0.0 60000
1694832655206 0.0 64000
1694832683690 0.0 68000
1694832713307 0.0 72000
1694832742212 0.0 76000
1694832770603 0.0 80000
1694832800062 0.0 84000
1694832829572 0.0 88000
1694832858521 0.0 92000
1694832888145 0.0 96000
1694832916678 0.0 100000
1694832946444 0.0 104000
1694832974576 0.0 108000
1694833003666 0.0 112000
1694833032514 0.0 116000
1694833062125 0.0 120000
1694833092195 0.0 124000
1694833121773 0.0 128000
1694833150732 0.0 132000
1694833180640 0.0 136000
1694833209535 0.0 140000
1694833239346 0.0 144000
1694833268037 0.0 148000
1694833296939 0.0 152000
1694833325986 0.0 156000
1694833355673 0.0 160000
1694833389525 0.0 164000
1694833420488 0.0 168000
1694833449866 0.0 172000
1694833480660 0.0 176000
1694833509748 0.0 180000
1694833538398 0.0 184000
1694833568488 0.0 188000
1694833603597 0.0 192000
1694833633060 0.0 196000
1694833663241 0.0 200000
1694833692702 0.0 204000
1694833718865 0.0 208000
1694833743552 0.0 212000
1694833768153 0.0 216000
1694833793095 0.0 220000
1694833817108 0.0 224000
1694833841876 0.0 228000
1694833866081 0.0 232000
1694833890963 0.0 236000
1694833914935 0.0 240000
1694833940057 0.0 244000
1694833964826 0.0 248000
1694833989002 0.0 252000
1694834014025 0.0 256000
1694834038251 0.0 260000
1694834062238 0.0 264000
1694834086833 0.0 268000
1694834111145 0.0 272000
1694834135798 0.0 276000
1694834160195 0.0 280000
1694834186810 0.0 284000
1694834219528 0.0 288000
1694834253439 0.0 292000
1694834285667 0.0 296000
1694834318163 0.0 300000
1694834347592 0.0 304000
1694834377014 0.0 308000
1694834412634 0.0 312000
1694834450786 0.0 316000
1694834485812 0.0 320000
1694834524819 0.0 324000
1694834560518 0.0 328000
1694834603498 0.0 332000
1694834644185 0.0 336000
1694834689399 0.0 340000
1694834723539 0.0 344000
