1694832173167 -1.0 4000
1694832210012 -1.0 8000
1694832246612 -1.0 12000
1694832283240 -1.0 16000
1694832317532 -1.0 20000
1694832349042 -1.0 24000
1694832378887 -1.0 28000
1694832408991 -1.0 32000
1694832440730 -1.0 36000
1694832472133 -1.0 40000
1694832507743 -1.0 44000
1694832536687 -1.0 48000
1694832564360 -1.0 52000
1694832596754 -1.0 56000
1694832625986 -1.0 60000
1694832655231 -1.0 64000
1694832683712 -1.0 68000
1694832713332 -1.0 72000
1694832742239 -1.0 76000
1694832770626 -1.0 80000
1694832800094 -1.0 84000
1694832829601 -1.0 88000
1694832858549 -1.0 92000
1694832888172 -1.0 96000
1694832916706 -1.0 100000
1694832946473 -1.0 104000
1694832974602 -1.0 108000
1694833003691 -1.0 112000
1694833032540 -1.0 116000
1694833062155 -1.0 120000
1694833092222 -1.0 124000
1694833121803 -1.0 128000
1694833150762 -1.0 132000
1694833180667 -1.0 136000
1694833209569 -1.0 140000
1694833239374 -1.0 144000
1694833268089 -1.0 148000
1694833296963 -1.0 152000
1694833326021 -1.0 156000
1694833355700 -1.0 160000
1694833389557 -1.0 164000
1694833420511 -1.0 168000
1694833449888 -1.0 172000
1694833480690 -1.0 176000
1694833509775 -1.0 180000
1694833538421 -1.0 184000
1694833568532 -1.0 188000
1694833603630 -1.0 192000
1694833633090 -1.0 196000
1694833663268 -1.0 200000
1694833692730 -1.0 204000
1694833718892 -1.0 208000
1694833743581 -1.0 212000
1694833768185 -1.0 216000
1694833793121 -1.0 220000
1694833817136 -1.0 224000
1694833841897 -1.0 228000
1694833866102 -1.0 232000
1694833891012 -1.0 236000
1694833914958 -1.0 240000
1694833940086 -1.0 244000
1694833964848 -1.0 248000
1694833989026 -1.0 252000
1694834014050 -1.0 256000
1694834038271 -1.0 260000
1694834062265 -1.0 264000
1694834086858 -1.0 268000
1694834111166 -1.0 272000
1694834135826 -1.0 276000
1694834160215 -1.0 280000
1694834186836 -1.0 284000
1694834219553 -1.0 288000
1694834253518 -1.0 292000
1694834285694 -1.0 296000
1694834318191 -1.0 300000
1694834347614 -1.0 304000
1694834377040 -1.0 308000
1694834412692 -1.0 312000
1694834450843 -1.0 316000
1694834485842 -1.0 320000
1694834524862 -1.0 324000
1694834560551 -1.0 328000
1694834603541 -1.0 332000
1694834644225 -1.0 336000
1694834689445 -1.0 340000
1694834723562 -1.0 344000
