1694832173109 20.0 4000
1694832209935 20.0 8000
1694832246577 20.0 12000
1694832283193 20.0 16000
1694832317497 20.0 20000
1694832349006 20.0 24000
1694832378850 20.0 28000
1694832408955 20.0 32000
1694832440696 20.0 36000
1694832472099 20.0 40000
1694832507712 20.0 44000
1694832536656 20.0 48000
1694832564329 20.0 52000
1694832596727 20.0 56000
1694832625956 20.0 60000
1694832655204 20.0 64000
1694832683687 20.0 68000
1694832713305 20.0 72000
1694832742210 20.0 76000
1694832770599 20.0 80000
1694832800060 20.0 84000
1694832829570 20.0 88000
1694832858519 20.0 92000
1694832888143 20.0 96000
1694832916676 20.0 100000
1694832946442 20.0 104000
1694832974573 20.0 108000
1694833003663 20.0 112000
1694833032511 20.0 116000
1694833062122 20.0 120000
1694833092191 20.0 124000
1694833121771 20.0 128000
1694833150730 20.0 132000
1694833180637 20.0 136000
1694833209532 20.0 140000
1694833239342 20.0 144000
1694833268035 20.0 148000
1694833296936 20.0 152000
1694833325984 20.0 156000
1694833355668 20.0 160000
1694833389520 20.0 164000
1694833420485 20.0 168000
1694833449863 20.0 172000
1694833480658 20.0 176000
1694833509745 20.0 180000
1694833538394 20.0 184000
1694833568485 20.0 188000
1694833603594 20.0 192000
1694833633057 20.0 196000
1694833663238 20.0 200000
1694833692700 20.0 204000
1694833718863 20.0 208000
1694833743549 20.0 212000
1694833768150 20.0 216000
1694833793093 20.0 220000
1694833817105 20.0 224000
1694833841873 20.0 228000
1694833866077 20.0 232000
1694833890960 20.0 236000
1694833914932 20.0 240000
1694833940055 20.0 244000
1694833964824 20.0 248000
1694833989000 20.0 252000
1694834014023 20.0 256000
1694834038249 20.0 260000
1694834062234 20.0 264000
1694834086830 20.0 268000
1694834111141 20.0 272000
1694834135796 20.0 276000
1694834160193 20.0 280000
1694834186808 20.0 284000
1694834219525 20.0 288000
1694834253434 20.0 292000
1694834285665 20.0 296000
1694834318160 20.0 300000
1694834347590 20.0 304000
1694834377012 20.0 308000
1694834412630 20.0 312000
1694834450782 20.0 316000
1694834485810 20.0 320000
1694834524816 20.0 324000
1694834560515 20.0 328000
1694834603489 20.0 332000
1694834644182 20.0 336000
1694834689394 20.0 340000
1694834723536 20.0 344000
