1694832173103 0.0 4000
1694832209927 0.0 8000
1694832246572 0.0 12000
1694832283187 0.0 16000
1694832317492 0.0 20000
1694832349003 0.0 24000
1694832378846 0.0 28000
1694832408951 0.0 32000
1694832440689 0.0 36000
1694832472093 0.0 40000
1694832507709 0.0 44000
1694832536653 0.0 48000
1694832564325 0.0 52000
1694832596723 0.0 56000
1694832625952 0.0 60000
1694832655199 0.0 64000
1694832683684 0.0 68000
1694832713300 0.0 72000
1694832742206 0.0 76000
1694832770594 0.0 80000
1694832800056 0.0 84000
1694832829566 0.0 88000
1694832858516 0.0 92000
1694832888139 0.0 96000
1694832916673 0.0 100000
1694832946439 0.0 104000
1694832974570 0.0 108000
1694833003659 0.0 112000
1694833032505 0.0 116000
1694833062119 0.0 120000
1694833092185 0.0 124000
1694833121767 0.0 128000
1694833150726 0.0 132000
1694833180632 0.0 136000
1694833209529 0.0 140000
1694833239337 0.0 144000
1694833268031 0.0 148000
1694833296932 0.0 152000
1694833325980 0.0 156000
1694833355663 0.0 160000
1694833389512 0.0 164000
1694833420482 0.0 168000
1694833449859 0.0 172000
1694833480654 0.0 176000
1694833509741 0.0 180000
1694833538391 0.0 184000
1694833568479 0.0 188000
1694833603590 0.0 192000
1694833633050 0.0 196000
1694833663235 0.0 200000
1694833692696 0.0 204000
1694833718860 0.0 208000
1694833743546 0.0 212000
1694833768147 0.0 216000
1694833793090 0.0 220000
1694833817102 0.0 224000
1694833841870 0.0 228000
1694833866071 0.0 232000
1694833890936 0.0 236000
1694833914926 0.0 240000
1694833940053 0.0 244000
1694833964821 0.0 248000
1694833988997 0.0 252000
1694834014020 0.0 256000
1694834038246 0.0 260000
1694834062229 0.0 264000
1694834086826 0.0 268000
1694834111135 0.0 272000
1694834135788 0.0 276000
1694834160189 0.0 280000
1694834186804 0.0 284000
1694834219519 0.0 288000
1694834253429 0.0 292000
1694834285662 0.0 296000
1694834318157 0.0 300000
1694834347586 0.0 304000
1694834377008 0.0 308000
1694834412625 0.0 312000
1694834450776 0.0 316000
1694834485806 0.0 320000
1694834524812 0.0 324000
1694834560507 0.0 328000
1694834603482 0.0 332000
1694834644178 0.0 336000
1694834689385 0.0 340000
1694834723532 0.0 344000
