1694832173107 0.0 4000
1694832209932 0.0 8000
1694832246575 0.0 12000
1694832283192 0.0 16000
1694832317495 0.0 20000
1694832349005 0.0 24000
1694832378848 0.0 28000
1694832408954 0.0 32000
1694832440695 0.0 36000
1694832472097 0.0 40000
1694832507711 0.0 44000
1694832536655 0.0 48000
1694832564328 0.0 52000
1694832596725 0.0 56000
1694832625955 0.0 60000
1694832655202 0.0 64000
1694832683686 0.0 68000
1694832713304 0.0 72000
1694832742209 0.0 76000
1694832770598 0.0 80000
1694832800059 0.0 84000
1694832829569 0.0 88000
1694832858518 0.0 92000
1694832888141 0.0 96000
1694832916675 0.0 100000
1694832946441 0.0 104000
1694832974572 0.0 108000
1694833003662 0.0 112000
1694833032509 0.0 116000
1694833062121 0.0 120000
1694833092189 0.0 124000
1694833121769 0.0 128000
1694833150729 0.0 132000
1694833180635 0.0 136000
1694833209531 0.0 140000
1694833239340 0.0 144000
1694833268033 0.0 148000
1694833296935 0.0 152000
1694833325983 0.0 156000
1694833355667 0.0 160000
1694833389517 0.0 164000
1694833420484 0.0 168000
1694833449862 0.0 172000
1694833480657 0.0 176000
1694833509744 0.0 180000
1694833538393 0.0 184000
1694833568483 0.0 188000
1694833603593 0.0 192000
1694833633054 0.0 196000
1694833663237 0.0 200000
1694833692699 0.0 204000
1694833718862 0.0 208000
1694833743548 0.0 212000
1694833768149 0.0 216000
1694833793092 0.0 220000
1694833817104 0.0 224000
1694833841872 0.0 228000
1694833866075 0.0 232000
1694833890958 0.0 236000
1694833914930 0.0 240000
1694833940054 0.0 244000
1694833964823 0.0 248000
1694833988999 0.0 252000
1694834014022 0.0 256000
1694834038248 0.0 260000
1694834062232 0.0 264000
1694834086829 0.0 268000
1694834111139 0.0 272000
1694834135794 0.0 276000
1694834160192 0.0 280000
1694834186806 0.0 284000
1694834219524 0.0 288000
1694834253433 0.0 292000
1694834285664 0.0 296000
1694834318159 0.0 300000
1694834347588 0.0 304000
1694834377011 0.0 308000
1694834412628 0.0 312000
1694834450780 0.0 316000
1694834485809 0.0 320000
1694834524815 0.0 324000
1694834560513 0.0 328000
1694834603487 0.0 332000
1694834644180 0.0 336000
1694834689392 0.0 340000
1694834723534 0.0 344000
