1694832173118 0.0 4000
1694832209961 0.0 8000
1694832246590 0.0 12000
1694832283201 0.0 16000
1694832317502 0.0 20000
1694832349012 0.0 24000
1694832378856 0.0 28000
1694832408960 0.0 32000
1694832440704 0.0 36000
1694832472106 0.0 40000
1694832507718 0.0 44000
1694832536661 0.0 48000
1694832564336 0.0 52000
1694832596733 0.0 56000
1694832625961 0.0 60000
1694832655209 0.0 64000
1694832683693 0.0 68000
1694832713311 0.0 72000
1694832742215 0.0 76000
1694832770607 0.0 80000
1694832800066 0.0 84000
1694832829578 0.0 88000
1694832858525 0.0 92000
1694832888149 0.0 96000
1694832916682 0.0 100000
1694832946448 0.0 104000
1694832974581 0.0 108000
1694833003670 0.0 112000
1694833032518 0.0 116000
1694833062128 0.0 120000
1694833092200 0.0 124000
1694833121777 0.0 128000
1694833150736 0.0 132000
1694833180644 0.0 136000
1694833209540 0.0 140000
1694833239351 0.0 144000
1694833268041 0.0 148000
1694833296943 0.0 152000
1694833325990 0.0 156000
1694833355677 0.0 160000
1694833389529 0.0 164000
1694833420492 0.0 168000
1694833449869 0.0 172000
1694833480664 0.0 176000
1694833509754 0.0 180000
1694833538402 0.0 184000
1694833568492 0.0 188000
1694833603605 0.0 192000
1694833633064 0.0 196000
1694833663244 0.0 200000
1694833692707 0.0 204000
1694833718869 0.0 208000
1694833743556 0.0 212000
1694833768156 0.0 216000
1694833793098 0.0 220000
1694833817114 0.0 224000
1694833841879 0.0 228000
1694833866085 0.0 232000
1694833890967 0.0 236000
1694833914941 0.0 240000
1694833940061 0.0 244000
1694833964830 0.0 248000
1694833989006 0.0 252000
1694834014028 0.0 256000
1694834038254 0.0 260000
1694834062244 0.0 264000
1694834086839 0.0 268000
1694834111148 0.0 272000
1694834135802 0.0 276000
1694834160198 0.0 280000
1694834186814 0.0 284000
1694834219532 0.0 288000
1694834253448 0.0 292000
1694834285671 0.0 296000
1694834318166 0.0 300000
1694834347596 0.0 304000
1694834377018 0.0 308000
1694834412640 0.0 312000
1694834450792 0.0 316000
1694834485816 0.0 320000
1694834524823 0.0 324000
1694834560522 0.0 328000
1694834603506 0.0 332000
1694834644193 0.0 336000
1694834689408 0.0 340000
1694834723543 0.0 344000
