1694832173105 0.0 4000
1694832209929 0.0 8000
1694832246573 0.0 12000
1694832283190 0.0 16000
1694832317494 0.0 20000
1694832349004 0.0 24000
1694832378847 0.0 28000
1694832408952 0.0 32000
1694832440692 0.0 36000
1694832472096 0.0 40000
1694832507710 0.0 44000
1694832536654 0.0 48000
1694832564327 0.0 52000
1694832596724 0.0 56000
1694832625954 0.0 60000
1694832655201 0.0 64000
1694832683685 0.0 68000
1694832713302 0.0 72000
1694832742208 0.0 76000
1694832770595 0.0 80000
1694832800057 0.0 84000
1694832829568 0.0 88000
1694832858517 0.0 92000
1694832888140 0.0 96000
1694832916674 0.0 100000
1694832946440 0.0 104000
1694832974571 0.0 108000
1694833003661 0.0 112000
1694833032507 0.0 116000
1694833062120 0.0 120000
1694833092187 0.0 124000
1694833121768 0.0 128000
1694833150728 0.0 132000
1694833180633 0.0 136000
1694833209530 0.0 140000
1694833239338 0.0 144000
1694833268032 0.0 148000
1694833296934 0.0 152000
1694833325981 0.0 156000
1694833355665 0.0 160000
1694833389515 0.0 164000
1694833420483 0.0 168000
1694833449861 0.0 172000
1694833480655 0.0 176000
1694833509742 0.0 180000
1694833538392 0.0 184000
1694833568481 0.0 188000
1694833603591 0.0 192000
1694833633052 0.0 196000
1694833663236 0.0 200000
1694833692697 0.0 204000
1694833718861 0.0 208000
1694833743547 0.0 212000
1694833768148 0.0 216000
1694833793091 0.0 220000
1694833817103 0.0 224000
1694833841871 0.0 228000
1694833866073 0.0 232000
1694833890955 0.0 236000
1694833914928 0.0 240000
1694833940053 0.0 244000
1694833964822 0.0 248000
1694833988998 0.0 252000
1694834014021 0.0 256000
1694834038247 0.0 260000
1694834062230 0.0 264000
1694834086828 0.0 268000
1694834111137 0.0 272000
1694834135791 0.0 276000
1694834160190 0.0 280000
1694834186805 0.0 284000
1694834219522 0.0 288000
1694834253431 0.0 292000
1694834285663 0.0 296000
1694834318158 0.0 300000
1694834347587 0.0 304000
1694834377010 0.0 308000
1694834412627 0.0 312000
1694834450778 0.0 316000
1694834485808 0.0 320000
1694834524813 0.0 324000
1694834560511 0.0 328000
1694834603484 0.0 332000
1694834644179 0.0 336000
1694834689389 0.0 340000
1694834723533 0.0 344000
