1694832173163 1.0 4000
1694832210009 1.0 8000
1694832246609 1.0 12000
1694832283234 1.0 16000
1694832317528 1.0 20000
1694832349039 1.0 24000
1694832378883 1.0 28000
1694832408987 1.0 32000
1694832440726 1.0 36000
1694832472130 1.0 40000
1694832507739 1.0 44000
1694832536684 1.0 48000
1694832564358 1.0 52000
1694832596751 1.0 56000
1694832625982 1.0 60000
1694832655229 1.0 64000
1694832683710 1.0 68000
1694832713330 1.0 72000
1694832742236 1.0 76000
1694832770623 1.0 80000
1694832800091 1.0 84000
1694832829599 1.0 88000
1694832858546 1.0 92000
1694832888170 1.0 96000
1694832916703 1.0 100000
1694832946470 1.0 104000
1694832974598 1.0 108000
1694833003688 1.0 112000
1694833032535 1.0 116000
1694833062151 1.0 120000
1694833092220 1.0 124000
1694833121801 1.0 128000
1694833150759 1.0 132000
1694833180664 1.0 136000
1694833209566 1.0 140000
1694833239372 1.0 144000
1694833268087 1.0 148000
1694833296960 1.0 152000
1694833326017 1.0 156000
1694833355697 1.0 160000
1694833389554 1.0 164000
1694833420509 1.0 168000
1694833449885 1.0 172000
1694833480687 1.0 176000
1694833509773 1.0 180000
1694833538418 1.0 184000
1694833568527 1.0 188000
1694833603627 1.0 192000
1694833633087 1.0 196000
1694833663266 1.0 200000
1694833692728 1.0 204000
1694833718889 1.0 208000
1694833743579 1.0 212000
1694833768182 1.0 216000
1694833793119 1.0 220000
1694833817134 1.0 224000
1694833841895 1.0 228000
1694833866100 1.0 232000
1694833891009 1.0 236000
1694833914956 1.0 240000
1694833940083 1.0 244000
1694833964846 1.0 248000
1694833989024 1.0 252000
1694834014048 1.0 256000
1694834038269 1.0 260000
1694834062261 1.0 264000
1694834086856 1.0 268000
1694834111164 1.0 272000
1694834135823 1.0 276000
1694834160213 1.0 280000
1694834186834 1.0 284000
1694834219551 1.0 288000
1694834253498 1.0 292000
1694834285692 1.0 296000
1694834318188 1.0 300000
1694834347612 1.0 304000
1694834377038 1.0 308000
1694834412688 1.0 312000
1694834450839 1.0 316000
1694834485839 1.0 320000
1694834524859 1.0 324000
1694834560546 1.0 328000
1694834603535 1.0 332000
1694834644222 1.0 336000
1694834689440 1.0 340000
1694834723559 1.0 344000
