1694836625553 1.0 4000
1694836654270 1.0 8000
1694836682425 1.0 12000
1694836712287 1.0 16000
1694836741875 1.0 20000
1694836771461 1.0 24000
1694836802301 1.0 28000
1694836832720 1.0 32000
1694836863500 1.0 36000
1694836893364 1.0 40000
1694836927400 1.0 44000
1694836958650 1.0 48000
1694836990995 1.0 52000
1694837024059 1.0 56000
1694837056320 1.0 60000
1694837087297 1.0 64000
1694837118863 1.0 68000
1694837151015 1.0 72000
1694837182747 1.0 76000
1694837215767 1.0 80000
1694837250689 1.0 84000
1694837282959 1.0 88000
1694837314767 1.0 92000
1694837347204 1.0 96000
1694837379312 1.0 100000
1694837410785 1.0 104000
1694837442909 1.0 108000
1694837474566 1.0 112000
1694837506384 1.0 116000
1694837538766 1.0 120000
1694837573552 1.0 124000
1694837606050 1.0 128000
1694837640037 1.0 132000
1694837672995 1.0 136000
1694837705281 1.0 140000
1694837737537 1.0 144000
1694837769426 1.0 148000
1694837802160 1.0 152000
1694837834209 1.0 156000
1694837867712 1.0 160000
1694837905667 1.0 164000
1694837939186 1.0 168000
1694837971503 1.0 172000
1694838004944 1.0 176000
1694838037094 1.0 180000
1694838068274 1.0 184000
1694838099636 1.0 188000
1694838131039 1.0 192000
1694838162395 1.0 196000
1694838193064 1.0 200000
1694838229026 1.0 204000
1694838260301 1.0 208000
1694838291163 1.0 212000
1694838323099 1.0 216000
1694838354677 1.0 220000
1694838386085 1.0 224000
1694838417228 1.0 228000
1694838448049 1.0 232000
1694838479965 1.0 236000
1694838511963 1.0 240000
1694838547538 1.0 244000
1694838580002 1.0 248000
1694838611996 1.0 252000
1694838644141 1.0 256000
1694838675490 1.0 260000
1694838706838 1.0 264000
1694838738613 1.0 268000
1694838771437 1.0 272000
1694838804297 1.0 276000
1694838837721 1.0 280000
1694838875329 1.0 284000
1694838908347 1.0 288000
1694838941243 1.0 292000
1694838973816 1.0 296000
1694839006874 1.0 300000
1694839038642 1.0 304000
1694839070381 1.0 308000
1694839101774 1.0 312000
1694839134788 1.0 316000
1694839166816 1.0 320000
1694839200810 1.0 324000
1694839233406 1.0 328000
1694839264906 1.0 332000
1694839297270 1.0 336000
1694839328462 1.0 340000
1694839359755 1.0 344000
1694839389838 1.0 348000
1694839420855 1.0 352000
1694839452113 1.0 356000
1694839483109 1.0 360000
1694839516384 1.0 364000
1694839548022 1.0 368000
1694839579478 1.0 372000
1694839611723 1.0 376000
1694839642816 1.0 380000
1694839674452 1.0 384000
1694839706784 1.0 388000
1694839739557 1.0 392000
1694839771592 1.0 396000
1694839804162 1.0 400000
1694839840646 1.0 404000
1694839873463 1.0 408000
1694839906202 1.0 412000
1694839938511 1.0 416000
1694839971201 1.0 420000
1694840003144 1.0 424000
1694840035890 1.0 428000
1694840067271 1.0 432000
1694840099679 1.0 436000
1694840133220 1.0 440000
1694840170708 1.0 444000
1694840205079 1.0 448000
1694840237348 1.0 452000
1694840270841 1.0 456000
1694840302817 1.0 460000
1694840335611 1.0 464000
1694840366347 1.0 468000
1694840399567 1.0 472000
1694840430784 1.0 476000
1694840462880 1.0 480000
1694840498084 1.0 484000
1694840530201 1.0 488000
1694840562023 1.0 492000
1694840594120 1.0 496000
1694840627529 1.0 500000
1694840658701 1.0 504000
1694840690238 1.0 508000
1694840720777 1.0 512000
1694840752391 1.0 516000
1694840783669 1.0 520000
1694840820765 1.0 524000
1694840856048 1.0 528000
1694840885161 1.0 532000
1694840912259 1.0 536000
1694840940222 1.0 540000
1694840966370 1.0 544000
1694840993191 1.0 548000
1694841019379 1.0 552000
1694841046018 1.0 556000
1694841073353 1.0 560000
1694841102040 1.0 564000
1694841128395 1.0 568000
1694841154810 1.0 572000
1694841181776 1.0 576000
