1694836625550 1.0 4000
1694836654268 1.0 8000
1694836682423 1.0 12000
1694836712285 1.0 16000
1694836741874 1.0 20000
1694836771459 1.0 24000
1694836802299 1.0 28000
1694836832718 1.0 32000
1694836863499 1.0 36000
1694836893363 1.0 40000
1694836927399 1.0 44000
1694836958649 1.0 48000
1694836990992 1.0 52000
1694837024058 1.0 56000
1694837056319 1.0 60000
1694837087295 1.0 64000
1694837118862 1.0 68000
1694837151014 1.0 72000
1694837182745 1.0 76000
1694837215766 1.0 80000
1694837250687 1.0 84000
1694837282958 1.0 88000
1694837314766 1.0 92000
1694837347202 1.0 96000
1694837379310 1.0 100000
1694837410784 1.0 104000
1694837442908 1.0 108000
1694837474564 1.0 112000
1694837506382 1.0 116000
1694837538765 1.0 120000
1694837573550 1.0 124000
1694837606047 1.0 128000
1694837640035 1.0 132000
1694837672993 1.0 136000
1694837705280 1.0 140000
1694837737535 1.0 144000
1694837769424 1.0 148000
1694837802158 1.0 152000
1694837834207 1.0 156000
1694837867709 1.0 160000
1694837905664 1.0 164000
1694837939185 1.0 168000
1694837971502 1.0 172000
1694838004943 1.0 176000
1694838037092 1.0 180000
1694838068273 1.0 184000
1694838099634 1.0 188000
1694838131038 1.0 192000
1694838162394 1.0 196000
1694838193063 1.0 200000
1694838229025 1.0 204000
1694838260299 1.0 208000
1694838291162 1.0 212000
1694838323096 1.0 216000
1694838354676 1.0 220000
1694838386084 1.0 224000
1694838417227 1.0 228000
1694838448047 1.0 232000
1694838479964 1.0 236000
1694838511962 1.0 240000
1694838547537 1.0 244000
1694838580001 1.0 248000
1694838611994 1.0 252000
1694838644140 1.0 256000
1694838675488 1.0 260000
1694838706837 1.0 264000
1694838738612 1.0 268000
1694838771436 1.0 272000
1694838804296 1.0 276000
1694838837720 1.0 280000
1694838875328 1.0 284000
1694838908346 1.0 288000
1694838941241 1.0 292000
1694838973813 1.0 296000
1694839006871 1.0 300000
1694839038641 1.0 304000
1694839070379 1.0 308000
1694839101773 1.0 312000
1694839134787 1.0 316000
1694839166814 1.0 320000
1694839200809 1.0 324000
1694839233388 1.0 328000
1694839264905 1.0 332000
1694839297268 1.0 336000
1694839328461 1.0 340000
1694839359753 1.0 344000
1694839389837 1.0 348000
1694839420854 1.0 352000
1694839452112 1.0 356000
1694839483108 1.0 360000
1694839516382 1.0 364000
1694839548020 1.0 368000
1694839579476 1.0 372000
1694839611722 1.0 376000
1694839642815 1.0 380000
1694839674451 1.0 384000
1694839706783 1.0 388000
1694839739556 1.0 392000
1694839771590 1.0 396000
1694839804161 1.0 400000
1694839840645 1.0 404000
1694839873462 1.0 408000
1694839906201 1.0 412000
1694839938510 1.0 416000
1694839971200 1.0 420000
1694840003143 1.0 424000
1694840035888 1.0 428000
1694840067269 1.0 432000
1694840099678 1.0 436000
1694840133200 1.0 440000
1694840170707 1.0 444000
1694840205077 1.0 448000
1694840237346 1.0 452000
1694840270839 1.0 456000
1694840302815 1.0 460000
1694840335610 1.0 464000
1694840366345 1.0 468000
1694840399566 1.0 472000
1694840430782 1.0 476000
1694840462878 1.0 480000
1694840498083 1.0 484000
1694840530199 1.0 488000
1694840562022 1.0 492000
1694840594118 1.0 496000
1694840627528 1.0 500000
1694840658699 1.0 504000
1694840690237 1.0 508000
1694840720776 1.0 512000
1694840752390 1.0 516000
1694840783668 1.0 520000
1694840820764 1.0 524000
1694840856045 1.0 528000
1694840885160 1.0 532000
1694840912258 1.0 536000
1694840940221 1.0 540000
1694840966369 1.0 544000
1694840993190 1.0 548000
1694841019378 1.0 552000
1694841046017 1.0 556000
1694841073352 1.0 560000
1694841102039 1.0 564000
1694841128394 1.0 568000
1694841154809 1.0 572000
1694841181775 1.0 576000
