1694836624987 -0.2795 4000
1694836653994 -0.16317647058823528 8000
1694836682095 -0.018701754385964907 12000
1694836711748 0.07277499999999999 16000
1694836741577 0.06727999999999998 20000
1694836770848 0.17623 24000
1694836801973 0.26696999999999993 28000
1694836832189 0.24517999999999998 32000
1694836863173 0.23687999999999995 36000
1694836893038 0.23908000000000001 40000
1694836927056 0.21181000000000005 44000
1694836958333 0.18586 48000
1694836990639 0.25003 52000
1694837023681 0.3091299999999999 56000
1694837056000 0.26859 60000
1694837086975 0.35891 64000
1694837118510 0.31233000000000005 68000
1694837150683 0.29480999999999996 72000
1694837182408 0.3911999999999999 76000
1694837215409 0.41359999999999997 80000
1694837250129 0.49923 84000
1694837282608 0.5313599999999999 88000
1694837314416 0.50774 92000
1694837346861 0.51538 96000
1694837378957 0.43550999999999995 100000
1694837410448 0.5013700000000001 104000
1694837442562 0.61601 108000
1694837474203 0.62517 112000
1694837506040 0.61478 116000
1694837538443 0.60213 120000
1694837573201 0.6679199999999998 124000
1694837605707 0.6931400000000001 128000
1694837639649 0.8001599999999999 132000
1694837672433 0.7131399999999999 136000
1694837704940 0.65402 140000
1694837737161 0.7585200000000001 144000
1694837769078 0.8359999999999999 148000
1694837801811 0.8849899999999999 152000
1694837833854 0.84295 156000
1694837867383 0.7803 160000
1694837905318 0.8362599999999999 164000
1694837938704 0.8644700000000001 168000
1694837970936 0.8292899999999999 172000
1694838004646 0.76717 176000
1694838036794 0.7092400000000002 180000
1694838067972 0.8249799999999999 184000
1694838099338 0.8048700000000001 188000
1694838130699 0.83603 192000
1694838162118 0.84016 196000
1694838192776 0.7943499999999999 200000
1694838228699 0.72556 204000
1694838260021 0.82081 208000
1694838290817 0.7797799999999999 212000
1694838322776 0.7993600000000001 216000
1694838354377 0.8676600000000001 220000
1694838385808 0.85852 224000
1694838416931 0.82451 228000
1694838447753 0.75684 232000
1694838479682 0.7858400000000002 236000
1694838511467 0.97821 240000
1694838547202 0.8399899999999998 244000
1694838579708 0.85953 248000
1694838611715 0.8215 252000
1694838643849 0.6571300000000001 256000
1694838675204 0.8320499999999998 260000
1694838706484 0.89792 264000
1694838738337 1.0017699999999998 268000
1694838771144 0.8294600000000001 272000
1694838803973 0.8926199999999999 276000
1694838837368 1.0183499999999999 280000
1694838874978 0.9229299999999999 284000
1694838907982 0.8512899999999999 288000
1694838940931 0.8095045871559633 292000
1694838973514 0.8770099999999998 296000
1694839006579 0.9595400000000001 300000
1694839038303 1.00978 304000
1694839070087 0.9331470588235292 308000
1694839101482 1.0484513274336285 312000
1694839134495 0.86469 316000
1694839166534 1.00121 320000
1694839200518 0.8509823008849559 324000
1694839232817 0.9250299999999999 328000
1694839264609 0.9856448598130841 332000
1694839296982 1.0394954128440368 336000
1694839328160 1.007806451612903 340000
1694839359482 1.000981818181818 344000
1694839389555 0.947923076923077 348000
1694839420528 1.0091315789473685 352000
1694839451809 1.0558571428571426 356000
1694839482795 0.86881 360000
1694839516040 1.0519710144927537 364000
1694839547731 0.991560344827586 368000
1694839579195 1.0075378151260503 372000
1694839611438 0.990804347826087 376000
1694839642528 0.9139558823529411 380000
1694839674151 1.0718333333333332 384000
1694839706500 1.014782945736434 388000
1694839739253 0.902178861788618 392000
1694839771047 0.9705035971223022 396000
1694839803866 0.9842761194029851 400000
1694839840309 1.012781954887218 404000
1694839873191 1.0800986842105265 408000
1694839905898 1.0192333333333332 412000
1694839938167 1.0451181102362206 416000
1694839970890 1.0275471698113208 420000
1694840002854 1.007063492063492 424000
1694840035582 1.18863698630137 428000
1694840066970 1.055258064516129 432000
1694840099356 1.0352962962962962 436000
1694840132628 1.03445 440000
1694840170387 1.0305544554455444 444000
1694840204784 0.9524919354838709 448000
1694840237052 1.124903448275862 452000
1694840270507 1.0600939597315437 456000
1694840302529 1.0610838709677421 460000
1694840335308 1.1026686046511627 464000
1694840366060 1.1358881118881117 468000
1694840399283 1.1109807692307692 472000
1694840430284 0.9626744186046512 476000
1694840462557 1.1140604026845637 480000
1694840497769 1.0200714285714285 484000
1694840529876 1.1259513888888888 488000
1694840561726 1.0954666666666666 492000
1694840593774 1.027272108843537 496000
1694840627242 1.052142857142857 500000
1694840658403 1.1028470588235295 504000
1694840689955 1.0790067567567567 508000
1694840720489 1.1343496932515338 512000
1694840752102 1.077567415730337 516000
1694840783371 1.1550140845070422 520000
1694840820440 0.9803787878787876 524000
1694840855762 1.0594285714285714 528000
1694840884900 0.9679343065693429 532000
1694840911748 1.078588888888889 536000
1694840939942 1.0807685950413224 540000
1694840966080 1.0206720000000002 544000
1694840992935 1.0826521739130435 548000
1694841019115 1.0243416149068323 552000
1694841045745 1.0131235955056181 556000
1694841073070 1.0432198581560281 560000
1694841101766 1.0952127659574469 564000
1694841128066 1.0774179104477613 568000
1694841154552 1.0988169934640521 572000
1694841181374 1.0644701986754967 576000
