1694832173030 0.1580195767538888 4000
1694832209870 0.157088041305542 8000
1694832246542 0.16615267457633182 12000
1694832283146 0.1620932470394086 16000
1694832317455 0.1635656212315415 20000
1694832348975 0.16048109531402588 24000
1694832378810 0.15574133396148682 28000
1694832408919 0.1475963592529297 32000
1694832440652 0.1426941156387329 36000
1694832472055 0.13810062408447266 40000
1694832507686 0.14788615703582764 44000
1694832536631 0.15113139152526855 48000
1694832564298 0.146368145942688 52000
1694832596699 0.14548754692077637 56000
1694832625931 0.1433624029159546 60000
1694832655176 0.1321263313293457 64000
1694832683657 0.12782883644104004 68000
1694832713278 0.1294647455215454 72000
1694832742183 0.12852954864501953 76000
1694832770565 0.12760615348815918 80000
1694832800023 0.13140392303466797 84000
1694832829543 0.13496696949005127 88000
1694832858492 0.13536763191223145 92000
1694832888113 0.1353992223739624 96000
1694832916643 0.13871347904205322 100000
1694832946415 0.13599610328674316 104000
1694832974541 0.1330251693725586 108000
1694833003631 0.13261747360229492 112000
1694833032474 0.1364811658859253 116000
1694833062084 0.13430583477020264 120000
1694833092159 0.1405261754989624 124000
1694833121740 0.13806915283203125 128000
1694833150698 0.13695526123046875 132000
1694833180603 0.13126957416534424 136000
1694833209502 0.12888336181640625 140000
1694833239307 0.12939369678497314 144000
1694833268006 0.13156628608703613 148000
1694833296901 0.13106787204742432 152000
1694833325946 0.13175225257873535 156000
1694833355636 0.12842333316802979 160000
1694833389479 0.13044893741607666 164000
1694833420456 0.1351534128189087 168000
1694833449832 0.13519346714019775 172000
1694833480631 0.14122819900512695 176000
1694833509720 0.1427147388458252 180000
1694833538368 0.13524878025054932 184000
1694833568436 0.13316714763641357 188000
1694833603561 0.1406726837158203 192000
1694833633021 0.14295470714569092 196000
1694833663204 0.14430367946624756 200000
1694833692675 0.1469130516052246 204000
1694833718837 0.14410614967346191 208000
1694833743523 0.131766676902771 212000
1694833768128 0.1252225637435913 216000
1694833793070 0.12872278690338135 220000
1694833817081 0.1261606216430664 224000
1694833841842 0.12637567520141602 228000
1694833866045 0.13799571990966797 232000
1694833890883 0.12969136238098145 236000
1694833914904 0.12813711166381836 240000
1694833940029 0.12839627265930176 244000
1694833964798 0.11762654781341553 248000
1694833988971 0.12049448490142822 252000
1694834013999 0.12039780616760254 256000
1694834038219 0.11867773532867432 260000
1694834062200 0.11969161033630371 264000
1694834086801 0.11855292320251465 268000
1694834111109 0.12341904640197754 272000
1694834135757 0.12420141696929932 276000
1694834160166 0.12076640129089355 280000
1694834186775 0.11990296840667725 284000
1694834219496 0.12657403945922852 288000
1694834253377 0.1287144422531128 292000
1694834285639 0.13781976699829102 296000
1694834318130 0.146842360496521 300000
1694834347558 0.1445988416671753 304000
1694834376975 0.14361369609832764 308000
1694834412540 0.14423346519470215 312000
1694834450700 0.15188181400299072 316000
1694834485774 0.16273212432861328 320000
1694834524772 0.16813921928405762 324000
1694834560450 0.1690751314163208 328000
1694834603435 0.1715536117553711 332000
1694834644146 0.17361223697662354 336000
1694834689337 0.17898809909820557 340000
1694834723508 0.19123268127441406 344000
