1694832172983 0.0 4000
1694832209817 0.0 8000
1694832246511 0.0 12000
1694832283109 0.0 16000
1694832317427 0.0 20000
1694832348952 0.0 24000
1694832378786 0.0 28000
1694832408896 0.0 32000
1694832440618 0.0 36000
1694832472023 0.0 40000
1694832507666 0.0 44000
1694832536608 0.0 48000
1694832564270 0.0 52000
1694832596675 0.0 56000
1694832625909 0.0 60000
1694832655152 0.0 64000
1694832683635 0.0 68000
1694832713258 0.0 72000
1694832742163 0.0 76000
1694832770546 0.0 80000
1694832799999 0.0 84000
1694832829520 0.01 88000
1694832858472 0.01 92000
1694832888091 0.01 96000
1694832916620 0.01 100000
1694832946393 0.01 104000
1694832974521 0.0 108000
1694833003609 0.02 112000
1694833032446 0.02 116000
1694833062062 0.02 120000
1694833092132 0.02 124000
1694833121719 0.02 128000
1694833150677 0.0 132000
1694833180580 0.01 136000
1694833209478 0.02 140000
1694833239284 0.02 144000
1694833267981 0.02 148000
1694833296881 0.01 152000
1694833325923 0.02 156000
1694833355610 0.01 160000
1694833389442 0.01 164000
1694833420434 0.01 168000
1694833449811 0.0 172000
1694833480605 0.0 176000
1694833509697 0.0 180000
1694833538342 0.0 184000
1694833568359 0.0 188000
1694833603530 0.01 192000
1694833632991 0.01 196000
1694833663180 0.02 200000
1694833692647 0.03 204000
1694833718814 0.03 208000
1694833743498 0.03 212000
1694833768102 0.03 216000
1694833793049 0.04 220000
1694833817056 0.04 224000
1694833841820 0.04 228000
1694833866024 0.04 232000
1694833890833 0.01 236000
1694833914887 0.01 240000
1694833940005 0.02 244000
1694833964775 0.02 248000
1694833988953 0.02 252000
1694834013973 0.02 256000
1694834038201 0.0 260000
1694834062181 0.0 264000
1694834086777 0.0 268000
1694834111091 0.0 272000
1694834135736 0.0 276000
1694834160148 0.01 280000
1694834186751 0.01 284000
1694834219467 0.02 288000
1694834253327 0.02 292000
1694834285615 0.02 296000
1694834318107 0.01 300000
1694834347537 0.01 304000
1694834376949 0.01 308000
1694834412489 0.01 312000
1694834450642 0.01 316000
1694834485754 0.0 320000
1694834524742 0.0 324000
1694834560417 0.0 328000
1694834603403 0.0 332000
1694834644117 0.0 336000
1694834689295 0.0 340000
1694834723484 0.01 344000
