1694832173004 0.0 4000
1694832209821 0.0 8000
1694832246515 0.0 12000
1694832283114 0.0 16000
1694832317431 0.0 20000
1694832348955 0.0 24000
1694832378791 0.0 28000
1694832408898 0.0 32000
1694832440624 0.0 36000
1694832472027 0.0 40000
1694832507669 0.0 44000
1694832536610 0.0 48000
1694832564274 0.0 52000
1694832596677 0.0 56000
1694832625911 0.0 60000
1694832655155 0.0 64000
1694832683638 0.0 68000
1694832713261 0.0 72000
1694832742165 0.0 76000
1694832770548 0.0 80000
1694832800004 0.0 84000
1694832829522 1.0 88000
1694832858474 1.0 92000
1694832888094 1.0 96000
1694832916622 1.0 100000
1694832946396 1.0 104000
1694832974523 0.0 108000
1694833003613 1.0 112000
1694833032449 1.0 116000
1694833062065 1.0 120000
1694833092134 1.0 124000
1694833121721 1.0 128000
1694833150679 0.0 132000
1694833180582 1.0 136000
1694833209481 1.0 140000
1694833239288 1.0 144000
1694833267983 1.0 148000
1694833296883 1.0 152000
1694833325926 1.0 156000
1694833355614 1.0 160000
1694833389447 1.0 164000
1694833420437 1.0 168000
1694833449814 0.0 172000
1694833480608 0.0 176000
1694833509701 0.0 180000
1694833538344 0.0 184000
1694833568363 0.0 188000
1694833603533 1.0 192000
1694833632993 1.0 196000
1694833663183 1.0 200000
1694833692649 1.0 204000
1694833718816 1.0 208000
1694833743500 1.0 212000
1694833768105 1.0 216000
1694833793051 1.0 220000
1694833817060 1.0 224000
1694833841822 1.0 228000
1694833866027 1.0 232000
1694833890838 1.0 236000
1694833914890 1.0 240000
1694833940008 1.0 244000
1694833964777 1.0 248000
1694833988955 1.0 252000
1694834013976 1.0 256000
1694834038204 0.0 260000
1694834062183 0.0 264000
1694834086779 0.0 268000
1694834111094 0.0 272000
1694834135739 0.0 276000
1694834160150 1.0 280000
1694834186754 1.0 284000
1694834219471 1.0 288000
1694834253330 1.0 292000
1694834285617 1.0 296000
1694834318109 1.0 300000
1694834347540 1.0 304000
1694834376953 1.0 308000
1694834412494 1.0 312000
1694834450648 1.0 316000
1694834485756 0.0 320000
1694834524745 0.0 324000
1694834560419 0.0 328000
1694834603407 0.0 332000
1694834644120 0.0 336000
1694834689300 0.0 340000
1694834723488 1.0 344000
