1694832172986 0.0 4000
1694832209819 0.0 8000
1694832246513 0.0 12000
1694832283111 0.0 16000
1694832317429 0.0 20000
1694832348954 0.0 24000
1694832378789 0.0 28000
1694832408897 0.0 32000
1694832440622 0.0 36000
1694832472025 0.0 40000
1694832507668 0.0 44000
1694832536609 0.0 48000
1694832564272 0.0 52000
1694832596676 0.0 56000
1694832625910 0.0 60000
1694832655154 0.0 64000
1694832683637 0.0 68000
1694832713259 0.0 72000
1694832742164 0.0 76000
1694832770547 0.0 80000
1694832800002 0.0 84000
1694832829521 0.0 88000
1694832858473 0.0 92000
1694832888093 0.0 96000
1694832916621 0.0 100000
1694832946394 0.0 104000
1694832974522 0.0 108000
1694833003612 0.0 112000
1694833032448 0.0 116000
1694833062064 0.0 120000
1694833092133 0.0 124000
1694833121720 0.0 128000
1694833150678 0.0 132000
1694833180581 0.0 136000
1694833209480 0.0 140000
1694833239286 0.0 144000
1694833267982 0.0 148000
1694833296882 0.0 152000
1694833325925 0.0 156000
1694833355612 0.0 160000
1694833389444 0.0 164000
1694833420436 0.0 168000
1694833449812 0.0 172000
1694833480606 0.0 176000
1694833509699 0.0 180000
1694833538343 0.0 184000
1694833568361 0.0 188000
1694833603531 0.0 192000
1694833632992 0.0 196000
1694833663182 0.0 200000
1694833692648 0.0 204000
1694833718815 0.0 208000
1694833743499 0.0 212000
1694833768104 0.0 216000
1694833793050 0.0 220000
1694833817058 0.0 224000
1694833841821 0.0 228000
1694833866025 0.0 232000
1694833890835 0.0 236000
1694833914888 0.0 240000
1694833940007 0.0 244000
1694833964776 0.0 248000
1694833988954 0.0 252000
1694834013975 0.0 256000
1694834038202 0.0 260000
1694834062182 0.0 264000
1694834086778 0.0 268000
1694834111092 0.0 272000
1694834135738 0.0 276000
1694834160149 0.0 280000
1694834186753 0.0 284000
1694834219468 0.0 288000
1694834253329 0.0 292000
1694834285616 0.0 296000
1694834318108 0.0 300000
1694834347538 0.0 304000
1694834376951 0.0 308000
1694834412491 0.0 312000
1694834450645 0.0 316000
1694834485755 0.0 320000
1694834524744 0.0 324000
1694834560418 0.0 328000
1694834603405 0.0 332000
1694834644118 0.0 336000
1694834689297 0.0 340000
1694834723486 0.0 344000
