1694832173005 0.21428571428571427 4000
1694832209823 0.29411764705882354 8000
1694832246517 0.3275862068965517 12000
1694832283117 0.34177215189873417 16000
1694832317434 0.31313131313131315 20000
1694832348956 0.29 24000
1694832378793 0.23 28000
1694832408899 0.26 32000
1694832440626 0.27 36000
1694832472029 0.28 40000
1694832507670 0.3 44000
1694832536611 0.33 48000
1694832564276 0.3 52000
1694832596678 0.3 56000
1694832625912 0.32 60000
1694832655157 0.32 64000
1694832683639 0.34 68000
1694832713262 0.35 72000
1694832742166 0.32 76000
1694832770550 0.31 80000
1694832800006 0.32 84000
1694832829524 0.3 88000
1694832858475 0.34 92000
1694832888095 0.37 96000
1694832916623 0.4 100000
1694832946397 0.43 104000
1694832974524 0.46 108000
1694833003615 0.42 112000
1694833032451 0.41 116000
1694833062067 0.35 120000
1694833092136 0.32 124000
1694833121722 0.28 128000
1694833150680 0.37 132000
1694833180584 0.39 136000
1694833209482 0.41 140000
1694833239289 0.47 144000
1694833267984 0.43 148000
1694833296884 0.37 152000
1694833325927 0.36 156000
1694833355616 0.31 160000
1694833389449 0.25 164000
1694833420438 0.27 168000
1694833449815 0.25 172000
1694833480609 0.24 176000
1694833509703 0.25 180000
1694833538346 0.3 184000
1694833568365 0.35 188000
1694833603534 0.32 192000
1694833632994 0.33 196000
1694833663185 0.32 200000
1694833692650 0.27 204000
1694833718817 0.24 208000
1694833743501 0.31 212000
1694833768106 0.34 216000
1694833793052 0.34 220000
1694833817062 0.35 224000
1694833841823 0.33 228000
1694833866029 0.36 232000
1694833890855 0.39 236000
1694833914891 0.42 240000
1694833940009 0.42 244000
1694833964778 0.4 248000
1694833988956 0.39 252000
1694834013977 0.44 256000
1694834038205 0.42 260000
1694834062184 0.41 264000
1694834086780 0.42 268000
1694834111095 0.48 272000
1694834135740 0.45 276000
1694834160151 0.42 280000
1694834186755 0.4 284000
1694834219473 0.39 288000
1694834253332 0.39 292000
1694834285618 0.44 296000
1694834318111 0.42 300000
1694834347541 0.43 304000
1694834376955 0.4 308000
1694834412496 0.37 312000
1694834450651 0.44 316000
1694834485758 0.39 320000
1694834524747 0.4 324000
1694834560421 0.42 328000
1694834603409 0.36 332000
1694834644121 0.3 336000
1694834689303 0.27 340000
1694834723489 0.23 344000
