1694832173007 0.0 4000
1694832209826 0.0 8000
1694832246518 0.0 12000
1694832283119 0.0 16000
1694832317436 0.0 20000
1694832348957 0.0 24000
1694832378795 0.0 28000
1694832408901 0.0 32000
1694832440628 0.0 36000
1694832472031 0.0 40000
1694832507672 0.0 44000
1694832536613 0.0 48000
1694832564278 0.0 52000
1694832596679 0.0 56000
1694832625913 0.0 60000
1694832655158 0.0 64000
1694832683641 0.0 68000
1694832713263 0.0 72000
1694832742168 0.0 76000
1694832770551 0.0 80000
1694832800007 0.0 84000
1694832829526 0.0 88000
1694832858476 0.0 92000
1694832888096 0.0 96000
1694832916624 0.0 100000
1694832946398 0.0 104000
1694832974525 0.0 108000
1694833003616 0.0 112000
1694833032453 0.0 116000
1694833062068 0.0 120000
1694833092138 0.0 124000
1694833121723 0.0 128000
1694833150681 0.0 132000
1694833180586 0.0 136000
1694833209483 0.0 140000
1694833239291 0.0 144000
1694833267985 0.0 148000
1694833296885 0.0 152000
1694833325928 0.0 156000
1694833355618 0.0 160000
1694833389451 0.0 164000
1694833420439 0.0 168000
1694833449816 0.0 172000
1694833480610 0.0 176000
1694833509705 0.0 180000
1694833538349 0.0 184000
1694833568368 0.0 188000
1694833603536 0.0 192000
1694833632995 0.0 196000
1694833663186 0.0 200000
1694833692651 0.0 204000
1694833718818 0.0 208000
1694833743502 0.0 212000
1694833768108 0.0 216000
1694833793053 0.0 220000
1694833817064 0.0 224000
1694833841825 0.0 228000
1694833866031 0.0 232000
1694833890857 0.0 236000
1694833914892 0.0 240000
1694833940010 0.0 244000
1694833964779 0.0 248000
1694833988957 0.0 252000
1694834013978 0.0 256000
1694834038206 0.0 260000
1694834062185 0.0 264000
1694834086781 0.0 268000
1694834111096 0.0 272000
1694834135741 0.0 276000
1694834160152 0.0 280000
1694834186756 0.0 284000
1694834219475 0.0 288000
1694834253334 0.0 292000
1694834285619 0.0 296000
1694834318112 0.0 300000
1694834347543 0.0 304000
1694834376956 0.0 308000
1694834412498 0.0 312000
1694834450654 0.0 316000
1694834485759 0.0 320000
1694834524749 0.0 324000
1694834560422 0.0 328000
1694834603410 0.0 332000
1694834644123 0.0 336000
1694834689306 0.0 340000
1694834723490 0.0 344000
