1694832173009 1.0 4000
1694832209829 1.0 8000
1694832246520 1.0 12000
1694832283121 1.0 16000
1694832317438 1.0 20000
1694832348958 1.0 24000
1694832378796 1.0 28000
1694832408902 1.0 32000
1694832440629 1.0 36000
1694832472032 1.0 40000
1694832507673 1.0 44000
1694832536614 1.0 48000
1694832564279 1.0 52000
1694832596680 1.0 56000
1694832625915 1.0 60000
1694832655159 1.0 64000
1694832683643 1.0 68000
1694832713264 1.0 72000
1694832742169 1.0 76000
1694832770552 1.0 80000
1694832800009 1.0 84000
1694832829528 1.0 88000
1694832858477 1.0 92000
1694832888097 1.0 96000
1694832916625 1.0 100000
1694832946399 1.0 104000
1694832974526 1.0 108000
1694833003617 1.0 112000
1694833032455 1.0 116000
1694833062069 1.0 120000
1694833092139 1.0 124000
1694833121724 1.0 128000
1694833150683 1.0 132000
1694833180588 1.0 136000
1694833209485 1.0 140000
1694833239293 1.0 144000
1694833267986 1.0 148000
1694833296887 1.0 152000
1694833325929 1.0 156000
1694833355620 1.0 160000
1694833389454 1.0 164000
1694833420441 1.0 168000
1694833449818 1.0 172000
1694833480612 1.0 176000
1694833509706 1.0 180000
1694833538351 1.0 184000
1694833568389 1.0 188000
1694833603537 1.0 192000
1694833632997 1.0 196000
1694833663187 1.0 200000
1694833692653 1.0 204000
1694833718819 1.0 208000
1694833743503 1.0 212000
1694833768110 1.0 216000
1694833793054 1.0 220000
1694833817066 1.0 224000
1694833841826 1.0 228000
1694833866032 1.0 232000
1694833890860 1.0 236000
1694833914893 1.0 240000
1694833940011 1.0 244000
1694833964781 1.0 248000
1694833988959 1.0 252000
1694834013979 1.0 256000
1694834038207 1.0 260000
1694834062186 1.0 264000
1694834086782 1.0 268000
1694834111097 1.0 272000
1694834135743 1.0 276000
1694834160153 1.0 280000
1694834186757 1.0 284000
1694834219478 1.0 288000
1694834253336 1.0 292000
1694834285621 1.0 296000
1694834318113 1.0 300000
1694834347544 1.0 304000
1694834376958 1.0 308000
1694834412500 1.0 312000
1694834450672 1.0 316000
1694834485760 1.0 320000
1694834524750 1.0 324000
1694834560424 1.0 328000
1694834603412 1.0 332000
1694834644124 1.0 336000
1694834689309 1.0 340000
1694834723492 1.0 344000
