1694832173018 1.0 4000
1694832209859 1.0 8000
1694832246529 1.0 12000
1694832283133 1.0 16000
1694832317447 1.0 20000
1694832348967 1.0 24000
1694832378804 1.0 28000
1694832408908 1.0 32000
1694832440642 1.0 36000
1694832472046 1.0 40000
1694832507679 1.0 44000
1694832536624 1.0 48000
1694832564288 1.0 52000
1694832596688 1.0 56000
1694832625923 1.0 60000
1694832655166 1.0 64000
1694832683650 1.0 68000
1694832713271 1.0 72000
1694832742177 1.0 76000
1694832770558 1.0 80000
1694832800016 1.0 84000
1694832829536 1.0 88000
1694832858486 1.0 92000
1694832888106 1.0 96000
1694832916632 1.0 100000
1694832946407 1.0 104000
1694832974534 1.0 108000
1694833003624 1.0 112000
1694833032466 1.0 116000
1694833062077 1.0 120000
1694833092148 1.0 124000
1694833121732 1.0 128000
1694833150691 1.0 132000
1694833180595 1.0 136000
1694833209494 1.0 140000
1694833239300 1.0 144000
1694833267997 1.0 148000
1694833296894 1.0 152000
1694833325936 1.0 156000
1694833355629 1.0 160000
1694833389467 1.0 164000
1694833420448 1.0 168000
1694833449825 1.0 172000
1694833480621 1.0 176000
1694833509713 1.0 180000
1694833538360 1.0 184000
1694833568424 1.0 188000
1694833603545 1.0 192000
1694833633008 1.0 196000
1694833663194 1.0 200000
1694833692667 1.0 204000
1694833718828 1.0 208000
1694833743515 1.0 212000
1694833768121 1.0 216000
1694833793064 1.0 220000
1694833817074 1.0 224000
1694833841835 1.0 228000
1694833866039 1.0 232000
1694833890871 1.0 236000
1694833914898 1.0 240000
1694833940022 1.0 244000
1694833964791 1.0 248000
1694833988965 1.0 252000
1694834013992 1.0 256000
1694834038213 1.0 260000
1694834062193 1.0 264000
1694834086794 1.0 268000
1694834111103 1.0 272000
1694834135750 1.0 276000
1694834160160 1.0 280000
1694834186764 1.0 284000
1694834219487 1.0 288000
1694834253366 1.0 292000
1694834285632 1.0 296000
1694834318122 1.0 300000
1694834347551 1.0 304000
1694834376965 1.0 308000
1694834412526 1.0 312000
1694834450685 1.0 316000
1694834485767 1.0 320000
1694834524763 1.0 324000
1694834560434 1.0 328000
1694834603421 1.0 332000
1694834644132 1.0 336000
1694834689322 1.0 340000
1694834723499 1.0 344000
