1694832173015 0.21428571428571427 4000
1694832209855 0.29411764705882354 8000
1694832246525 0.3275862068965517 12000
1694832283128 0.34177215189873417 16000
1694832317445 0.31313131313131315 20000
1694832348964 0.29 24000
1694832378801 0.23 28000
1694832408906 0.26 32000
1694832440637 0.27 36000
1694832472042 0.28 40000
1694832507677 0.3 44000
1694832536621 0.33 48000
1694832564284 0.3 52000
1694832596685 0.3 56000
1694832625919 0.32 60000
1694832655164 0.32 64000
1694832683648 0.34 68000
1694832713268 0.35 72000
1694832742173 0.32 76000
1694832770556 0.31 80000
1694832800013 0.32 84000
1694832829534 0.3 88000
1694832858482 0.34 92000
1694832888103 0.37 96000
1694832916630 0.4 100000
1694832946405 0.43 104000
1694832974532 0.46 108000
1694833003622 0.42 112000
1694833032463 0.41 116000
1694833062074 0.35 120000
1694833092146 0.32 124000
1694833121730 0.28 128000
1694833150688 0.37 132000
1694833180593 0.39 136000
1694833209492 0.41 140000
1694833239298 0.47 144000
1694833267993 0.43 148000
1694833296891 0.37 152000
1694833325934 0.36 156000
1694833355626 0.31 160000
1694833389463 0.25 164000
1694833420446 0.27 168000
1694833449823 0.25 172000
1694833480617 0.24 176000
1694833509711 0.25 180000
1694833538358 0.3 184000
1694833568419 0.35 188000
1694833603543 0.32 192000
1694833633004 0.33 196000
1694833663192 0.32 200000
1694833692662 0.27 204000
1694833718826 0.24 208000
1694833743511 0.31 212000
1694833768118 0.34 216000
1694833793061 0.34 220000
1694833817072 0.35 224000
1694833841832 0.33 228000
1694833866037 0.36 232000
1694833890867 0.39 236000
1694833914896 0.42 240000
1694833940018 0.42 244000
1694833964787 0.4 248000
1694833988963 0.39 252000
1694834013988 0.44 256000
1694834038211 0.42 260000
1694834062191 0.41 264000
1694834086791 0.42 268000
1694834111101 0.48 272000
1694834135748 0.45 276000
1694834160158 0.42 280000
1694834186762 0.4 284000
1694834219484 0.39 288000
1694834253346 0.39 292000
1694834285629 0.44 296000
1694834318117 0.42 300000
1694834347549 0.43 304000
1694834376963 0.4 308000
1694834412522 0.37 312000
1694834450681 0.44 316000
1694834485765 0.39 320000
1694834524757 0.4 324000
1694834560430 0.42 328000
1694834603418 0.36 332000
1694834644129 0.3 336000
1694834689319 0.27 340000
1694834723497 0.23 344000
