1694832173016 0.0 4000
1694832209857 0.0 8000
1694832246526 0.0 12000
1694832283131 0.0 16000
1694832317446 0.0 20000
1694832348966 0.0 24000
1694832378803 0.0 28000
1694832408907 0.0 32000
1694832440639 0.0 36000
1694832472044 0.0 40000
1694832507678 0.0 44000
1694832536622 0.0 48000
1694832564286 0.0 52000
1694832596686 0.0 56000
1694832625921 0.0 60000
1694832655165 0.0 64000
1694832683649 0.0 68000
1694832713270 0.0 72000
1694832742176 0.0 76000
1694832770557 0.0 80000
1694832800014 0.0 84000
1694832829535 0.0 88000
1694832858484 0.0 92000
1694832888105 0.0 96000
1694832916631 0.0 100000
1694832946406 0.0 104000
1694832974533 0.0 108000
1694833003623 0.0 112000
1694833032465 0.0 116000
1694833062076 0.0 120000
1694833092147 0.0 124000
1694833121731 0.0 128000
1694833150690 0.0 132000
1694833180594 0.0 136000
1694833209493 0.0 140000
1694833239299 0.0 144000
1694833267995 0.0 148000
1694833296893 0.0 152000
1694833325935 0.0 156000
1694833355627 0.0 160000
1694833389465 0.0 164000
1694833420447 0.0 168000
1694833449824 0.0 172000
1694833480619 0.0 176000
1694833509712 0.0 180000
1694833538359 0.0 184000
1694833568422 0.0 188000
1694833603544 0.0 192000
1694833633006 0.0 196000
1694833663193 0.0 200000
1694833692665 0.0 204000
1694833718827 0.0 208000
1694833743513 0.0 212000
1694833768119 0.0 216000
1694833793063 0.0 220000
1694833817073 0.0 224000
1694833841834 0.0 228000
1694833866038 0.0 232000
1694833890869 0.0 236000
1694833914897 0.0 240000
1694833940020 0.0 244000
1694833964789 0.0 248000
1694833988964 0.0 252000
1694834013990 0.0 256000
1694834038212 0.0 260000
1694834062192 0.0 264000
1694834086793 0.0 268000
1694834111102 0.0 272000
1694834135749 0.0 276000
1694834160159 0.0 280000
1694834186763 0.0 284000
1694834219485 0.0 288000
1694834253349 0.0 292000
1694834285630 0.0 296000
1694834318120 0.0 300000
1694834347550 0.0 304000
1694834376964 0.0 308000
1694834412524 0.0 312000
1694834450683 0.0 316000
1694834485766 0.0 320000
1694834524762 0.0 324000
1694834560432 0.0 328000
1694834603420 0.0 332000
1694834644131 0.0 336000
1694834689321 0.0 340000
1694834723498 0.0 344000
