1694832173010 0.42857142857142855 4000
1694832209831 0.47058823529411764 8000
1694832246521 0.41379310344827586 12000
1694832283123 0.3924050632911392 16000
1694832317440 0.3838383838383838 20000
1694832348959 0.4 24000
1694832378798 0.43 28000
1694832408903 0.4 32000
1694832440631 0.39 36000
1694832472034 0.36 40000
1694832507674 0.31 44000
1694832536615 0.26 48000
1694832564280 0.29 52000
1694832596682 0.33 56000
1694832625916 0.38 60000
1694832655160 0.42 64000
1694832683644 0.42 68000
1694832713265 0.43 72000
1694832742170 0.45 76000
1694832770553 0.46 80000
1694832800010 0.43 84000
1694832829530 0.42 88000
1694832858478 0.38 92000
1694832888099 0.34 96000
1694832916626 0.27 100000
1694832946401 0.25 104000
1694832974528 0.27 108000
1694833003618 0.29 112000
1694833032458 0.31 116000
1694833062070 0.38 120000
1694833092141 0.41 124000
1694833121726 0.44 128000
1694833150684 0.38 132000
1694833180589 0.35 136000
1694833209487 0.29 140000
1694833239294 0.27 144000
1694833267987 0.27 148000
1694833296888 0.28 152000
1694833325930 0.33 156000
1694833355622 0.38 160000
1694833389456 0.43 164000
1694833420442 0.41 168000
1694833449819 0.4 172000
1694833480613 0.37 176000
1694833509707 0.38 180000
1694833538354 0.36 184000
1694833568392 0.37 188000
1694833603538 0.43 192000
1694833632998 0.41 196000
1694833663188 0.42 200000
1694833692655 0.44 204000
1694833718821 0.44 208000
1694833743505 0.42 212000
1694833768112 0.44 216000
1694833793056 0.43 220000
1694833817068 0.4 224000
1694833841828 0.4 228000
1694833866033 0.37 232000
1694833890862 0.37 236000
1694833914893 0.38 240000
1694833940012 0.39 244000
1694833964782 0.42 248000
1694833988960 0.42 252000
1694834013981 0.39 256000
1694834038208 0.38 260000
1694834062187 0.41 264000
1694834086784 0.43 268000
1694834111098 0.4 272000
1694834135744 0.46 276000
1694834160154 0.44 280000
1694834186758 0.41 284000
1694834219480 0.39 288000
1694834253338 0.35 292000
1694834285623 0.31 296000
1694834318114 0.34 300000
1694834347545 0.36 304000
1694834376959 0.41 308000
1694834412502 0.43 312000
1694834450675 0.37 316000
1694834485761 0.38 320000
1694834524752 0.4 324000
1694834560426 0.38 328000
1694834603413 0.42 332000
1694834644125 0.5 336000
1694834689312 0.5 340000
1694834723493 0.5 344000
