1694832173014 1.0 4000
1694832209837 1.0 8000
1694832246524 1.0 12000
1694832283126 1.0 16000
1694832317444 1.0 20000
1694832348962 1.0 24000
1694832378800 1.0 28000
1694832408905 1.0 32000
1694832440634 1.0 36000
1694832472039 1.0 40000
1694832507676 1.0 44000
1694832536618 1.0 48000
1694832564283 1.0 52000
1694832596684 1.0 56000
1694832625918 1.0 60000
1694832655162 1.0 64000
1694832683647 1.0 68000
1694832713267 1.0 72000
1694832742172 1.0 76000
1694832770555 1.0 80000
1694832800012 1.0 84000
1694832829533 1.0 88000
1694832858480 1.0 92000
1694832888102 1.0 96000
1694832916629 1.0 100000
1694832946404 1.0 104000
1694832974531 1.0 108000
1694833003621 1.0 112000
1694833032462 1.0 116000
1694833062073 1.0 120000
1694833092144 1.0 124000
1694833121728 1.0 128000
1694833150686 1.0 132000
1694833180592 1.0 136000
1694833209490 1.0 140000
1694833239296 1.0 144000
1694833267991 1.0 148000
1694833296890 1.0 152000
1694833325932 1.0 156000
1694833355625 1.0 160000
1694833389461 1.0 164000
1694833420445 1.0 168000
1694833449821 1.0 172000
1694833480616 1.0 176000
1694833509710 1.0 180000
1694833538357 1.0 184000
1694833568416 1.0 188000
1694833603541 1.0 192000
1694833633002 1.0 196000
1694833663190 1.0 200000
1694833692660 1.0 204000
1694833718824 1.0 208000
1694833743509 1.0 212000
1694833768116 1.0 216000
1694833793060 1.0 220000
1694833817071 1.0 224000
1694833841831 1.0 228000
1694833866035 1.0 232000
1694833890865 1.0 236000
1694833914895 1.0 240000
1694833940016 1.0 244000
1694833964785 1.0 248000
1694833988962 1.0 252000
1694834013985 1.0 256000
1694834038210 1.0 260000
1694834062189 1.0 264000
1694834086789 1.0 268000
1694834111100 1.0 272000
1694834135747 1.0 276000
1694834160156 1.0 280000
1694834186761 1.0 284000
1694834219483 1.0 288000
1694834253344 1.0 292000
1694834285627 1.0 296000
1694834318116 1.0 300000
1694834347548 1.0 304000
1694834376961 1.0 308000
1694834412521 1.0 312000
1694834450679 1.0 316000
1694834485763 1.0 320000
1694834524755 1.0 324000
1694834560429 1.0 328000
1694834603416 1.0 332000
1694834644128 1.0 336000
1694834689317 1.0 340000
1694834723495 1.0 344000
