1694832173012 0.0 4000
1694832209834 0.0 8000
1694832246522 0.0 12000
1694832283124 0.0 16000
1694832317442 0.0 20000
1694832348961 0.0 24000
1694832378799 0.0 28000
1694832408904 0.0 32000
1694832440632 0.0 36000
1694832472036 0.0 40000
1694832507675 0.0 44000
1694832536616 0.0 48000
1694832564282 0.0 52000
1694832596683 0.0 56000
1694832625917 0.0 60000
1694832655161 0.0 64000
1694832683646 0.0 68000
1694832713266 0.0 72000
1694832742171 0.0 76000
1694832770554 0.0 80000
1694832800011 0.0 84000
1694832829531 0.0 88000
1694832858479 0.0 92000
1694832888100 0.0 96000
1694832916628 0.0 100000
1694832946402 0.0 104000
1694832974529 0.0 108000
1694833003619 0.0 112000
1694833032460 0.0 116000
1694833062072 0.0 120000
1694833092143 0.0 124000
1694833121727 0.0 128000
1694833150685 0.0 132000
1694833180591 0.0 136000
1694833209489 0.0 140000
1694833239295 0.0 144000
1694833267989 0.0 148000
1694833296889 0.0 152000
1694833325931 0.0 156000
1694833355623 0.0 160000
1694833389458 0.0 164000
1694833420443 0.0 168000
1694833449820 0.0 172000
1694833480614 0.0 176000
1694833509709 0.0 180000
1694833538355 0.0 184000
1694833568413 0.0 188000
1694833603540 0.0 192000
1694833633000 0.0 196000
1694833663189 0.0 200000
1694833692658 0.0 204000
1694833718822 0.0 208000
1694833743507 0.0 212000
1694833768114 0.0 216000
1694833793058 0.0 220000
1694833817069 0.0 224000
1694833841830 0.0 228000
1694833866034 0.0 232000
1694833890864 0.0 236000
1694833914894 0.0 240000
1694833940014 0.0 244000
1694833964784 0.0 248000
1694833988961 0.0 252000
1694834013983 0.0 256000
1694834038209 0.0 260000
1694834062188 0.0 264000
1694834086786 0.0 268000
1694834111099 0.0 272000
1694834135746 0.0 276000
1694834160155 0.0 280000
1694834186760 0.0 284000
1694834219481 0.0 288000
1694834253341 0.0 292000
1694834285625 0.0 296000
1694834318115 0.0 300000
1694834347546 0.0 304000
1694834376960 0.0 308000
1694834412504 0.0 312000
1694834450677 0.0 316000
1694834485762 0.0 320000
1694834524754 0.0 324000
1694834560428 0.0 328000
1694834603415 0.0 332000
1694834644127 0.0 336000
1694834689315 0.0 340000
1694834723494 0.0 344000
