1694836624954 -0.18866666666666668 4000
1694836653980 -0.03923529411764708 8000
1694836682079 0.1320175438596491 12000
1694836711737 0.17191249999999997 16000
1694836741567 0.17062999999999998 20000
1694836770837 0.23692999999999995 24000
1694836801957 0.26117999999999997 28000
1694836832177 0.24475999999999995 32000
1694836863158 0.3071 36000
1694836893025 0.36493999999999993 40000
1694836927046 0.39931999999999995 44000
1694836958323 0.40403 48000
1694836990621 0.4191599999999999 52000
1694837023667 0.3919499999999999 56000
1694837055983 0.38476 60000
1694837086961 0.4183699999999999 64000
1694837118500 0.37944999999999995 68000
1694837150668 0.40256000000000003 72000
1694837182395 0.4323499999999999 76000
1694837215395 0.45674 80000
1694837250099 0.5203899999999999 84000
1694837282592 0.47909000000000007 88000
1694837314406 0.44529999999999986 92000
1694837346847 0.42717999999999995 96000
1694837378941 0.4652799999999999 100000
1694837410432 0.45640000000000003 104000
1694837442547 0.44472 108000
1694837474187 0.46749 112000
1694837506023 0.5155699999999999 116000
1694837538424 0.5147600000000001 120000
1694837573183 0.5211000000000001 124000
1694837605692 0.5706700000000001 128000
1694837639630 0.5734699999999999 132000
1694837672399 0.6171699999999999 136000
1694837704926 0.5196200000000001 140000
1694837737144 0.57774 144000
1694837769068 0.5896899999999999 148000
1694837801794 0.61087 152000
1694837833836 0.59816 156000
1694837867370 0.6140599999999999 160000
1694837905300 0.68249 164000
1694837938688 0.7535900000000001 168000
1694837970907 0.77751 172000
1694838004631 0.63057 176000
1694838036783 0.6719600000000001 180000
1694838067962 0.7299599999999999 184000
1694838099328 0.68991 188000
1694838130685 0.7641399999999998 192000
1694838162104 0.8822200000000002 196000
1694838192766 0.7954300000000001 200000
1694838228685 0.7109500000000001 204000
1694838260009 0.75362 208000
1694838290807 0.79184 212000
1694838322761 0.7946599999999999 216000
1694838354364 0.7503099999999998 220000
1694838385791 0.8587000000000002 224000
1694838416919 0.8202200000000001 228000
1694838447739 0.77811 232000
1694838479671 0.8346600000000001 236000
1694838511455 0.8316499999999999 240000
1694838547189 0.8322399999999999 244000
1694838579692 0.8961200000000001 248000
1694838611705 0.9377200000000001 252000
1694838643838 0.87381 256000
1694838675193 0.8637699999999999 260000
1694838706473 0.9130799999999999 264000
1694838738324 1.00645 268000
1694838771125 0.8924800000000002 272000
1694838803955 0.9236599999999998 276000
1694838837353 0.86675 280000
1694838874958 0.8799400000000002 284000
1694838907970 0.93483 288000
1694838940918 0.9830825688073395 292000
1694838973498 1.05617 296000
1694839006567 0.9859600000000002 300000
1694839038294 1.06878 304000
1694839070073 1.0616960784313725 308000
1694839101468 1.2055663716814158 312000
1694839134480 1.15056 316000
1694839166523 1.2031100000000001 320000
1694839200503 1.1182477876106194 324000
1694839232782 1.02788 328000
1694839264598 1.2236542056074768 332000
1694839296965 1.1889357798165139 336000
1694839328128 1.2402096774193547 340000
1694839359473 1.237190909090909 344000
1694839389546 1.2755726495726498 348000
1694839420518 1.2796578947368422 352000
1694839451799 1.3083533834586463 356000
1694839482785 1.13481 360000
1694839516025 1.3899275362318841 364000
1694839547719 1.3689051724137928 368000
1694839579185 1.3708571428571426 372000
1694839611428 1.3638550724637681 376000
1694839642511 1.3113014705882353 380000
1694839674140 1.3810200000000001 384000
1694839706489 1.29884496124031 388000
1694839739243 1.4558373983739836 392000
1694839771035 1.415726618705036 396000
1694839803856 1.420492537313433 400000
1694839840298 1.314330827067669 404000
1694839873181 1.4673355263157895 408000
1694839905884 1.4564933333333332 412000
1694839938157 1.539527559055118 416000
1694839970874 1.4354779874213837 420000
1694840002844 1.451261904761905 424000
1694840035566 1.5503904109589044 428000
1694840066960 1.4829193548387096 432000
1694840099346 1.556562962962963 436000
1694840132599 1.42071875 440000
1694840170368 1.484316831683168 444000
1694840204768 1.4724758064516128 448000
1694840237040 1.562103448275862 452000
1694840270495 1.4516979865771813 456000
1694840302516 1.548283870967742 460000
1694840335292 1.5874941860465115 464000
1694840366049 1.5412167832167833 468000
1694840399269 1.5158557692307693 472000
1694840430253 1.5161937984496123 476000
1694840462541 1.5504496644295302 480000
1694840497758 1.6052597402597404 484000
1694840529866 1.621048611111111 488000
1694840561716 1.5939703703703703 492000
1694840593763 1.5213197278911565 496000
1694840627224 1.598378881987578 500000
1694840658389 1.6237470588235292 504000
1694840689944 1.6273918918918917 508000
1694840720475 1.6017055214723925 512000
1694840752092 1.6620842696629214 516000
1694840783361 1.5880281690140845 520000
1694840820424 1.5767499999999999 524000
1694840855750 1.6779172932330828 528000
1694840884883 1.656715328467153 532000
1694840911737 1.6512055555555554 536000
1694840939928 1.683099173553719 540000
1694840966072 1.5790799999999998 544000
1694840992925 1.6410108695652175 548000
1694841019104 1.6245217391304347 552000
1694841045730 1.6709269662921347 556000
1694841073055 1.7369078014184398 560000
1694841101755 1.6232446808510637 564000
1694841128055 1.672268656716418 568000
1694841154540 1.6719084967320261 572000
1694841181356 1.7176887417218543 576000
