1694836624951 -0.8980000000000001 4000
1694836653979 -0.8980000000000001 8000
1694836682078 -0.8980000000000001 12000
1694836711736 -0.8980000000000001 16000
1694836741564 -0.8980000000000001 20000
1694836770836 -0.4880000000000001 24000
1694836801955 -0.765 28000
1694836832176 -0.765 32000
1694836863157 -0.765 36000
1694836893023 -0.765 40000
1694836927045 -0.4870000000000001 44000
1694836958322 -0.43099999999999994 48000
1694836990619 -0.43099999999999994 52000
1694837023665 -0.43800000000000006 56000
1694837055982 -0.48 60000
1694837086960 -0.56 64000
1694837118498 -0.56 68000
1694837150667 -0.56 72000
1694837182392 -0.56 76000
1694837215392 -0.484 80000
1694837250097 -0.484 84000
1694837282590 -0.484 88000
1694837314404 -0.4650000000000001 92000
1694837346845 -0.508 96000
1694837378939 -0.508 100000
1694837410429 -0.508 104000
1694837442545 -0.32500000000000007 108000
1694837474185 -0.3670000000000001 112000
1694837506022 -0.3670000000000001 116000
1694837538422 -0.3670000000000001 120000
1694837573180 -0.3550000000000001 124000
1694837605691 -0.5680000000000001 128000
1694837639628 -0.5680000000000001 132000
1694837672397 -0.5680000000000001 136000
1694837704924 -0.52 140000
1694837737143 -0.31200000000000006 144000
1694837769066 -0.2300000000000001 148000
1694837801791 -0.17700000000000005 152000
1694837833834 -0.3979999999999999 156000
1694837867367 -0.3979999999999999 160000
1694837905296 -0.2469999999999999 164000
1694837938686 -0.2469999999999999 168000
1694837970906 -0.406 172000
1694838004629 -0.406 176000
1694838036781 -0.375 180000
1694838067961 -0.375 184000
1694838099327 -0.3360000000000001 188000
1694838130684 -0.279 192000
1694838162101 -0.2440000000000001 196000
1694838192765 -0.361 200000
1694838228683 -0.361 204000
1694838260007 -0.17600000000000005 208000
1694838290806 -0.19999999999999996 212000
1694838322759 -0.264 216000
1694838354362 -0.264 220000
1694838385790 -0.16600000000000004 224000
1694838416918 -0.15799999999999992 228000
1694838447737 -0.21400000000000008 232000
1694838479669 -0.3789999999999999 236000
1694838511454 -0.271 240000
1694838547188 -0.271 244000
1694838579691 -0.08499999999999996 248000
1694838611704 -0.30500000000000005 252000
1694838643837 -0.11499999999999999 256000
1694838675192 -0.16300000000000003 260000
1694838706471 -0.11399999999999999 264000
1694838738323 -0.20000000000000007 268000
1694838771123 -0.43599999999999994 272000
1694838803953 -0.15600000000000003 276000
1694838837351 -0.11599999999999999 280000
1694838874956 -0.1329999999999999 284000
1694838907968 -0.1329999999999999 288000
1694838940917 -0.18900000000000006 292000
1694838973496 -0.10299999999999998 296000
1694839006564 -0.3370000000000001 300000
1694839038292 -0.16999999999999993 304000
1694839070072 -0.10999999999999999 308000
1694839101466 -0.10099999999999998 312000
1694839134479 -0.129 316000
1694839166521 -0.14300000000000002 320000
1694839200501 -0.16700000000000004 324000
1694839232780 -0.5030000000000001 328000
1694839264597 -0.16400000000000003 332000
1694839296962 -0.11599999999999988 336000
1694839328127 -0.08399999999999996 340000
1694839359472 -0.11099999999999988 344000
1694839389545 -0.21000000000000008 348000
1694839420517 -0.10199999999999987 352000
1694839451798 -0.061000000000000054 356000
1694839482783 -0.07700000000000007 360000
1694839516023 -0.041000000000000036 364000
1694839547717 -0.1259999999999999 368000
1694839579183 -0.09399999999999997 372000
1694839611426 -0.11499999999999988 376000
1694839642510 -0.061000000000000054 380000
1694839674139 -0.11599999999999999 384000
1694839706487 -0.371 388000
1694839739241 -0.06899999999999995 392000
1694839771033 -0.12499999999999989 396000
1694839803854 -0.07099999999999995 400000
1694839840297 -0.396 404000
1694839873180 -0.123 408000
1694839905882 -0.10399999999999998 412000
1694839938156 -0.04799999999999993 416000
1694839970872 -0.05600000000000005 420000
1694840002843 -0.062000000000000055 424000
1694840035565 -0.135 428000
1694840066959 -0.07100000000000006 432000
1694840099344 -0.18900000000000006 436000
1694840132597 -0.06200000000000005 440000
1694840170366 -0.05699999999999994 444000
1694840204767 -0.08399999999999996 448000
1694840237039 -0.061000000000000054 452000
1694840270493 -0.05500000000000005 456000
1694840302515 -0.050000000000000044 460000
1694840335291 -0.10599999999999998 464000
1694840366048 -0.08199999999999996 468000
1694840399267 -0.20899999999999996 472000
1694840430252 -0.274 476000
1694840462540 -0.06400000000000006 480000
1694840497757 -0.05399999999999994 484000
1694840529865 -0.051000000000000045 488000
1694840561715 -0.03700000000000003 492000
1694840593762 -0.07299999999999995 496000
1694840627222 -0.039000000000000035 500000
1694840658387 -0.030000000000000027 504000
1694840689942 -0.15300000000000002 508000
1694840720474 -0.08499999999999996 512000
1694840752091 -0.05600000000000005 516000
1694840783360 -0.594 520000
1694840820423 -0.05400000000000004 524000
1694840855748 -0.09699999999999998 528000
1694840884881 -0.06099999999999994 532000
1694840911735 -0.06899999999999995 536000
1694840939927 -0.06300000000000004 540000
1694840966071 -0.040000000000000036 544000
1694840992924 -0.13 548000
1694841019102 -0.04999999999999993 552000
1694841045729 -0.09099999999999997 556000
1694841073054 -0.039000000000000035 560000
1694841101753 -0.05600000000000005 564000
1694841128054 -0.041000000000000036 568000
1694841154538 -0.08399999999999996 572000
1694841181354 -0.06500000000000004 576000
