1694836624959 12.0 4000
1694836653984 22.0 8000
1694836682081 23.0 12000
1694836711740 23.0 16000
1694836741570 22.0 20000
1694836770840 22.0 24000
1694836801962 22.0 28000
1694836832180 21.0 32000
1694836863160 24.0 36000
1694836893027 21.0 40000
1694836927049 20.0 44000
1694836958325 35.0 48000
1694836990626 24.0 52000
1694837023671 30.0 56000
1694837055988 23.0 60000
1694837086963 27.0 64000
1694837118503 31.0 68000
1694837150673 22.0 72000
1694837182399 28.0 76000
1694837215399 31.0 80000
1694837250120 40.0 84000
1694837282597 30.0 88000
1694837314408 30.0 92000
1694837346852 42.0 96000
1694837378945 35.0 100000
1694837410437 36.0 104000
1694837442552 42.0 108000
1694837474190 29.0 112000
1694837506026 40.0 116000
1694837538427 31.0 120000
1694837573189 48.0 124000
1694837605695 34.0 128000
1694837639635 43.0 132000
1694837672403 38.0 136000
1694837704928 46.0 140000
1694837737148 40.0 144000
1694837769071 41.0 148000
1694837801799 45.0 152000
1694837833841 46.0 156000
1694837867374 46.0 160000
1694837905305 59.0 164000
1694837938693 51.0 168000
1694837970911 46.0 172000
1694838004633 60.0 176000
1694838036785 46.0 180000
1694838067965 53.0 184000
1694838099331 58.0 188000
1694838130687 78.0 192000
1694838162109 58.0 196000
1694838192769 64.0 200000
1694838228687 55.0 204000
1694838260013 66.0 208000
1694838290809 77.0 212000
1694838322766 72.0 216000
1694838354368 69.0 220000
1694838385795 65.0 224000
1694838416922 68.0 228000
1694838447741 67.0 232000
1694838479674 72.0 236000
1694838511458 64.0 240000
1694838547192 88.0 244000
1694838579695 92.0 248000
1694838611708 95.0 252000
1694838643841 79.0 256000
1694838675196 88.0 260000
1694838706476 77.0 264000
1694838738328 93.0 268000
1694838771131 96.0 272000
1694838803961 89.0 276000
1694838837357 92.0 280000
1694838874964 76.0 284000
1694838907973 73.0 288000
1694838940921 109.0 292000
1694838973500 96.0 296000
1694839006571 83.0 300000
1694839038296 88.0 304000
1694839070076 102.0 308000
1694839101470 113.0 312000
1694839134483 100.0 316000
1694839166526 92.0 320000
1694839200505 113.0 324000
1694839232785 90.0 328000
1694839264600 107.0 332000
1694839296971 109.0 336000
1694839328132 124.0 340000
1694839359475 110.0 344000
1694839389548 117.0 348000
1694839420521 114.0 352000
1694839451802 133.0 356000
1694839482787 94.0 360000
1694839516029 138.0 364000
1694839547723 116.0 368000
1694839579187 119.0 372000
1694839611430 138.0 376000
1694839642515 136.0 380000
1694839674143 150.0 384000
1694839706492 129.0 388000
1694839739246 123.0 392000
1694839771038 139.0 396000
1694839803858 134.0 400000
1694839840301 133.0 404000
1694839873184 152.0 408000
1694839905887 150.0 412000
1694839938160 127.0 416000
1694839970879 159.0 420000
1694840002847 126.0 424000
1694840035569 146.0 428000
1694840066962 124.0 432000
1694840099348 135.0 436000
1694840132602 160.0 440000
1694840170371 101.0 444000
1694840204771 124.0 448000
1694840237044 145.0 452000
1694840270498 149.0 456000
1694840302519 155.0 460000
1694840335297 172.0 464000
1694840366052 143.0 468000
1694840399271 104.0 472000
1694840430256 129.0 476000
1694840462544 149.0 480000
1694840497761 154.0 484000
1694840529869 144.0 488000
1694840561719 135.0 492000
1694840593766 147.0 496000
1694840627226 161.0 500000
1694840658392 170.0 504000
1694840689947 148.0 508000
1694840720477 163.0 512000
1694840752095 178.0 516000
1694840783364 142.0 520000
1694840820427 132.0 524000
1694840855753 133.0 528000
1694840884888 137.0 532000
1694840911740 180.0 536000
1694840939930 121.0 540000
1694840966074 125.0 544000
1694840992928 184.0 548000
1694841019107 161.0 552000
1694841045732 178.0 556000
1694841073058 141.0 560000
1694841101758 188.0 564000
1694841128058 134.0 568000
1694841154544 153.0 572000
1694841181360 151.0 576000
