1694836624949 0.9129999999999999 4000
1694836653978 0.9129999999999999 8000
1694836682076 0.9169999999999999 12000
1694836711734 1.188 16000
1694836741562 1.188 20000
1694836770834 1.188 24000
1694836801953 1.188 28000
1694836832175 1.17 32000
1694836863155 1.0430000000000001 36000
1694836893022 1.0430000000000001 40000
1694836927043 1.279 44000
1694836958321 1.279 48000
1694836990617 1.279 52000
1694837023662 1.2650000000000001 56000
1694837055980 1.589 60000
1694837086958 1.589 64000
1694837118496 1.589 68000
1694837150665 1.589 72000
1694837182390 1.7229999999999999 76000
1694837215390 1.7229999999999999 80000
1694837250094 1.7530000000000001 84000
1694837282589 1.7530000000000001 88000
1694837314403 1.7530000000000001 92000
1694837346843 1.7570000000000001 96000
1694837378938 1.772 100000
1694837410426 1.772 104000
1694837442543 1.798 108000
1694837474183 1.8940000000000001 112000
1694837506021 1.8940000000000001 116000
1694837538421 1.8940000000000001 120000
1694837573177 1.811 124000
1694837605689 1.893 128000
1694837639627 1.893 132000
1694837672396 1.893 136000
1694837704923 1.827 140000
1694837737142 1.927 144000
1694837769063 1.927 148000
1694837801789 1.927 152000
1694837833833 1.919 156000
1694837867364 1.93 160000
1694837905294 1.93 164000
1694837938684 1.9209999999999998 168000
1694837970904 1.934 172000
1694838004628 1.934 176000
1694838036780 1.93 180000
1694838067958 1.9289999999999998 184000
1694838099326 1.9180000000000001 188000
1694838130682 1.951 192000
1694838162099 1.951 196000
1694838192764 1.9289999999999998 200000
1694838228682 1.928 204000
1694838260005 1.9409999999999998 208000
1694838290805 1.9369999999999998 212000
1694838322757 1.94 216000
1694838354360 1.932 220000
1694838385789 1.951 224000
1694838416916 1.951 228000
1694838447736 1.943 232000
1694838479667 1.943 236000
1694838511452 1.9369999999999998 240000
1694838547187 1.949 244000
1694838579690 1.9369999999999998 248000
1694838611703 1.956 252000
1694838643836 1.947 256000
1694838675191 1.9489999999999998 260000
1694838706469 1.9569999999999999 264000
1694838738322 1.9569999999999999 268000
1694838771121 1.948 272000
1694838803951 1.955 276000
1694838837349 1.948 280000
1694838874953 1.942 284000
1694838907967 1.956 288000
1694838940916 1.959 292000
1694838973495 1.951 296000
1694839006561 1.951 300000
1694839038291 1.948 304000
1694839070070 1.954 308000
1694839101465 1.955 312000
1694839134478 1.95 316000
1694839166519 1.9609999999999999 320000
1694839200500 1.9609999999999999 324000
1694839232778 1.9609999999999999 328000
1694839264596 1.9569999999999999 332000
1694839296960 1.9569999999999999 336000
1694839328125 1.959 340000
1694839359470 1.9569999999999999 344000
1694839389544 1.9609999999999999 348000
1694839420516 1.959 352000
1694839451797 1.9609999999999999 356000
1694839482782 1.958 360000
1694839516021 1.9609999999999999 364000
1694839547715 1.9609999999999999 368000
1694839579182 1.959 372000
1694839611425 1.9609999999999999 376000
1694839642509 1.9609999999999999 380000
1694839674138 1.96 384000
1694839706486 1.9609999999999999 388000
1694839739240 1.9609999999999999 392000
1694839771031 1.96 396000
1694839803853 1.96 400000
1694839840295 1.9609999999999999 404000
1694839873178 1.959 408000
1694839905881 1.9609999999999999 412000
1694839938155 1.9609999999999999 416000
1694839970870 1.9609999999999999 420000
1694840002841 1.9609999999999999 424000
1694840035564 1.9609999999999999 428000
1694840066957 1.9609999999999999 432000
1694840099343 1.9609999999999999 436000
1694840132595 1.9609999999999999 440000
1694840170365 1.96 444000
1694840204766 1.9609999999999999 448000
1694840237037 1.9609999999999999 452000
1694840270492 1.9609999999999999 456000
1694840302514 1.9609999999999999 460000
1694840335289 1.9609999999999999 464000
1694840366046 1.9609999999999999 468000
1694840399266 1.9609999999999999 472000
1694840430250 1.9609999999999999 476000
1694840462538 1.9609999999999999 480000
1694840497755 1.9609999999999999 484000
1694840529864 1.9609999999999999 488000
1694840561714 1.9609999999999999 492000
1694840593761 1.9609999999999999 496000
1694840627221 1.9609999999999999 500000
1694840658384 1.9609999999999999 504000
1694840689940 1.9609999999999999 508000
1694840720472 1.9609999999999999 512000
1694840752090 1.9609999999999999 516000
1694840783359 1.9609999999999999 520000
1694840820422 1.9609999999999999 524000
1694840855746 1.9609999999999999 528000
1694840884880 1.9609999999999999 532000
1694840911734 1.9609999999999999 536000
1694840939926 1.9609999999999999 540000
1694840966069 1.9609999999999999 544000
1694840992923 1.9609999999999999 548000
1694841019101 1.9609999999999999 552000
1694841045728 1.9609999999999999 556000
1694841073052 1.9609999999999999 560000
1694841101751 1.9609999999999999 564000
1694841128053 1.9609999999999999 568000
1694841154536 1.9609999999999999 572000
1694841181352 1.9609999999999999 576000
