1694836624956 204.33333333333334 4000
1694836653982 197.41176470588235 8000
1694836682080 183.9298245614035 12000
1694836711739 185.875 16000
1694836741568 186.03 20000
1694836770839 185.21 24000
1694836801960 180.72 28000
1694836832179 184.9 32000
1694836863159 178.61 36000
1694836893026 176.87 40000
1694836927048 179.75 44000
1694836958324 163.68 48000
1694836990624 155.68 52000
1694837023669 147.15 56000
1694837055985 143.97 60000
1694837086962 154.12 64000
1694837118501 148.13 68000
1694837150670 150.97 72000
1694837182397 152.14 76000
1694837215397 148.07 80000
1694837250118 124.69 84000
1694837282595 120.35 88000
1694837314407 117.77 92000
1694837346849 116.09 96000
1694837378942 110.33 100000
1694837410435 104.54 104000
1694837442550 101.48 108000
1694837474188 112.3 112000
1694837506024 109.74 116000
1694837538425 115.9 120000
1694837573186 102.56 124000
1694837605694 106.1 128000
1694837639632 97.1 132000
1694837672401 101.87 136000
1694837704927 96.96 140000
1694837737146 96.29 144000
1694837769069 92.92 148000
1694837801796 89.36 152000
1694837833838 86.91 156000
1694837867373 85.0 160000
1694837905302 75.32 164000
1694837938691 77.08 168000
1694837970909 84.21 172000
1694838004632 73.0 176000
1694838036784 76.07 180000
1694838067964 79.93 184000
1694838099329 71.88 188000
1694838130686 58.85 192000
1694838162107 62.13 196000
1694838192768 62.97 200000
1694838228686 73.12 204000
1694838260011 63.19 208000
1694838290808 56.12 212000
1694838322763 56.3 216000
1694838354366 53.47 220000
1694838385793 54.13 224000
1694838416921 59.81 228000
1694838447740 60.82 232000
1694838479672 55.45 236000
1694838511457 60.98 240000
1694838547191 47.15 244000
1694838579694 47.03 248000
1694838611707 42.37 252000
1694838643840 48.09 256000
1694838675195 48.09 260000
1694838706474 49.76 264000
1694838738326 44.08 268000
1694838771128 40.87 272000
1694838803957 41.76 276000
1694838837355 45.08 280000
1694838874961 48.77 284000
1694838907971 53.72 288000
1694838940920 36.55045871559633 292000
1694838973499 39.76 296000
1694839006569 47.53 300000
1694839038295 42.09 304000
1694839070075 43.19607843137255 308000
1694839101469 34.716814159292035 312000
1694839134481 40.05 316000
1694839166524 37.65 320000
1694839200504 38.50442477876106 324000
1694839232783 43.96 328000
1694839264599 36.60747663551402 332000
1694839296967 35.20183486238532 336000
1694839328130 34.483870967741936 340000
1694839359474 35.054545454545455 344000
1694839389547 34.00854700854701 348000
1694839420520 31.473684210526315 352000
1694839451801 33.255639097744364 356000
1694839482786 38.46 360000
1694839516028 32.44927536231884 364000
1694839547721 34.11206896551724 368000
1694839579186 33.63865546218487 372000
1694839611429 25.528985507246375 376000
1694839642513 32.875 380000
1694839674142 24.653333333333332 384000
1694839706490 31.131782945736433 388000
1694839739244 34.41463414634146 392000
1694839771036 28.381294964028775 396000
1694839803857 27.08955223880597 400000
1694839840300 32.54887218045113 404000
1694839873183 24.44078947368421 408000
1694839905885 30.686666666666667 412000
1694839938158 28.724409448818896 416000
1694839970877 27.433962264150942 420000
1694840002846 27.46825396825397 424000
1694840035567 29.84931506849315 428000
1694840066961 29.153225806451612 432000
1694840099347 30.266666666666666 436000
1694840132600 27.31875 440000
1694840170369 34.73267326732673 444000
1694840204770 35.08870967741935 448000
1694840237042 23.63448275862069 452000
1694840270496 31.100671140939596 456000
1694840302518 26.45806451612903 460000
1694840335295 23.488372093023255 464000
1694840366051 25.06993006993007 468000
1694840399270 31.634615384615383 472000
1694840430255 35.98449612403101 476000
1694840462543 28.57718120805369 480000
1694840497760 22.850649350649352 484000
1694840529867 25.84722222222222 488000
1694840561717 34.17777777777778 492000
1694840593765 26.755102040816325 496000
1694840627225 23.627329192546583 500000
1694840658391 26.123529411764707 504000
1694840689946 23.277027027027028 508000
1694840720476 26.79754601226994 512000
1694840752094 21.640449438202246 516000
1694840783363 30.154929577464788 520000
1694840820426 29.568181818181817 524000
1694840855752 29.32330827067669 528000
1694840884885 30.875912408759124 532000
1694840911738 22.25 536000
1694840939929 28.760330578512395 540000
1694840966073 30.56 544000
1694840992927 25.206521739130434 548000
1694841019106 22.236024844720497 552000
1694841045731 24.39325842696629 556000
1694841073057 27.25531914893617 560000
1694841101757 21.345744680851062 564000
1694841128057 27.23134328358209 568000
1694841154542 26.45098039215686 572000
1694841181358 25.880794701986755 576000
