1694836624962 0.0 4000
1694836653985 0.0 8000
1694836682083 0.0 12000
1694836711742 0.0 16000
1694836741571 0.0 20000
1694836770841 0.0 24000
1694836801964 0.0 28000
1694836832182 0.0 32000
1694836863162 0.0 36000
1694836893028 0.0 40000
1694836927050 0.0 44000
1694836958326 0.0 48000
1694836990628 0.0 52000
1694837023673 0.0 56000
1694837055990 0.0 60000
1694837086965 0.0 64000
1694837118504 0.0 68000
1694837150675 0.0 72000
1694837182401 0.0 76000
1694837215401 0.0 80000
1694837250121 0.0 84000
1694837282600 0.0 88000
1694837314409 0.0 92000
1694837346854 0.0 96000
1694837378947 0.0 100000
1694837410438 0.0 104000
1694837442554 0.0 108000
1694837474192 0.0 112000
1694837506029 0.0 116000
1694837538429 0.0 120000
1694837573190 0.0 124000
1694837605697 0.0 128000
1694837639638 0.0 132000
1694837672406 0.0 136000
1694837704929 0.0 140000
1694837737150 0.0 144000
1694837769072 0.0 148000
1694837801800 0.0 152000
1694837833844 0.0 156000
1694837867376 0.0 160000
1694837905307 0.0 164000
1694837938694 0.0 168000
1694837970912 0.0 172000
1694838004635 0.0 176000
1694838036786 0.0 180000
1694838067966 0.0 184000
1694838099332 0.0 188000
1694838130689 0.0 192000
1694838162111 0.0 196000
1694838192771 0.0 200000
1694838228689 0.0 204000
1694838260014 0.0 208000
1694838290811 0.0 212000
1694838322768 0.0 216000
1694838354370 0.0 220000
1694838385797 0.0 224000
1694838416924 0.0 228000
1694838447742 0.0 232000
1694838479675 0.0 236000
1694838511460 0.0 240000
1694838547193 0.0 244000
1694838579697 0.0 248000
1694838611709 0.0 252000
1694838643842 0.0 256000
1694838675197 0.0 260000
1694838706477 0.0 264000
1694838738330 0.0 268000
1694838771134 0.0 272000
1694838803964 0.0 276000
1694838837359 0.0 280000
1694838874967 0.0 284000
1694838907974 0.0 288000
1694838940922 0.0 292000
1694838973501 0.0 296000
1694839006572 0.0 300000
1694839038297 0.0 304000
1694839070077 0.0 308000
1694839101472 0.0 312000
1694839134486 0.0 316000
1694839166527 0.0 320000
1694839200507 0.0 324000
1694839232787 0.0 328000
1694839264602 0.0 332000
1694839296973 0.0 336000
1694839328133 0.0 340000
1694839359476 0.0 344000
1694839389549 0.0 348000
1694839420522 0.0 352000
1694839451803 0.0 356000
1694839482788 0.0 360000
1694839516031 0.0 364000
1694839547725 0.0 368000
1694839579189 0.0 372000
1694839611431 0.0 376000
1694839642518 0.0 380000
1694839674144 0.0 384000
1694839706493 0.0 388000
1694839739247 0.0 392000
1694839771039 0.0 396000
1694839803859 0.0 400000
1694839840303 0.0 404000
1694839873185 0.0 408000
1694839905888 0.0 412000
1694839938161 0.0 416000
1694839970882 0.0 420000
1694840002848 0.0 424000
1694840035571 0.0 428000
1694840066964 0.0 432000
1694840099350 0.0 436000
1694840132620 0.0 440000
1694840170373 0.0 444000
1694840204774 0.0 448000
1694840237045 0.0 452000
1694840270500 0.0 456000
1694840302520 0.0 460000
1694840335299 0.0 464000
1694840366054 0.0 468000
1694840399272 0.0 472000
1694840430274 0.0 476000
1694840462546 0.0 480000
1694840497762 0.0 484000
1694840529870 0.0 488000
1694840561720 0.0 492000
1694840593767 0.0 496000
1694840627228 0.0 500000
1694840658394 0.0 504000
1694840689948 0.0 508000
1694840720478 0.0 512000
1694840752096 0.0 516000
1694840783365 0.0 520000
1694840820429 0.0 524000
1694840855755 0.0 528000
1694840884890 0.0 532000
1694840911741 0.0 536000
1694840939931 0.0 540000
1694840966075 0.0 544000
1694840992929 0.0 548000
1694841019109 0.0 552000
1694841045733 0.0 556000
1694841073059 0.0 560000
1694841101759 0.0 564000
1694841128059 0.0 568000
1694841154546 0.0 572000
1694841181362 0.0 576000
