1694832173214 1.0 4000
1694832210057 1.0 8000
1694832246639 1.0 12000
1694832283263 1.0 16000
1694832317553 1.0 20000
1694832349058 1.0 24000
1694832378906 1.0 28000
1694832409008 1.0 32000
1694832440754 1.0 36000
1694832472158 1.0 40000
1694832507759 1.0 44000
1694832536703 1.0 48000
1694832564380 1.0 52000
1694832596770 1.0 56000
1694832626007 1.0 60000
1694832655246 1.0 64000
1694832683730 1.0 68000
1694832713354 1.0 72000
1694832742253 1.0 76000
1694832770645 1.0 80000
1694832800115 1.0 84000
1694832829616 1.0 88000
1694832858565 1.0 92000
1694832888192 1.0 96000
1694832916722 1.0 100000
1694832946494 1.0 104000
1694832974618 1.0 108000
1694833003709 1.0 112000
1694833032565 1.0 116000
1694833062171 1.0 120000
1694833092239 1.0 124000
1694833121819 1.0 128000
1694833150777 1.0 132000
1694833180684 1.0 136000
1694833209596 1.0 140000
1694833239391 1.0 144000
1694833268112 1.0 148000
1694833296979 1.0 152000
1694833326037 1.0 156000
1694833355721 1.0 160000
1694833389582 1.0 164000
1694833420528 1.0 168000
1694833449906 1.0 172000
1694833480713 1.0 176000
1694833509789 1.0 180000
1694833538436 1.0 184000
1694833568559 1.0 188000
1694833603648 1.0 192000
1694833633106 1.0 196000
1694833663284 1.0 200000
1694833692745 1.0 204000
1694833718911 1.0 208000
1694833743594 1.0 212000
1694833768199 1.0 216000
1694833793143 1.0 220000
1694833817151 1.0 224000
1694833841916 1.0 228000
1694833866119 1.0 232000
1694833891034 1.0 236000
1694833914975 1.0 240000
1694833940100 1.0 244000
1694833964864 1.0 248000
1694833989046 1.0 252000
1694834014066 1.0 256000
1694834038291 1.0 260000
1694834062281 1.0 264000
1694834086874 1.0 268000
1694834111185 1.0 272000
1694834135846 1.0 276000
1694834160236 1.0 280000
1694834186852 1.0 284000
1694834219568 1.0 288000
1694834253542 1.0 292000
1694834285712 1.0 296000
1694834318207 1.0 300000
1694834347633 1.0 304000
1694834377058 1.0 308000
1694834412736 1.0 312000
1694834450889 1.0 316000
1694834485865 1.0 320000
1694834524880 1.0 324000
1694834560595 1.0 328000
1694834603567 1.0 332000
1694834644249 1.0 336000
1694834689475 1.0 340000
1694834723577 1.0 344000
