1694832173212 1.0 4000
1694832210055 1.0 8000
1694832246636 1.0 12000
1694832283261 1.0 16000
1694832317552 1.0 20000
1694832349057 1.0 24000
1694832378905 1.0 28000
1694832409007 1.0 32000
1694832440753 1.0 36000
1694832472156 1.0 40000
1694832507758 1.0 44000
1694832536702 1.0 48000
1694832564379 1.0 52000
1694832596769 1.0 56000
1694832626006 1.0 60000
1694832655245 1.0 64000
1694832683728 1.0 68000
1694832713352 1.0 72000
1694832742252 1.0 76000
1694832770644 1.0 80000
1694832800114 1.0 84000
1694832829615 1.0 88000
1694832858564 1.0 92000
1694832888190 1.0 96000
1694832916721 1.0 100000
1694832946492 1.0 104000
1694832974617 1.0 108000
1694833003708 1.0 112000
1694833032564 1.0 116000
1694833062169 1.0 120000
1694833092237 1.0 124000
1694833121818 1.0 128000
1694833150776 1.0 132000
1694833180682 1.0 136000
1694833209592 1.0 140000
1694833239388 1.0 144000
1694833268110 1.0 148000
1694833296977 1.0 152000
1694833326036 1.0 156000
1694833355719 1.0 160000
1694833389580 1.0 164000
1694833420527 1.0 168000
1694833449905 1.0 172000
1694833480711 1.0 176000
1694833509788 1.0 180000
1694833538435 1.0 184000
1694833568557 1.0 188000
1694833603647 1.0 192000
1694833633104 1.0 196000
1694833663283 1.0 200000
1694833692744 1.0 204000
1694833718909 1.0 208000
1694833743593 1.0 212000
1694833768198 1.0 216000
1694833793142 1.0 220000
1694833817150 1.0 224000
1694833841914 1.0 228000
1694833866118 1.0 232000
1694833891031 1.0 236000
1694833914974 1.0 240000
1694833940099 1.0 244000
1694833964863 1.0 248000
1694833989045 1.0 252000
1694834014064 1.0 256000
1694834038289 1.0 260000
1694834062280 1.0 264000
1694834086873 1.0 268000
1694834111183 1.0 272000
1694834135844 1.0 276000
1694834160234 1.0 280000
1694834186851 1.0 284000
1694834219567 1.0 288000
1694834253540 1.0 292000
1694834285711 1.0 296000
1694834318206 1.0 300000
1694834347631 1.0 304000
1694834377057 1.0 308000
1694834412735 1.0 312000
1694834450887 1.0 316000
1694834485864 1.0 320000
1694834524878 1.0 324000
1694834560593 1.0 328000
1694834603566 1.0 332000
1694834644246 1.0 336000
1694834689473 1.0 340000
1694834723576 1.0 344000
