1694836625545 479.5 4000
1694836654264 479.5 8000
1694836682420 479.5 12000
1694836712262 479.5 16000
1694836741871 479.5 20000
1694836771453 479.5 24000
1694836802293 479.5 28000
1694836832695 479.5 32000
1694836863494 479.5 36000
1694836893359 479.5 40000
1694836927394 479.5 44000
1694836958645 479.5 48000
1694836990986 479.5 52000
1694837024054 479.5 56000
1694837056314 479.5 60000
1694837087288 479.5 64000
1694837118858 479.5 68000
1694837151010 479.5 72000
1694837182739 479.5 76000
1694837215762 479.5 80000
1694837250682 479.5 84000
1694837282953 479.5 88000
1694837314762 479.5 92000
1694837347194 479.5 96000
1694837379306 479.5 100000
1694837410779 479.5 104000
1694837442901 479.5 108000
1694837474559 479.5 112000
1694837506377 479.5 116000
1694837538761 479.5 120000
1694837573543 479.5 124000
1694837606043 479.5 128000
1694837640028 479.5 132000
1694837672988 479.5 136000
1694837705276 479.5 140000
1694837737531 479.5 144000
1694837769421 479.5 148000
1694837802152 479.5 152000
1694837834202 479.5 156000
1694837867704 479.5 160000
1694837905657 479.5 164000
1694837939180 479.5 168000
1694837971497 479.5 172000
1694838004939 479.5 176000
1694838037089 479.5 180000
1694838068269 479.5 184000
1694838099631 479.5 188000
1694838131034 479.5 192000
1694838162390 479.5 196000
1694838193058 479.5 200000
1694838229019 479.5 204000
1694838260294 479.5 208000
1694838291158 479.5 212000
1694838323091 479.5 216000
1694838354672 479.5 220000
1694838386081 479.5 224000
1694838417223 479.5 228000
1694838448044 479.5 232000
1694838479960 479.5 236000
1694838511957 479.5 240000
1694838547532 479.5 244000
1694838579997 479.5 248000
1694838611991 479.5 252000
1694838644136 479.5 256000
1694838675484 479.5 260000
1694838706833 479.5 264000
1694838738607 479.5 268000
1694838771432 479.5 272000
1694838804292 479.5 276000
1694838837716 479.5 280000
1694838875322 479.5 284000
1694838908342 479.5 288000
1694838941237 479.5 292000
1694838973808 479.5 296000
1694839006867 479.5 300000
1694839038637 479.5 304000
1694839070373 479.5 308000
1694839101769 479.5 312000
1694839134782 479.5 316000
1694839166809 479.5 320000
1694839200805 479.5 324000
1694839233383 479.5 328000
1694839264901 479.5 332000
1694839297263 479.5 336000
1694839328457 479.5 340000
1694839359750 479.5 344000
1694839389834 479.5 348000
1694839420850 479.5 352000
1694839452109 479.5 356000
1694839483104 479.5 360000
1694839516375 479.5 364000
1694839548016 479.5 368000
1694839579470 479.5 372000
1694839611717 479.5 376000
1694839642811 479.5 380000
1694839674447 479.5 384000
1694839706777 479.5 388000
1694839739552 479.5 392000
1694839771584 479.5 396000
1694839804157 479.5 400000
1694839840640 479.5 404000
1694839873458 479.5 408000
1694839906196 479.5 412000
1694839938506 479.5 416000
1694839971196 479.5 420000
1694840003138 479.5 424000
1694840035882 479.5 428000
1694840067266 479.5 432000
1694840099674 479.5 436000
1694840133193 479.5 440000
1694840170703 479.5 444000
1694840205072 479.5 448000
1694840237341 479.5 452000
1694840270834 479.5 456000
1694840302811 479.5 460000
1694840335606 479.5 464000
1694840366341 479.5 468000
1694840399562 479.5 472000
1694840430777 479.5 476000
1694840462873 479.5 480000
1694840498079 479.5 484000
1694840530195 479.5 488000
1694840562018 479.5 492000
1694840594114 479.5 496000
1694840627524 479.5 500000
1694840658695 479.5 504000
1694840690233 479.5 508000
1694840720773 479.5 512000
1694840752384 479.5 516000
1694840783664 479.5 520000
1694840820759 479.5 524000
1694840856039 479.5 528000
1694840885156 479.5 532000
1694840912253 479.5 536000
1694840940218 479.5 540000
1694840966366 479.5 544000
1694840993184 479.5 548000
1694841019375 479.5 552000
1694841046012 479.5 556000
1694841073349 479.5 560000
1694841102036 479.5 564000
1694841128390 479.5 568000
1694841154805 479.5 572000
1694841181771 479.5 576000
