1694836625544 480.5 4000
1694836654262 1440.5 8000
1694836682418 2400.5 12000
1694836712260 3360.5 16000
1694836741870 4320.5 20000
1694836771451 5280.5 24000
1694836802290 6240.5 28000
1694836832692 7200.5 32000
1694836863493 8160.5 36000
1694836893358 9120.5 40000
1694836927393 10080.5 44000
1694836958643 11040.5 48000
1694836990983 12000.5 52000
1694837024052 12960.5 56000
1694837056312 13920.5 60000
1694837087286 14880.5 64000
1694837118857 15840.5 68000
1694837151009 16800.5 72000
1694837182736 17760.5 76000
1694837215760 18720.5 80000
1694837250681 19680.5 84000
1694837282952 20640.5 88000
1694837314760 21600.5 92000
1694837347190 22560.5 96000
1694837379305 23520.5 100000
1694837410777 24480.5 104000
1694837442899 25440.5 108000
1694837474557 26400.5 112000
1694837506375 27360.5 116000
1694837538760 28320.5 120000
1694837573540 29280.5 124000
1694837606041 30240.5 128000
1694837640026 31200.5 132000
1694837672987 32160.5 136000
1694837705274 33120.5 140000
1694837737529 34080.5 144000
1694837769419 35040.5 148000
1694837802150 36000.5 152000
1694837834200 36960.5 156000
1694837867702 37920.5 160000
1694837905654 38880.5 164000
1694837939179 39840.5 168000
1694837971496 40800.5 172000
1694838004938 41760.5 176000
1694838037088 42720.5 180000
1694838068268 43680.5 184000
1694838099629 44640.5 188000
1694838131033 45600.5 192000
1694838162389 46560.5 196000
1694838193056 47520.5 200000
1694838229017 48480.5 204000
1694838260293 49440.5 208000
1694838291157 50400.5 212000
1694838323089 51360.5 216000
1694838354671 52320.5 220000
1694838386079 53280.5 224000
1694838417221 54240.5 228000
1694838448042 55200.5 232000
1694838479959 56160.5 236000
1694838511956 57120.5 240000
1694838547530 58080.5 244000
1694838579996 59040.5 248000
1694838611990 60000.5 252000
1694838644135 60960.5 256000
1694838675483 61920.5 260000
1694838706831 62880.5 264000
1694838738605 63840.5 268000
1694838771431 64800.5 272000
1694838804290 65760.5 276000
1694838837715 66720.5 280000
1694838875320 67680.5 284000
1694838908341 68640.5 288000
1694838941236 69600.5 292000
1694838973807 70560.5 296000
1694839006866 71520.5 300000
1694839038635 72480.5 304000
1694839070372 73440.5 308000
1694839101768 74400.5 312000
1694839134781 75360.5 316000
1694839166808 76320.5 320000
1694839200804 77280.5 324000
1694839233382 78240.5 328000
1694839264900 79200.5 332000
1694839297261 80160.5 336000
1694839328456 81120.5 340000
1694839359749 82080.5 344000
1694839389833 83040.5 348000
1694839420849 84000.5 352000
1694839452107 84960.5 356000
1694839483103 85920.5 360000
1694839516373 86880.5 364000
1694839548014 87840.5 368000
1694839579469 88800.5 372000
1694839611714 89760.5 376000
1694839642810 90720.5 380000
1694839674445 91680.5 384000
1694839706775 92640.5 388000
1694839739550 93600.5 392000
1694839771582 94560.5 396000
1694839804156 95520.5 400000
1694839840639 96480.5 404000
1694839873457 97440.5 408000
1694839906194 98400.5 412000
1694839938504 99360.5 416000
1694839971195 100320.5 420000
1694840003136 101280.5 424000
1694840035880 102240.5 428000
1694840067265 103200.5 432000
1694840099673 104160.5 436000
1694840133190 105120.5 440000
1694840170701 106080.5 444000
1694840205071 107040.5 448000
1694840237340 108000.5 452000
1694840270832 108960.5 456000
1694840302810 109920.5 460000
1694840335605 110880.5 464000
1694840366339 111840.5 468000
1694840399561 112800.5 472000
1694840430774 113760.5 476000
1694840462872 114720.5 480000
1694840498077 115680.5 484000
1694840530194 116640.5 488000
1694840562016 117600.5 492000
1694840594113 118560.5 496000
1694840627522 119520.5 500000
1694840658694 120480.5 504000
1694840690232 121440.5 508000
1694840720772 122400.5 512000
1694840752382 123360.5 516000
1694840783662 124320.5 520000
1694840820758 125280.5 524000
1694840856037 126240.5 528000
1694840885155 127200.5 532000
1694840912252 128160.5 536000
1694840940217 129120.5 540000
1694840966365 130080.5 544000
1694840993182 131040.5 548000
1694841019374 132000.5 552000
1694841046010 132960.5 556000
1694841073348 133920.5 560000
1694841102035 134880.5 564000
1694841128389 135840.5 568000
1694841154803 136800.5 572000
1694841181769 137760.5 576000
