1694836625646 0.9 4000
1694836654321 0.9 8000
1694836682478 0.9 12000
1694836712364 0.9 16000
1694836741924 0.9 20000
1694836771550 0.9 24000
1694836802358 0.9 28000
1694836832790 0.9 32000
1694836863552 0.9 36000
1694836893418 0.9 40000
1694836927454 0.9 44000
1694836958707 0.9 48000
1694836991053 0.9 52000
1694837024115 0.9 56000
1694837056371 0.9 60000
1694837087350 0.9 64000
1694837118926 0.9 68000
1694837151071 0.9 72000
1694837182806 0.9 76000
1694837215820 0.9 80000
1694837250787 0.9 84000
1694837283015 0.9 88000
1694837314829 0.9 92000
1694837347254 0.9 96000
1694837379365 0.9 100000
1694837410840 0.9 104000
1694837442960 0.9 108000
1694837474621 0.9 112000
1694837506433 0.9 116000
1694837538823 0.9 120000
1694837573611 0.9 124000
1694837606107 0.9 128000
1694837640098 0.9 132000
1694837673093 0.9 136000
1694837705333 0.9 140000
1694837737597 0.9 144000
1694837769478 0.9 148000
1694837802220 0.9 152000
1694837834265 0.9 156000
1694837867770 0.9 160000
1694837905728 0.9 164000
1694837939250 0.9 168000
1694837971590 0.9 172000
1694838004990 0.9 176000
1694838037138 0.9 180000
1694838068319 0.9 184000
1694838099684 0.9 188000
1694838131089 0.9 192000
1694838162439 0.9 196000
1694838193110 0.9 200000
1694838229073 0.9 204000
1694838260343 0.9 208000
1694838291227 0.9 212000
1694838323152 0.9 216000
1694838354721 0.9 220000
1694838386130 0.9 224000
1694838417275 0.9 228000
1694838448098 0.9 232000
1694838480010 0.9 236000
1694838512059 0.9 240000
1694838547591 0.9 244000
1694838580047 0.9 248000
1694838612042 0.9 252000
1694838644187 0.9 256000
1694838675536 0.9 260000
1694838706879 0.9 264000
1694838738664 0.9 268000
1694838771484 0.9 272000
1694838804347 0.9 276000
1694838837769 0.9 280000
1694838875382 0.9 284000
1694838908397 0.9 288000
1694838941296 0.9 292000
1694838973872 0.9 296000
1694839006919 0.9 300000
1694839038697 0.9 304000
1694839070427 0.9 308000
1694839101821 0.9 312000
1694839134831 0.9 316000
1694839166859 0.9 320000
1694839200864 0.9 324000
1694839233472 0.9 328000
1694839264949 0.9 332000
1694839297314 0.9 336000
1694839328507 0.9 340000
1694839359802 0.9 344000
1694839389882 0.9 348000
1694839420912 0.9 352000
1694839452155 0.9 356000
1694839483165 0.9 360000
1694839516441 0.9 364000
1694839548066 0.9 368000
1694839579522 0.9 372000
1694839611764 0.9 376000
1694839642861 0.9 380000
1694839674513 0.9 384000
1694839706829 0.9 388000
1694839739602 0.9 392000
1694839771684 0.9 396000
1694839804207 0.9 400000
1694839840697 0.9 404000
1694839873510 0.9 408000
1694839906251 0.9 412000
1694839938560 0.9 416000
1694839971246 0.9 420000
1694840003187 0.9 424000
1694840035952 0.9 428000
1694840067360 0.9 432000
1694840099725 0.9 436000
1694840133320 0.9 440000
1694840170757 0.9 444000
1694840205122 0.9 448000
1694840237391 0.9 452000
1694840270894 0.9 456000
1694840302859 0.9 460000
1694840335658 0.9 464000
1694840366395 0.9 468000
1694840399611 0.9 472000
1694840430881 0.9 476000
1694840462936 0.9 480000
1694840498131 0.9 484000
1694840530251 0.9 488000
1694840562073 0.9 492000
1694840594173 0.9 496000
1694840627575 0.9 500000
1694840658746 0.9 504000
1694840690286 0.9 508000
1694840720820 0.9 512000
1694840752440 0.9 516000
1694840783713 0.9 520000
1694840820814 0.9 524000
1694840856105 0.9 528000
1694840885202 0.9 532000
1694840912343 0.9 536000
1694840940266 0.9 540000
1694840966421 0.9 544000
1694840993231 0.9 548000
1694841019426 0.9 552000
1694841046060 0.9 556000
1694841073392 0.9 560000
1694841102088 0.9 564000
1694841128442 0.9 568000
1694841154850 0.9 572000
1694841181828 0.9 576000
