1694832173255 0.0 4000
1694832210080 0.0 8000
1694832246656 0.0 12000
1694832283288 0.0 16000
1694832317575 0.0 20000
1694832349073 0.0 24000
1694832378927 0.0 28000
1694832409029 0.0 32000
1694832440771 0.0 36000
1694832472180 0.0 40000
1694832507775 0.0 44000
1694832536716 0.0 48000
1694832564395 0.0 52000
1694832596784 0.0 56000
1694832626020 0.0 60000
1694832655259 0.0 64000
1694832683744 0.0 68000
1694832713368 0.0 72000
1694832742267 0.0 76000
1694832770659 0.0 80000
1694832800135 0.0 84000
1694832829631 0.0 88000
1694832858578 0.0 92000
1694832888208 0.0 96000
1694832916735 0.0 100000
1694832946510 0.0 104000
1694832974633 0.0 108000
1694833003723 0.0 112000
1694833032579 0.0 116000
1694833062185 0.0 120000
1694833092254 0.0 124000
1694833121834 0.0 128000
1694833150794 0.0 132000
1694833180702 0.0 136000
1694833209632 0.0 140000
1694833239409 0.0 144000
1694833268126 0.0 148000
1694833296994 0.0 152000
1694833326056 0.0 156000
1694833355737 0.0 160000
1694833389605 0.0 164000
1694833420544 0.0 168000
1694833449930 0.0 172000
1694833480734 0.0 176000
1694833509806 0.0 180000
1694833538453 0.0 184000
1694833568586 0.0 188000
1694833603672 0.0 192000
1694833633128 0.0 196000
1694833663299 0.0 200000
1694833692761 0.0 204000
1694833718925 0.0 208000
1694833743607 0.0 212000
1694833768213 0.0 216000
1694833793155 0.0 220000
1694833817168 0.0 224000
1694833841935 0.0 228000
1694833866139 0.0 232000
1694833891068 0.0 236000
1694833914994 0.0 240000
1694833940113 0.0 244000
1694833964876 0.0 248000
1694833989148 0.0 252000
1694834014080 0.0 256000
1694834038305 0.0 260000
1694834062301 0.0 264000
1694834086888 0.0 268000
1694834111200 0.0 272000
1694834135859 0.0 276000
1694834160250 0.0 280000
1694834186865 0.0 284000
1694834219591 0.0 288000
1694834253594 0.0 292000
1694834285730 0.0 296000
1694834318223 0.0 300000
1694834347650 0.0 304000
1694834377075 0.0 308000
1694834412781 0.0 312000
1694834450932 0.0 316000
1694834485881 0.0 320000
1694834524904 0.0 324000
1694834560619 0.0 328000
1694834603595 0.0 332000
1694834644272 0.0 336000
1694834689505 0.0 340000
1694834723596 0.0 344000
