1694832173260 0.20000000000000004 4000
1694832210085 0.29999999999999993 8000
1694832246659 0.4500000000000001 12000
1694832283292 0.6750000000000002 16000
1694832317578 1.0124999999999997 20000
1694832349075 1.5187500000000005 24000
1694832378930 1.5187500000000005 28000
1694832409032 1.5187500000000005 32000
1694832440776 1.5187500000000005 36000
1694832472183 1.5187500000000005 40000
1694832507777 1.5187500000000005 44000
1694832536718 1.5187500000000005 48000
1694832564397 1.5187500000000005 52000
1694832596786 1.5187500000000005 56000
1694832626022 1.5187500000000005 60000
1694832655261 1.5187500000000005 64000
1694832683746 1.5187500000000005 68000
1694832713371 1.5187500000000005 72000
1694832742270 1.5187500000000005 76000
1694832770662 2.2781249999999997 80000
1694832800137 2.2781249999999997 84000
1694832829633 2.2781249999999997 88000
1694832858580 2.2781249999999997 92000
1694832888210 2.2781249999999997 96000
1694832916739 2.2781249999999997 100000
1694832946512 2.2781249999999997 104000
1694832974635 2.2781249999999997 108000
1694833003725 2.2781249999999997 112000
1694833032581 2.2781249999999997 116000
1694833062187 2.2781249999999997 120000
1694833092256 2.2781249999999997 124000
1694833121839 2.2781249999999997 128000
1694833150798 2.2781249999999997 132000
1694833180704 2.2781249999999997 136000
1694833209635 2.2781249999999997 140000
1694833239412 2.2781249999999997 144000
1694833268129 2.2781249999999997 148000
1694833296996 2.2781249999999997 152000
1694833326058 2.2781249999999997 156000
1694833355740 2.2781249999999997 160000
1694833389609 2.2781249999999997 164000
1694833420548 2.2781249999999997 168000
1694833449932 2.2781249999999997 172000
1694833480737 2.2781249999999997 176000
1694833509809 2.2781249999999997 180000
1694833538457 2.2781249999999997 184000
1694833568589 2.2781249999999997 188000
1694833603678 2.2781249999999997 192000
1694833633132 2.2781249999999997 196000
1694833663303 2.2781249999999997 200000
1694833692765 2.2781249999999997 204000
1694833718927 2.2781249999999997 208000
1694833743611 2.2781249999999997 212000
1694833768218 2.2781249999999997 216000
1694833793157 2.2781249999999997 220000
1694833817171 2.2781249999999997 224000
1694833841938 2.2781249999999997 228000
1694833866141 2.2781249999999997 232000
1694833891070 2.2781249999999997 236000
1694833914996 2.2781249999999997 240000
1694833940115 2.2781249999999997 244000
1694833964879 2.2781249999999997 248000
1694833989150 2.2781249999999997 252000
1694834014083 2.2781249999999997 256000
1694834038307 2.2781249999999997 260000
1694834062303 2.2781249999999997 264000
1694834086890 2.2781249999999997 268000
1694834111202 2.2781249999999997 272000
1694834135861 2.2781249999999997 276000
1694834160252 2.2781249999999997 280000
1694834186868 2.2781249999999997 284000
1694834219595 2.2781249999999997 288000
1694834253599 2.2781249999999997 292000
1694834285734 2.2781249999999997 296000
1694834318225 2.2781249999999997 300000
1694834347652 2.2781249999999997 304000
1694834377078 2.2781249999999997 308000
1694834412784 2.2781249999999997 312000
1694834450937 2.2781249999999997 316000
1694834485886 2.2781249999999997 320000
1694834524909 2.2781249999999997 324000
1694834560622 2.2781249999999997 328000
1694834603599 2.2781249999999997 332000
1694834644275 2.2781249999999997 336000
1694834689512 2.2781249999999997 340000
1694834723599 2.2781249999999997 344000
