1694832173262 0.0010000000000000005 4000
1694832210105 0.0010000000000000005 8000
1694832246660 0.0010000000000000005 12000
1694832283294 0.0010000000000000005 16000
1694832317581 0.0010000000000000005 20000
1694832349076 0.0010000000000000005 24000
1694832378931 0.0010000000000000005 28000
1694832409034 0.0010000000000000005 32000
1694832440779 0.0010000000000000005 36000
1694832472186 0.0010000000000000005 40000
1694832507779 0.0010000000000000005 44000
1694832536720 0.0010000000000000005 48000
1694832564399 0.0010000000000000005 52000
1694832596788 0.0010000000000000005 56000
1694832626024 0.0010000000000000005 60000
1694832655262 0.0010000000000000005 64000
1694832683748 0.0010000000000000005 68000
1694832713372 0.0010000000000000005 72000
1694832742271 0.0010000000000000005 76000
1694832770663 0.0010000000000000005 80000
1694832800138 0.0010000000000000005 84000
1694832829634 0.0010000000000000005 88000
1694832858582 0.0010000000000000005 92000
1694832888211 0.0010000000000000005 96000
1694832916742 0.0010000000000000005 100000
1694832946513 0.0010000000000000005 104000
1694832974636 0.0010000000000000005 108000
1694833003726 0.0010000000000000005 112000
1694833032582 0.0010000000000000005 116000
1694833062189 0.0010000000000000005 120000
1694833092257 0.0010000000000000005 124000
1694833121841 0.0010000000000000005 128000
1694833150799 0.0010000000000000005 132000
1694833180705 0.0010000000000000005 136000
1694833209636 0.0010000000000000005 140000
1694833239413 0.0010000000000000005 144000
1694833268130 0.0010000000000000005 148000
1694833296997 0.0010000000000000005 152000
1694833326060 0.0010000000000000005 156000
1694833355741 0.0010000000000000005 160000
1694833389610 0.0010000000000000005 164000
1694833420549 0.0010000000000000005 168000
1694833449933 0.0010000000000000005 172000
1694833480738 0.0010000000000000005 176000
1694833509810 0.0010000000000000005 180000
1694833538458 0.0010000000000000005 184000
1694833568591 0.0010000000000000005 188000
1694833603680 0.0010000000000000005 192000
1694833633133 0.0010000000000000005 196000
1694833663305 0.0010000000000000005 200000
1694833692767 0.0010000000000000005 204000
1694833718928 0.0010000000000000005 208000
1694833743613 0.0010000000000000005 212000
1694833768220 0.0010000000000000005 216000
1694833793159 0.0010000000000000005 220000
1694833817172 0.0010000000000000005 224000
1694833841939 0.0010000000000000005 228000
1694833866143 0.0010000000000000005 232000
1694833891072 0.0010000000000000005 236000
1694833914997 0.0010000000000000005 240000
1694833940117 0.0010000000000000005 244000
1694833964880 0.0010000000000000005 248000
1694833989151 0.0010000000000000005 252000
1694834014084 0.0010000000000000005 256000
1694834038308 0.0010000000000000005 260000
1694834062304 0.0010000000000000005 264000
1694834086891 0.0010000000000000005 268000
1694834111203 0.0010000000000000005 272000
1694834135863 0.0010000000000000005 276000
1694834160253 0.0010000000000000005 280000
1694834186869 0.0010000000000000005 284000
1694834219597 0.0010000000000000005 288000
1694834253616 0.0010000000000000005 292000
1694834285735 0.0010000000000000005 296000
1694834318226 0.0010000000000000005 300000
1694834347654 0.0010000000000000005 304000
1694834377079 0.0010000000000000005 308000
1694834412786 0.0010000000000000005 312000
1694834450939 0.0010000000000000005 316000
1694834485888 0.0010000000000000005 320000
1694834524910 0.0010000000000000005 324000
1694834560624 0.0010000000000000005 328000
1694834603602 0.0010000000000000005 332000
1694834644276 0.0010000000000000005 336000
1694834689514 0.0010000000000000005 340000
1694834723600 0.0010000000000000005 344000
