1694832173274 0.0 4000
1694832210119 0.0 8000
1694832246672 0.0 12000
1694832283305 0.0 16000
1694832317595 0.0 20000
1694832349090 0.0 24000
1694832378965 0.0 28000
1694832409047 0.0 32000
1694832440795 0.0 36000
1694832472201 0.0 40000
1694832507788 0.0 44000
1694832536733 0.0 48000
1694832564407 0.0 52000
1694832596799 0.0 56000
1694832626038 0.0 60000
1694832655272 0.0 64000
1694832683757 0.0 68000
1694832713380 0.0 72000
1694832742283 0.0 76000
1694832770670 0.0 80000
1694832800149 0.0 84000
1694832829642 0.0 88000
1694832858594 0.0 92000
1694832888219 0.0 96000
1694832916753 0.0 100000
1694832946523 0.0 104000
1694832974644 0.0 108000
1694833003734 0.0 112000
1694833032594 0.0 116000
1694833062202 0.0 120000
1694833092265 0.0 124000
1694833121852 0.0 128000
1694833150808 0.0 132000
1694833180714 0.0 136000
1694833209651 0.0 140000
1694833239421 0.0 144000
1694833268138 0.0 148000
1694833297005 0.0 152000
1694833326074 0.0 156000
1694833355754 0.0 160000
1694833389622 0.0 164000
1694833420558 0.0 168000
1694833449941 0.0 172000
1694833480749 0.0 176000
1694833509823 0.0 180000
1694833538467 0.0 184000
1694833568605 0.0 188000
1694833603691 0.0 192000
1694833633141 0.0 196000
1694833663317 0.0 200000
1694833692781 0.0 204000
1694833718936 0.0 208000
1694833743630 0.0 212000
1694833768233 0.0 216000
1694833793170 0.0 220000
1694833817187 0.0 224000
1694833841947 0.0 228000
1694833866150 0.0 232000
1694833891084 0.0 236000
1694833915004 0.0 240000
1694833940132 0.0 244000
1694833964889 0.0 248000
1694833989160 0.0 252000
1694834014093 0.0 256000
1694834038316 0.0 260000
1694834062312 0.0 264000
1694834086898 0.0 268000
1694834111211 0.0 272000
1694834135873 0.0 276000
1694834160261 0.0 280000
1694834186882 0.0 284000
1694834219606 0.0 288000
1694834253635 0.0 292000
1694834285749 0.0 296000
1694834318235 0.0 300000
1694834347662 0.0 304000
1694834377088 0.0 308000
1694834412802 0.0 312000
1694834450972 0.0 316000
1694834485901 0.0 320000
1694834524921 0.0 324000
1694834560633 0.0 328000
1694834603616 0.0 332000
1694834644286 0.0 336000
1694834689528 0.0 340000
1694834723615 0.0 344000
