1694832173272 1.9103215043743451 4000
1694832210117 1.861259333540996 8000
1694832246671 1.8288360369702181 12000
1694832283304 1.8059627229968707 16000
1694832317593 1.8045677110552787 20000
1694832349088 1.8088103882968425 24000
1694832378946 1.8003399604310593 28000
1694832409046 1.7942720192174118 32000
1694832440794 1.7817305876562992 36000
1694832472199 1.7719177392621834 40000
1694832507786 1.7537353234986464 44000
1694832536732 1.7775052237013975 48000
1694832564405 1.7774066679179668 52000
1694832596798 1.7702389884740115 56000
1694832626036 1.7675927041719357 60000
1694832655270 1.754775714998444 64000
1694832683756 1.7404099040975174 68000
1694832713379 1.7491931849469742 72000
1694832742281 1.7300557255744935 76000
1694832770669 1.7379483095059791 80000
1694832800147 1.7522190841535727 84000
1694832829641 1.7552616536617278 88000
1694832858593 1.7381380954136452 92000
1694832888218 1.762569644798835 96000
1694832916752 1.7599123209714889 100000
1694832946521 1.7464903758217891 104000
1694832974643 1.7660240272680918 108000
1694833003733 1.7642569743096828 112000
1694833032591 1.7648344659556945 116000
1694833062201 1.7479665478070576 120000
1694833092264 1.7599018351485332 124000
1694833121850 1.7618733382473388 128000
1694833150807 1.7688672356307507 132000
1694833180713 1.7589818108826876 136000
1694833209648 1.7486000395069519 140000
1694833239420 1.7547980898370346 144000
1694833268137 1.7432826423396668 148000
1694833297004 1.761373884603381 152000
1694833326072 1.7563068324079116 156000
1694833355752 1.7443451918661594 160000
1694833389620 1.7536371514201163 164000
1694833420557 1.7637599483132362 168000
1694833449940 1.756970832993587 172000
1694833480747 1.75208033695817 176000
1694833509821 1.7661404327799877 180000
1694833538466 1.759182994440198 184000
1694833568603 1.7499308673044045 188000
1694833603689 1.7406536837418873 192000
1694833633140 1.7778603224704663 196000
1694833663316 1.7468745606640974 200000
1694833692779 1.7566366466383139 204000
1694833718935 1.7622920900583268 208000
1694833743626 1.731890373925368 212000
1694833768232 1.7523725972821316 216000
1694833793169 1.7477095544338226 220000
1694833817185 1.7492879394441843 224000
1694833841946 1.736323281377554 228000
1694833866149 1.7422521846989791 232000
1694833891082 1.7475132875144481 236000
1694833915003 1.7591295174012582 240000
1694833940130 1.7454445042957862 244000
1694833964887 1.7573785098890464 248000
1694833989159 1.7468959987163544 252000
1694834014092 1.7470824163407088 256000
1694834038315 1.7482779999574025 260000
1694834062311 1.7453127098580201 264000
1694834086897 1.7425652106602987 268000
1694834111210 1.7525728111465773 272000
1694834135872 1.7501652220884958 276000
1694834160260 1.764183280368646 280000
1694834186880 1.735862921923399 284000
1694834219605 1.7308436881750822 288000
1694834253632 1.7171560525894165 292000
1694834285747 1.7177726159493127 296000
1694834318234 1.735975282266736 300000
1694834347661 1.7211052194237708 304000
1694834377086 1.731952485566338 308000
1694834412799 1.7185619972646236 312000
1694834450953 1.7280386050542196 316000
1694834485899 1.7275261928637822 320000
1694834524919 1.7150850005447864 324000
1694834560632 1.742617823307713 328000
1694834603614 1.7182516758640607 332000
1694834644284 1.7360706773897012 336000
1694834689526 1.735937573388219 340000
1694834723613 1.728069777910908 344000
