1694832173257 0.4194626704789698 4000
1694832210083 0.5399662450266381 8000
1694832246657 0.6114633109730979 12000
1694832283290 0.6327680316132803 16000
1694832317577 0.5737879979424179 20000
1694832349074 0.6063794056884945 24000
1694832378928 0.5795352429151535 28000
1694832409030 0.5922083986923099 32000
1694832440774 0.636905768358459 36000
1694832472182 0.5821276805674036 40000
1694832507776 0.5894430613766114 44000
1694832536717 0.5779973695365092 48000
1694832564396 0.6156779038098951 52000
1694832596785 0.6026521547387044 56000
1694832626021 0.6458535441507895 60000
1694832655260 0.6367767656532427 64000
1694832683745 0.646092891227454 68000
1694832713369 0.6164015374146402 72000
1694832742268 0.6790299344807863 76000
1694832770660 0.6470801365561784 80000
1694832800136 0.6518913330510259 84000
1694832829632 0.6604555151735743 88000
1694832858579 0.6802269320314129 92000
1694832888209 0.6807949995001157 96000
1694832916737 0.6769396925655504 100000
1694832946511 0.6435015537776053 104000
1694832974634 0.6724289926079412 108000
1694833003724 0.6866188887506723 112000
1694833032580 0.6368301988579332 116000
1694833062186 0.6404323917503159 120000
1694833092255 0.6371444395743311 124000
1694833121836 0.6655062462203205 128000
1694833150796 0.646852181572467 132000
1694833180703 0.6734269675488274 136000
1694833209633 0.631644191313535 140000
1694833239411 0.6602236244517068 144000
1694833268128 0.6362818447252114 148000
1694833296995 0.607148580532521 152000
1694833326057 0.6481809052017827 156000
1694833355738 0.6358250042423605 160000
1694833389607 0.6595452621268729 164000
1694833420546 0.6427786423514287 168000
1694833449931 0.6282461799681187 172000
1694833480736 0.623977802041918 176000
1694833509807 0.6453025833393137 180000
1694833538455 0.6976597007364035 184000
1694833568588 0.6740316594640414 188000
1694833603675 0.7068796659509341 192000
1694833633130 0.6851427596993744 196000
1694833663301 0.6938058897852898 200000
1694833692763 0.6811201172259946 204000
1694833718926 0.6556970522738993 208000
1694833743609 0.7542547087805966 212000
1694833768215 0.7396334123487274 216000
1694833793156 0.7484367205761373 220000
1694833817170 0.6991181041424473 224000
1694833841937 0.7429293864717086 228000
1694833866140 0.7586048228976627 232000
1694833891069 0.7376934196179111 236000
1694833914995 0.7167410321844121 240000
1694833940114 0.7309596680725614 244000
1694833964877 0.776789340035369 248000
1694833989149 0.7242089247020582 252000
1694834014081 0.7138973045783739 256000
1694834038306 0.7286955184924105 260000
1694834062302 0.7559000084797541 264000
1694834086889 0.7579626499985656 268000
1694834111202 0.7454006590570013 272000
1694834135860 0.7347216206292312 276000
1694834160251 0.7135689441425105 280000
1694834186866 0.7067705835215747 284000
1694834219593 0.704271356916676 288000
1694834253597 0.6942145987413824 292000
1694834285732 0.6927348209234575 296000
1694834318224 0.7263460985384882 300000
1694834347651 0.7681114301085472 304000
1694834377076 0.7435667225470145 308000
1694834412783 0.7540140401571989 312000
1694834450935 0.7637323674435417 316000
1694834485884 0.7609393522764246 320000
1694834524907 0.7648217838567992 324000
1694834560621 0.7619383147917688 328000
1694834603597 0.7666015206525724 332000
1694834644273 0.7617891079746186 336000
1694834689508 0.7262713574493925 340000
1694834723598 0.7252319358910123 344000
