1694832173271 0.03498508653529377 4000
1694832210115 0.04265514442457728 8000
1694832246669 0.037342236818236 12000
1694832283302 0.03005273972906203 16000
1694832317592 0.022172287055411143 20000
1694832349086 0.017580009588660534 24000
1694832378943 0.01865031964427999 28000
1694832409045 0.01769064910059477 32000
1694832440791 0.018211828236518103 36000
1694832472198 0.01789034675750795 40000
1694832507784 0.01908782064316683 44000
1694832536731 0.017661383675224317 48000
1694832564404 0.01898820178293287 52000
1694832596796 0.018710636647199033 56000
1694832626034 0.01891765652248418 60000
1694832655268 0.019081539167096016 64000
1694832683754 0.01911423630409293 68000
1694832713378 0.019490082358999666 72000
1694832742280 0.02081603759463612 76000
1694832770668 0.01411906490354795 80000
1694832800145 0.014042558845949933 84000
1694832829640 0.015155788972013322 88000
1694832858591 0.013907909602731703 92000
1694832888217 0.014026233571954148 96000
1694832916750 0.013555543732199265 100000
1694832946519 0.013543680228901456 104000
1694832974642 0.014562660946602203 108000
1694833003731 0.014664420888648395 112000
1694833032589 0.01364234033109306 116000
1694833062199 0.014016539652400116 120000
1694833092263 0.013636213196821194 124000
1694833121849 0.014778605798054893 128000
1694833150806 0.015202112527367717 132000
1694833180712 0.013911334864974378 136000
1694833209646 0.01276448009930012 140000
1694833239419 0.014202517657397114 144000
1694833268136 0.013000887784263537 148000
1694833297003 0.014087910587646305 152000
1694833326071 0.013883175601195792 156000
1694833355750 0.014637099729316228 160000
1694833389619 0.014202049763484877 164000
1694833420556 0.013999741641674857 168000
1694833449939 0.013620611054482017 172000
1694833480745 0.012993329194506588 176000
1694833509817 0.013957044350199347 180000
1694833538465 0.014600783643078067 184000
1694833568600 0.014101280513083717 188000
1694833603688 0.014924216160964458 192000
1694833633139 0.014350110767745084 196000
1694833663314 0.013510830608307363 200000
1694833692777 0.014289535825522278 204000
1694833718934 0.01380766557337741 208000
1694833743624 0.015750911090174742 212000
1694833768230 0.015139949217000808 216000
1694833793167 0.015029221190947814 220000
1694833817183 0.014962654243947781 224000
1694833841945 0.014208293808007966 228000
1694833866148 0.015765927235591535 232000
1694833891080 0.014628652138082999 236000
1694833915002 0.013939200884682534 240000
1694833940128 0.014478925193215038 244000
1694833964886 0.015777322962823977 248000
1694833989158 0.014180022789063666 252000
1694834014091 0.014834300517422131 256000
1694834038314 0.01481677223237566 260000
1694834062309 0.015402372275931005 264000
1694834086896 0.015099269039907192 268000
1694834111209 0.014696373906281224 272000
1694834135869 0.014208852641046552 276000
1694834160259 0.015355117838358507 280000
1694834186878 0.014429841784670543 284000
1694834219604 0.01396931487963684 288000
1694834253629 0.013096821044080923 292000
1694834285745 0.01261740777817599 296000
1694834318232 0.014520569874844114 300000
1694834347660 0.015198939820934676 304000
1694834377085 0.014885672772017718 308000
1694834412797 0.014603439923682357 312000
1694834450951 0.014748188569262766 316000
1694834485897 0.015358827605985016 320000
1694834524918 0.014169165850492533 324000
1694834560631 0.016543866247423652 328000
1694834603612 0.014828169215426594 332000
1694834644283 0.0152544091894044 336000
1694834689524 0.01360172463250205 340000
1694834723611 0.014975063901776291 344000
