1694832173266 -0.07186759609006306 4000
1694832210109 -0.11672518554405542 8000
1694832246663 -0.11413672383496305 12000
1694832283297 -0.10930020099961742 16000
1694832317585 -0.10537188228336163 20000
1694832349079 -0.10307881883636583 24000
1694832378936 -0.11031432331268055 28000
1694832409038 -0.10192871973316263 32000
1694832440783 -0.10133625627592362 36000
1694832472191 -0.09472066744492622 40000
1694832507781 -0.10997763026534813 44000
1694832536724 -0.10311568293642874 48000
1694832564401 -0.10736427384254058 52000
1694832596791 -0.10837696624948875 56000
1694832626027 -0.10516414754868796 60000
1694832655264 -0.10398985938663827 64000
1694832683751 -0.11095052827489174 68000
1694832713374 -0.11316529880908395 72000
1694832742275 -0.11117205485813125 76000
1694832770665 -0.10331605499814031 80000
1694832800141 -0.10767865977153027 84000
1694832829636 -0.10290178772096018 88000
1694832858585 -0.1001257247228447 92000
1694832888214 -0.10470191073303188 96000
1694832916746 -0.0935982013232812 100000
1694832946516 -0.09186491602352666 104000
1694832974638 -0.09850970157907189 108000
1694833003728 -0.1020154000162923 112000
1694833032585 -0.10653398315698723 116000
1694833062194 -0.10562146539450623 120000
1694833092259 -0.10222390142419803 124000
1694833121845 -0.1081424606522584 128000
1694833150802 -0.11542483180043443 132000
1694833180708 -0.09417676002679704 136000
1694833209639 -0.09354403154090202 140000
1694833239416 -0.10426857411293895 144000
1694833268132 -0.09856045118406959 148000
1694833296999 -0.10920677083437719 152000
1694833326065 -0.10308484755732934 156000
1694833355744 -0.11126400417948995 160000
1694833389614 -0.09916315664886496 164000
1694833420552 -0.10654913937857297 168000
1694833449935 -0.10214102268776817 172000
1694833480741 -0.09793250223835154 176000
1694833509812 -0.10395299755909945 180000
1694833538461 -0.10419339820679549 184000
1694833568593 -0.1023243860254297 188000
1694833603684 -0.10792481813017124 192000
1694833633135 -0.10922700134105981 196000
1694833663310 -0.09597466209330983 200000
1694833692770 -0.10317202455359317 204000
1694833718931 -0.10757297635524689 208000
1694833743618 -0.11099093237571651 212000
1694833768225 -0.10766534265276277 216000
1694833793163 -0.10561431640308001 220000
1694833817176 -0.11069179781576774 224000
1694833841942 -0.10351190821723624 228000
1694833866145 -0.11158128010574728 232000
1694833891075 -0.10411852624965831 236000
1694833914999 -0.10000690504869757 240000
1694833940121 -0.094820597954822 244000
1694833964882 -0.10485591230341622 248000
1694833989154 -0.09755261528868384 252000
1694834014087 -0.09819618761490953 256000
1694834038310 -0.10283327921691428 260000
1694834062306 -0.10909906917950138 264000
1694834086893 -0.10458429182641946 268000
1694834111206 -0.10118532584892818 272000
1694834135865 -0.09445521810412175 276000
1694834160255 -0.11001044589065714 280000
1694834186872 -0.09960352643587006 284000
1694834219600 -0.09578393649329277 288000
1694834253622 -0.08851533549750457 292000
1694834285738 -0.08607119955170978 296000
1694834318229 -0.1029420924654308 300000
1694834347656 -0.10188211048177133 304000
1694834377081 -0.10025301721373883 308000
1694834412790 -0.09674179498979356 312000
1694834450942 -0.09994138775849327 316000
1694834485891 -0.10332427601024392 320000
1694834524913 -0.10085999254758159 324000
1694834560626 -0.10827817474879946 328000
1694834603606 -0.09527636401859733 332000
1694834644279 -0.10401949685328873 336000
1694834689518 -0.10044742809938421 340000
1694834723604 -0.10370648855653902 344000
