1694832173264 -0.022316587387710266 4000
1694832210107 -0.06864847592369187 8000
1694832246662 -0.055574376158377466 12000
1694832283296 -0.052480497400392775 16000
1694832317583 -0.05737288389379198 20000
1694832349078 -0.04699460536843011 24000
1694832378933 -0.06839177112657732 28000
1694832409036 -0.03310247861566798 32000
1694832440781 -0.02798140328571511 36000
1694832472188 -0.04680701559312486 40000
1694832507780 -0.05497329500600851 44000
1694832536722 -0.05224750035267789 48000
1694832564400 -0.04952875823073555 52000
1694832596789 -0.04694561413101231 56000
1694832626025 -0.03487656420814649 60000
1694832655263 -0.028669121635418075 64000
1694832683749 -0.04275971475581173 68000
1694832713373 -0.05672471213135092 72000
1694832742273 -0.033777960555744356 76000
1694832770664 -0.041430990510464956 80000
1694832800140 -0.03797698687024725 84000
1694832829635 -0.03621911615385519 88000
1694832858583 -0.02134324666694738 92000
1694832888212 -0.03829088237544056 96000
1694832916744 -0.02039150461011256 100000
1694832946515 -0.023304887647585322 104000
1694832974637 -0.03060838091187179 108000
1694833003727 -0.03042360080871731 112000
1694833032584 -0.04586714020018311 116000
1694833062192 -0.04092895873473026 120000
1694833092258 -0.037020999495871364 124000
1694833121843 -0.03725318549835113 128000
1694833150800 -0.036150049192171234 132000
1694833180706 -0.02152245103789028 136000
1694833209638 -0.03254691301942027 140000
1694833239414 -0.03766043392630915 144000
1694833268131 -0.041871066850338444 148000
1694833296998 -0.05366267634090036 152000
1694833326062 -0.03414266444839693 156000
1694833355742 -0.037948681633376204 160000
1694833389612 -0.03247131063350631 164000
1694833420551 -0.04345424201552912 168000
1694833449934 -0.038338001382847625 172000
1694833480739 -0.034355444272902484 176000
1694833509811 -0.036945375364545424 180000
1694833538460 -0.025282585056265815 184000
1694833568592 -0.03793773388994547 188000
1694833603682 -0.034695659649635974 192000
1694833633134 -0.03477810330029266 196000
1694833663308 -0.0281234455081479 200000
1694833692768 -0.03757672058224368 204000
1694833718930 -0.045616757646591094 208000
1694833743616 -0.017935864606988615 212000
1694833768222 -0.019183735234158426 216000
1694833793161 -0.01870182257553097 220000
1694833817173 -0.04419494864511459 224000
1694833841940 -0.0019674153794767336 228000
1694833866144 -0.010522592907849078 232000
1694833891073 -0.021948902369088804 236000
1694833914998 -0.026838410861091688 240000
1694833940119 0.0032721768055732053 244000
1694833964881 -0.027938626467948778 248000
1694833989153 -0.020423405364272184 252000
1694834014086 -0.021587503761596356 256000
1694834038309 -0.029499944376099544 260000
1694834062305 -0.012443414392570655 264000
1694834086892 0.00011888246517628431 268000
1694834111205 -0.023685794875200374 272000
1694834135864 -0.015849231041890257 276000
1694834160254 -0.03169279484427534 280000
1694834186870 -0.032663961891861014 284000
1694834219598 -0.016023580890032463 288000
1694834253619 -0.02307867356867064 292000
1694834285736 -0.0038167714771892253 296000
1694834318228 -0.023571021749133555 300000
1694834347655 0.004743935792551686 304000
1694834377080 -0.02897621681719708 308000
1694834412788 -0.006678326164061824 312000
1694834450941 -0.007811213876508797 316000
1694834485890 -0.014279884594725446 320000
1694834524912 -0.023516746008923898 324000
1694834560625 -0.021049122077723345 328000
1694834603604 -0.027415675394392262 332000
1694834644278 -0.03796869533058877 336000
1694834689516 -0.03440859145387852 340000
1694834723602 -0.037839362599576515 344000
