1694832173269 0.42651926577091215 4000
1694832210113 0.7236952831347784 8000
1694832246668 0.6783242488279939 12000
1694832283300 0.7210681984201074 16000
1694832317590 0.6828079001357158 20000
1694832349083 0.6783454284071923 24000
1694832378941 0.6918227205052971 28000
1694832409043 0.6047593240936597 32000
1694832440788 0.6575238002464175 36000
1694832472196 0.6368760200217366 40000
1694832507783 0.7373887770498793 44000
1694832536729 0.7033608103170991 48000
1694832564403 0.7902922691777349 52000
1694832596795 0.7218332525963584 56000
1694832626031 0.6881193241725365 60000
1694832655266 0.6692691827813785 64000
1694832683753 0.705668862350285 68000
1694832713377 0.7863687570517262 72000
1694832742279 0.7019957820574443 76000
1694832770667 0.7124774111434817 80000
1694832800143 0.7340602451935411 84000
1694832829639 0.694344647663335 88000
1694832858589 0.7030306220675508 92000
1694832888216 0.7570572525262833 96000
1694832916749 0.6814912003775437 100000
1694832946518 0.6588101071616014 104000
1694832974641 0.7733978365237514 108000
1694833003730 0.6756627388298512 112000
1694833032587 0.7293514555941025 116000
1694833062198 0.6788454510271549 120000
1694833092262 0.7070305575927098 124000
1694833121848 0.7296362586940328 128000
1694833150804 0.7392951135834058 132000
1694833180710 0.7509990540643533 136000
1694833209643 0.7062720773741603 140000
1694833239418 0.777407121596237 144000
1694833268134 0.7142184867834052 148000
1694833297002 0.752705787991484 152000
1694833326069 0.7261157231405377 156000
1694833355748 0.7136284581695994 160000
1694833389617 0.6632226136823495 164000
1694833420555 0.7195077350363135 168000
1694833449938 0.7086519754802187 172000
1694833480743 0.6340652575716377 176000
1694833509815 0.6847872516761223 180000
1694833538464 0.7631724769249558 184000
1694833568597 0.7565262095381816 188000
1694833603686 0.7134668316071232 192000
1694833633138 0.7380865545943379 196000
1694833663313 0.7067793408408761 200000
1694833692774 0.7615230119476716 204000
1694833718933 0.7254943981145819 208000
1694833743623 0.7120370484888554 212000
1694833768229 0.723315869892637 216000
1694833793166 0.6831320091461142 220000
1694833817181 0.7005328475808104 224000
1694833841944 0.600819982526203 228000
1694833866147 0.6899337737510601 232000
1694833891078 0.6750462685401241 236000
1694833915001 0.7054482962315282 240000
1694833940126 0.6177326208601396 244000
1694833964885 0.7926578956345717 248000
1694833989156 0.6694493946929773 252000
1694834014090 0.7239438346276681 256000
1694834038313 0.6892392833406726 260000
1694834062308 0.6894667277112603 264000
1694834086895 0.6854141032323241 268000
1694834111208 0.7338320509220163 272000
1694834135867 0.6084161826098958 276000
1694834160257 0.7096603256339828 280000
1694834186876 0.7312516188869874 284000
1694834219602 0.6672445795188348 288000
1694834253627 0.6854776641353965 292000
1694834285743 0.6409593008458614 296000
1694834318231 0.7065590629975002 300000
1694834347659 0.6430708951006333 304000
1694834377084 0.7226787003378073 308000
1694834412794 0.6514806570485234 312000
1694834450948 0.66001130733639 316000
1694834485894 0.6765551485121251 320000
1694834524916 0.7089004514738917 324000
1694834560629 0.7606548119336367 328000
1694834603610 0.714905759692192 332000
1694834644281 0.6896253587678075 336000
1694834689522 0.753314066119492 340000
1694834723609 0.7175165988504887 344000
