1694832173267 0.04255399163036297 4000
1694832210111 0.035280166231677866 8000
1694832246666 0.04175834216390892 12000
1694832283299 0.03653410426001453 16000
1694832317587 0.025549556370242497 20000
1694832349081 0.029384575217651823 24000
1694832378938 0.013597380300294996 28000
1694832409041 0.0419585684100942 32000
1694832440785 0.045695640073972754 36000
1694832472194 0.020742688349128003 40000
1694832507782 0.02601470786127417 44000
1694832536727 0.024044956729145875 48000
1694832564402 0.028997184875091384 52000
1694832596793 0.03301457401442652 56000
1694832626029 0.04155639284581412 60000
1694832655265 0.04634065134402287 64000
1694832683752 0.03916106867303218 68000
1694832713375 0.02684002524135091 72000
1694832742277 0.045779739120431866 76000
1694832770666 0.029720069187169428 80000
1694832800142 0.0377109671952591 84000
1694832829638 0.03215588837047108 88000
1694832858587 0.04709852157830028 92000
1694832888215 0.034457513988309076 96000
1694832916747 0.042325472945231014 100000
1694832946517 0.03770583096096137 104000
1694832974640 0.03472575777365516 108000
1694833003729 0.038184414623538034 112000
1694833032586 0.029587885291160396 116000
1694833062196 0.032761076719422515 120000
1694833092261 0.03413790329092687 124000
1694833121846 0.037221763424652936 128000
1694833150803 0.04464246896483625 132000
1694833180709 0.04096254847633342 136000
1694833209640 0.031918036793649664 140000
1694833239417 0.03425302895969556 144000
1694833268133 0.02707173653858869 148000
1694833297001 0.023450072430326447 152000
1694833326067 0.03731457299921506 156000
1694833355746 0.03997017922617185 160000
1694833389615 0.034337800420083414 164000
1694833420553 0.03120173494971823 168000
1694833449936 0.032773566471102335 172000
1694833480742 0.03397662920857935 176000
1694833509814 0.03521173032422666 180000
1694833538462 0.04564840222301427 184000
1694833568595 0.03226217222302997 188000
1694833603685 0.03922992815884451 192000
1694833633136 0.04175755140701464 196000
1694833663311 0.03707185459109799 200000
1694833692771 0.03304195399832679 204000
1694833718932 0.030500630121484087 208000
1694833743620 0.05717252254447279 212000
1694833768227 0.053990910089729977 216000
1694833793165 0.05267404793315412 220000
1694833817178 0.03241005216599054 224000
1694833841943 0.06917622275456475 228000
1694833866146 0.06514193385373801 232000
1694833891076 0.048843725384601085 236000
1694833915000 0.04141325179856115 240000
1694833940123 0.06510797330605177 244000
1694833964883 0.0409745708554207 248000
1694833989155 0.04482534400691899 252000
1694834014089 0.042814292088830065 256000
1694834038312 0.03957887489232235 260000
1694834062307 0.06156712488154881 264000
1694834086894 0.07030515157966874 268000
1694834111207 0.0440193539718166 272000
1694834135866 0.04623644436360337 276000
1694834160256 0.04333677251124755 280000
1694834186874 0.03406658048237053 284000
1694834219601 0.04793650922559512 288000
1694834253625 0.03560046622393808 292000
1694834285740 0.053510395819709324 296000
1694834318230 0.04629139716562349 300000
1694834347657 0.07200096064674047 304000
1694834377083 0.03736537620910288 308000
1694834412792 0.05679500564195526 312000
1694834450945 0.05853195554421594 316000
1694834485893 0.05405506088281982 320000
1694834524915 0.04506411508191377 324000
1694834560628 0.04954005715456636 328000
1694834603608 0.03408026502390082 332000
1694834644280 0.03129935014197448 336000
1694834689520 0.035052407580466634 340000
1694834723607 0.03175205777661176 344000
