1694832172962 0.0 4000
1694832209775 0.0 8000
1694832246496 0.0 12000
1694832283089 0.0 16000
1694832317407 0.0 20000
1694832348937 0.0 24000
1694832378770 0.0 28000
1694832408876 0.0 32000
1694832440601 0.0 36000
1694832472002 0.0 40000
1694832507653 0.0 44000
1694832536596 0.0 48000
1694832564255 0.0 52000
1694832596661 0.0 56000
1694832625895 0.0 60000
1694832655134 0.0 64000
1694832683622 0.0 68000
1694832713242 0.0 72000
1694832742143 0.0 76000
1694832770529 0.0 80000
1694832799977 0.0 84000
1694832829506 0.0 88000
1694832858459 0.0 92000
1694832888072 0.0 96000
1694832916603 0.0 100000
1694832946377 0.0 104000
1694832974504 0.0 108000
1694833003593 0.0 112000
1694833032425 0.0 116000
1694833062045 0.0 120000
1694833092119 0.0 124000
1694833121698 0.0 128000
1694833150661 0.0 132000
1694833180566 0.0 136000
1694833209466 0.0 140000
1694833239271 0.0 144000
1694833267968 0.0 148000
1694833296862 0.0 152000
1694833325908 0.0 156000
1694833355596 0.0 160000
1694833389428 0.0 164000
1694833420417 0.0 168000
1694833449790 0.0 172000
1694833480589 0.0 176000
1694833509685 0.0 180000
1694833538328 0.0 184000
1694833568338 0.0 188000
1694833603512 0.0 192000
1694833632975 0.0 196000
1694833663163 0.0 200000
1694833692634 0.0 204000
1694833718802 0.0 208000
1694833743487 0.0 212000
1694833768091 0.0 216000
1694833793038 0.0 220000
1694833817044 0.0 224000
1694833841804 0.0 228000
1694833866011 0.0 232000
1694833890814 0.0 236000
1694833914876 0.0 240000
1694833939994 0.0 244000
1694833964764 0.0 248000
1694833988938 0.0 252000
1694834013956 0.0 256000
1694834038189 0.0 260000
1694834062167 0.0 264000
1694834086762 0.0 268000
1694834111077 0.0 272000
1694834135724 0.0 276000
1694834160130 0.0 280000
1694834186736 0.0 284000
1694834219454 0.0 288000
1694834253286 0.0 292000
1694834285602 0.0 296000
1694834318087 0.0 300000
1694834347517 0.0 304000
1694834376931 0.0 308000
1694834412448 0.0 312000
1694834450600 0.0 316000
1694834485739 0.0 320000
1694834524718 0.0 324000
1694834560401 0.0 328000
1694834603376 0.0 332000
1694834644102 0.0 336000
1694834689269 0.0 340000
1694834723471 0.0 344000
