1694832172960 0.0 4000
1694832209773 0.0 8000
1694832246495 0.0 12000
1694832283087 0.0 16000
1694832317405 0.0 20000
1694832348934 0.0 24000
1694832378769 0.0 28000
1694832408874 0.0 32000
1694832440599 0.01 36000
1694832472001 0.01 40000
1694832507652 0.01 44000
1694832536595 0.01 48000
1694832564253 0.01 52000
1694832596659 0.0 56000
1694832625894 0.0 60000
1694832655133 0.0 64000
1694832683620 0.0 68000
1694832713240 0.0 72000
1694832742141 0.01 76000
1694832770527 0.01 80000
1694832799976 0.01 84000
1694832829504 0.01 88000
1694832858458 0.01 92000
1694832888071 0.01 96000
1694832916600 0.01 100000
1694832946375 0.01 104000
1694832974502 0.01 108000
1694833003592 0.01 112000
1694833032424 0.0 116000
1694833062043 0.0 120000
1694833092118 0.0 124000
1694833121697 0.0 128000
1694833150659 0.0 132000
1694833180565 0.0 136000
1694833209465 0.0 140000
1694833239270 0.0 144000
1694833267967 0.0 148000
1694833296860 0.0 152000
1694833325907 0.0 156000
1694833355595 0.0 160000
1694833389426 0.0 164000
1694833420415 0.01 168000
1694833449789 0.01 172000
1694833480588 0.01 176000
1694833509684 0.01 180000
1694833538326 0.01 184000
1694833568336 0.0 188000
1694833603510 0.0 192000
1694833632973 0.0 196000
1694833663162 0.0 200000
1694833692633 0.01 204000
1694833718800 0.01 208000
1694833743486 0.01 212000
1694833768090 0.01 216000
1694833793037 0.01 220000
1694833817043 0.01 224000
1694833841802 0.01 228000
1694833866009 0.03 232000
1694833890813 0.02 236000
1694833914875 0.02 240000
1694833939992 0.02 244000
1694833964763 0.0 248000
1694833988935 0.0 252000
1694834013955 0.0 256000
1694834038188 0.0 260000
1694834062165 0.0 264000
1694834086761 0.0 268000
1694834111076 0.0 272000
1694834135721 0.0 276000
1694834160129 0.0 280000
1694834186734 0.0 284000
1694834219453 0.0 288000
1694834253284 0.0 292000
1694834285601 0.0 296000
1694834318085 0.0 300000
1694834347516 0.0 304000
1694834376930 0.0 308000
1694834412445 0.0 312000
1694834450597 0.0 316000
1694834485738 0.0 320000
1694834524716 0.0 324000
1694834560399 0.0 328000
1694834603374 0.0 332000
1694834644101 0.0 336000
1694834689267 0.0 340000
1694834723469 0.0 344000
