1694832172963 0.0 4000
1694832209778 0.0 8000
1694832246497 0.0 12000
1694832283092 0.0 16000
1694832317409 0.0 20000
1694832348939 0.0 24000
1694832378772 0.0 28000
1694832408877 0.0 32000
1694832440602 1.0 36000
1694832472004 1.0 40000
1694832507654 1.0 44000
1694832536597 1.0 48000
1694832564256 1.0 52000
1694832596662 0.0 56000
1694832625897 0.0 60000
1694832655136 0.0 64000
1694832683623 0.0 68000
1694832713243 0.0 72000
1694832742145 1.0 76000
1694832770531 1.0 80000
1694832799978 1.0 84000
1694832829508 1.0 88000
1694832858460 1.0 92000
1694832888074 1.0 96000
1694832916605 1.0 100000
1694832946379 1.0 104000
1694832974506 1.0 108000
1694833003595 1.0 112000
1694833032426 0.0 116000
1694833062046 0.0 120000
1694833092120 0.0 124000
1694833121699 0.0 128000
1694833150663 0.0 132000
1694833180568 0.0 136000
1694833209467 0.0 140000
1694833239272 0.0 144000
1694833267969 0.0 148000
1694833296864 0.0 152000
1694833325910 0.0 156000
1694833355597 0.0 160000
1694833389429 0.0 164000
1694833420419 1.0 168000
1694833449792 1.0 172000
1694833480590 1.0 176000
1694833509686 1.0 180000
1694833538330 1.0 184000
1694833568339 0.0 188000
1694833603513 0.0 192000
1694833632977 0.0 196000
1694833663164 0.0 200000
1694833692635 1.0 204000
1694833718803 1.0 208000
1694833743488 1.0 212000
1694833768092 1.0 216000
1694833793039 1.0 220000
1694833817045 1.0 224000
1694833841805 1.0 228000
1694833866012 1.0 232000
1694833890816 1.0 236000
1694833914878 1.0 240000
1694833939995 1.0 244000
1694833964765 0.0 248000
1694833988940 0.0 252000
1694834013957 0.0 256000
1694834038190 0.0 260000
1694834062169 0.0 264000
1694834086763 0.0 268000
1694834111079 0.0 272000
1694834135725 0.0 276000
1694834160131 0.0 280000
1694834186738 0.0 284000
1694834219455 0.0 288000
1694834253288 0.0 292000
1694834285603 0.0 296000
1694834318088 0.0 300000
1694834347518 0.0 304000
1694834376932 0.0 308000
1694834412451 0.0 312000
1694834450603 0.0 316000
1694834485740 0.0 320000
1694834524719 0.0 324000
1694834560403 0.0 328000
1694834603379 0.0 332000
1694834644103 0.0 336000
1694834689271 0.0 340000
1694834723472 0.0 344000
