1694832172980 1.0 4000
1694832209815 1.0 8000
1694832246509 1.0 12000
1694832283106 1.0 16000
1694832317426 1.0 20000
1694832348951 1.0 24000
1694832378784 1.0 28000
1694832408895 1.0 32000
1694832440616 1.0 36000
1694832472020 1.0 40000
1694832507664 1.0 44000
1694832536607 1.0 48000
1694832564268 1.0 52000
1694832596673 1.0 56000
1694832625908 1.0 60000
1694832655151 1.0 64000
1694832683634 1.0 68000
1694832713257 1.0 72000
1694832742161 1.0 76000
1694832770545 1.0 80000
1694832799997 1.0 84000
1694832829519 1.0 88000
1694832858471 1.0 92000
1694832888090 1.0 96000
1694832916619 1.0 100000
1694832946392 1.0 104000
1694832974519 1.0 108000
1694833003606 1.0 112000
1694833032445 1.0 116000
1694833062061 1.0 120000
1694833092130 1.0 124000
1694833121717 1.0 128000
1694833150676 1.0 132000
1694833180578 1.0 136000
1694833209477 1.0 140000
1694833239283 1.0 144000
1694833267979 1.0 148000
1694833296879 1.0 152000
1694833325922 1.0 156000
1694833355608 1.0 160000
1694833389441 1.0 164000
1694833420433 1.0 168000
1694833449810 1.0 172000
1694833480604 1.0 176000
1694833509695 1.0 180000
1694833538340 1.0 184000
1694833568357 1.0 188000
1694833603528 1.0 192000
1694833632990 1.0 196000
1694833663178 1.0 200000
1694833692646 1.0 204000
1694833718813 1.0 208000
1694833743497 1.0 212000
1694833768101 1.0 216000
1694833793048 1.0 220000
1694833817055 1.0 224000
1694833841819 1.0 228000
1694833866023 1.0 232000
1694833890831 1.0 236000
1694833914886 1.0 240000
1694833940004 1.0 244000
1694833964774 1.0 248000
1694833988952 1.0 252000
1694834013972 1.0 256000
1694834038200 1.0 260000
1694834062180 1.0 264000
1694834086776 1.0 268000
1694834111089 1.0 272000
1694834135735 1.0 276000
1694834160147 1.0 280000
1694834186750 1.0 284000
1694834219466 1.0 288000
1694834253325 1.0 292000
1694834285613 1.0 296000
1694834318106 1.0 300000
1694834347536 1.0 304000
1694834376947 1.0 308000
1694834412486 1.0 312000
1694834450640 1.0 316000
1694834485752 1.0 320000
1694834524740 1.0 324000
1694834560415 1.0 328000
1694834603401 1.0 332000
1694834644116 1.0 336000
1694834689293 1.0 340000
1694834723482 1.0 344000
