1694832172968 1.0 4000
1694832209786 1.0 8000
1694832246501 1.0 12000
1694832283097 1.0 16000
1694832317415 1.0 20000
1694832348944 1.0 24000
1694832378775 1.0 28000
1694832408882 1.0 32000
1694832440606 1.0 36000
1694832472008 1.0 40000
1694832507658 1.0 44000
1694832536600 1.0 48000
1694832564260 1.0 52000
1694832596665 1.0 56000
1694832625901 1.0 60000
1694832655139 1.0 64000
1694832683627 1.0 68000
1694832713247 1.0 72000
1694832742150 1.0 76000
1694832770537 1.0 80000
1694832799983 1.0 84000
1694832829512 1.0 88000
1694832858463 1.0 92000
1694832888077 1.0 96000
1694832916611 1.0 100000
1694832946385 1.0 104000
1694832974512 1.0 108000
1694833003598 1.0 112000
1694833032431 1.0 116000
1694833062050 1.0 120000
1694833092123 1.0 124000
1694833121703 1.0 128000
1694833150668 1.0 132000
1694833180571 1.0 136000
1694833209470 1.0 140000
1694833239276 1.0 144000
1694833267973 1.0 148000
1694833296871 1.0 152000
1694833325914 1.0 156000
1694833355601 1.0 160000
1694833389433 1.0 164000
1694833420425 1.0 168000
1694833449797 1.0 172000
1694833480595 1.0 176000
1694833509689 1.0 180000
1694833538333 1.0 184000
1694833568344 1.0 188000
1694833603519 1.0 192000
1694833632982 1.0 196000
1694833663168 1.0 200000
1694833692639 1.0 204000
1694833718806 1.0 208000
1694833743491 1.0 212000
1694833768095 1.0 216000
1694833793042 1.0 220000
1694833817048 1.0 224000
1694833841812 1.0 228000
1694833866016 1.0 232000
1694833890820 1.0 236000
1694833914881 1.0 240000
1694833939998 1.0 244000
1694833964768 1.0 248000
1694833988944 1.0 252000
1694834013961 1.0 256000
1694834038194 1.0 260000
1694834062173 1.0 264000
1694834086768 1.0 268000
1694834111082 1.0 272000
1694834135728 1.0 276000
1694834160135 1.0 280000
1694834186743 1.0 284000
1694834219459 1.0 288000
1694834253297 1.0 292000
1694834285606 1.0 296000
1694834318094 1.0 300000
1694834347522 1.0 304000
1694834376936 1.0 308000
1694834412473 1.0 312000
1694834450626 1.0 316000
1694834485744 1.0 320000
1694834524723 1.0 324000
1694834560407 1.0 328000
1694834603387 1.0 332000
1694834644108 1.0 336000
1694834689277 1.0 340000
1694834723475 1.0 344000
