1694832172977 0.0 4000
1694832209813 0.0 8000
1694832246507 0.0 12000
1694832283105 0.0 16000
1694832317424 0.0 20000
1694832348950 0.0 24000
1694832378781 0.0 28000
1694832408893 0.0 32000
1694832440613 0.0 36000
1694832472018 0.0 40000
1694832507663 0.0 44000
1694832536606 0.0 48000
1694832564265 0.0 52000
1694832596672 0.0 56000
1694832625907 0.0 60000
1694832655149 0.0 64000
1694832683633 0.0 68000
1694832713255 0.0 72000
1694832742160 0.0 76000
1694832770543 0.0 80000
1694832799995 0.0 84000
1694832829518 0.0 88000
1694832858470 0.0 92000
1694832888088 0.0 96000
1694832916617 0.0 100000
1694832946391 0.0 104000
1694832974518 0.0 108000
1694833003604 0.0 112000
1694833032443 0.0 116000
1694833062059 0.0 120000
1694833092129 0.0 124000
1694833121716 0.0 128000
1694833150675 0.0 132000
1694833180577 0.0 136000
1694833209476 0.0 140000
1694833239282 0.0 144000
1694833267978 0.0 148000
1694833296878 0.0 152000
1694833325921 0.0 156000
1694833355607 0.0 160000
1694833389440 0.0 164000
1694833420432 0.0 168000
1694833449809 0.0 172000
1694833480603 0.0 176000
1694833509694 0.0 180000
1694833538339 0.0 184000
1694833568355 0.0 188000
1694833603527 0.0 192000
1694833632989 0.0 196000
1694833663176 0.0 200000
1694833692645 0.0 204000
1694833718812 0.0 208000
1694833743496 0.0 212000
1694833768100 0.0 216000
1694833793047 0.0 220000
1694833817054 0.0 224000
1694833841818 0.0 228000
1694833866022 0.0 232000
1694833890828 0.0 236000
1694833914885 0.0 240000
1694833940003 0.0 244000
1694833964772 0.0 248000
1694833988950 0.0 252000
1694834013971 0.0 256000
1694834038199 0.0 260000
1694834062179 0.0 264000
1694834086775 0.0 268000
1694834111088 0.0 272000
1694834135734 0.0 276000
1694834160145 0.0 280000
1694834186749 0.0 284000
1694834219465 0.0 288000
1694834253323 0.0 292000
1694834285612 0.0 296000
1694834318104 0.0 300000
1694834347534 0.0 304000
1694834376945 0.0 308000
1694834412483 0.0 312000
1694834450638 0.0 316000
1694834485751 0.0 320000
1694834524737 0.0 324000
1694834560414 0.0 328000
1694834603399 0.0 332000
1694834644114 0.0 336000
1694834689291 0.0 340000
1694834723481 0.0 344000
