1694832172965 0.42857142857142855 4000
1694832209781 0.47058823529411764 8000
1694832246498 0.41379310344827586 12000
1694832283094 0.3924050632911392 16000
1694832317411 0.3838383838383838 20000
1694832348941 0.4 24000
1694832378773 0.43 28000
1694832408878 0.4 32000
1694832440603 0.39 36000
1694832472005 0.36 40000
1694832507655 0.31 44000
1694832536598 0.26 48000
1694832564257 0.29 52000
1694832596663 0.33 56000
1694832625898 0.38 60000
1694832655137 0.42 64000
1694832683625 0.42 68000
1694832713244 0.43 72000
1694832742147 0.45 76000
1694832770534 0.46 80000
1694832799979 0.43 84000
1694832829509 0.42 88000
1694832858461 0.38 92000
1694832888075 0.34 96000
1694832916607 0.27 100000
1694832946382 0.25 104000
1694832974508 0.27 108000
1694833003596 0.29 112000
1694833032427 0.31 116000
1694833062047 0.38 120000
1694833092121 0.41 124000
1694833121700 0.44 128000
1694833150665 0.38 132000
1694833180569 0.35 136000
1694833209468 0.29 140000
1694833239273 0.27 144000
1694833267971 0.27 148000
1694833296868 0.28 152000
1694833325911 0.33 156000
1694833355598 0.38 160000
1694833389430 0.43 164000
1694833420421 0.41 168000
1694833449794 0.4 172000
1694833480591 0.37 176000
1694833509687 0.38 180000
1694833538331 0.36 184000
1694833568341 0.37 188000
1694833603515 0.43 192000
1694833632979 0.41 196000
1694833663165 0.42 200000
1694833692637 0.44 204000
1694833718804 0.44 208000
1694833743489 0.42 212000
1694833768093 0.44 216000
1694833793040 0.43 220000
1694833817046 0.4 224000
1694833841807 0.4 228000
1694833866014 0.37 232000
1694833890817 0.37 236000
1694833914879 0.38 240000
1694833939996 0.39 244000
1694833964766 0.42 248000
1694833988941 0.42 252000
1694834013958 0.39 256000
1694834038192 0.38 260000
1694834062170 0.41 264000
1694834086765 0.43 268000
1694834111080 0.4 272000
1694834135726 0.46 276000
1694834160132 0.44 280000
1694834186740 0.41 284000
1694834219457 0.39 288000
1694834253291 0.35 292000
1694834285604 0.31 296000
1694834318089 0.34 300000
1694834347520 0.36 304000
1694834376934 0.41 308000
1694834412454 0.43 312000
1694834450622 0.37 316000
1694834485742 0.38 320000
1694834524720 0.4 324000
1694834560404 0.38 328000
1694834603381 0.42 332000
1694834644105 0.5 336000
1694834689273 0.5 340000
1694834723473 0.5 344000
