1694832172975 0.42857142857142855 4000
1694832209811 0.47058823529411764 8000
1694832246506 0.41379310344827586 12000
1694832283103 0.3924050632911392 16000
1694832317422 0.3838383838383838 20000
1694832348949 0.4 24000
1694832378780 0.43 28000
1694832408891 0.4 32000
1694832440611 0.39 36000
1694832472015 0.36 40000
1694832507662 0.31 44000
1694832536605 0.26 48000
1694832564264 0.29 52000
1694832596671 0.33 56000
1694832625905 0.38 60000
1694832655147 0.42 64000
1694832683632 0.42 68000
1694832713253 0.43 72000
1694832742158 0.45 76000
1694832770542 0.46 80000
1694832799993 0.43 84000
1694832829516 0.42 88000
1694832858468 0.38 92000
1694832888086 0.34 96000
1694832916616 0.27 100000
1694832946390 0.25 104000
1694832974517 0.27 108000
1694833003602 0.29 112000
1694833032441 0.31 116000
1694833062057 0.38 120000
1694833092128 0.41 124000
1694833121713 0.44 128000
1694833150673 0.38 132000
1694833180576 0.35 136000
1694833209475 0.29 140000
1694833239281 0.27 144000
1694833267977 0.27 148000
1694833296877 0.28 152000
1694833325920 0.33 156000
1694833355606 0.38 160000
1694833389438 0.43 164000
1694833420431 0.41 168000
1694833449807 0.4 172000
1694833480601 0.37 176000
1694833509693 0.38 180000
1694833538338 0.36 184000
1694833568353 0.37 188000
1694833603525 0.43 192000
1694833632988 0.41 196000
1694833663175 0.42 200000
1694833692643 0.44 204000
1694833718811 0.44 208000
1694833743495 0.42 212000
1694833768099 0.44 216000
1694833793046 0.43 220000
1694833817053 0.4 224000
1694833841817 0.4 228000
1694833866020 0.37 232000
1694833890826 0.37 236000
1694833914884 0.38 240000
1694833940002 0.39 244000
1694833964771 0.42 248000
1694833988949 0.42 252000
1694834013969 0.39 256000
1694834038198 0.38 260000
1694834062178 0.41 264000
1694834086774 0.43 268000
1694834111087 0.4 272000
1694834135733 0.46 276000
1694834160143 0.44 280000
1694834186748 0.41 284000
1694834219464 0.39 288000
1694834253321 0.35 292000
1694834285611 0.31 296000
1694834318103 0.34 300000
1694834347532 0.36 304000
1694834376942 0.41 308000
1694834412480 0.43 312000
1694834450635 0.37 316000
1694834485750 0.38 320000
1694834524734 0.4 324000
1694834560413 0.38 328000
1694834603397 0.42 332000
1694834644113 0.5 336000
1694834689289 0.5 340000
1694834723480 0.5 344000
