1694832172967 0.0 4000
1694832209784 0.0 8000
1694832246500 0.0 12000
1694832283096 0.0 16000
1694832317413 0.0 20000
1694832348943 0.0 24000
1694832378774 0.0 28000
1694832408880 0.0 32000
1694832440605 0.0 36000
1694832472007 0.0 40000
1694832507657 0.0 44000
1694832536599 0.0 48000
1694832564258 0.0 52000
1694832596664 0.0 56000
1694832625900 0.0 60000
1694832655138 0.0 64000
1694832683626 0.0 68000
1694832713246 0.0 72000
1694832742149 0.0 76000
1694832770535 0.0 80000
1694832799981 0.0 84000
1694832829510 0.0 88000
1694832858462 0.0 92000
1694832888076 0.0 96000
1694832916609 0.0 100000
1694832946384 0.0 104000
1694832974510 0.0 108000
1694833003597 0.0 112000
1694833032429 0.0 116000
1694833062048 0.0 120000
1694833092122 0.0 124000
1694833121702 0.0 128000
1694833150666 0.0 132000
1694833180570 0.0 136000
1694833209469 0.0 140000
1694833239274 0.0 144000
1694833267972 0.0 148000
1694833296870 0.0 152000
1694833325912 0.0 156000
1694833355600 0.0 160000
1694833389432 0.0 164000
1694833420423 0.0 168000
1694833449795 0.0 172000
1694833480593 0.0 176000
1694833509688 0.0 180000
1694833538332 0.0 184000
1694833568342 0.0 188000
1694833603517 0.0 192000
1694833632981 0.0 196000
1694833663167 0.0 200000
1694833692638 0.0 204000
1694833718805 0.0 208000
1694833743490 0.0 212000
1694833768094 0.0 216000
1694833793041 0.0 220000
1694833817047 0.0 224000
1694833841810 0.0 228000
1694833866015 0.0 232000
1694833890819 0.0 236000
1694833914880 0.0 240000
1694833939997 0.0 244000
1694833964767 0.0 248000
1694833988943 0.0 252000
1694834013959 0.0 256000
1694834038193 0.0 260000
1694834062172 0.0 264000
1694834086767 0.0 268000
1694834111081 0.0 272000
1694834135727 0.0 276000
1694834160133 0.0 280000
1694834186741 0.0 284000
1694834219458 0.0 288000
1694834253294 0.0 292000
1694834285605 0.0 296000
1694834318091 0.0 300000
1694834347521 0.0 304000
1694834376935 0.0 308000
1694834412471 0.0 312000
1694834450624 0.0 316000
1694834485743 0.0 320000
1694834524722 0.0 324000
1694834560406 0.0 328000
1694834603384 0.0 332000
1694834644106 0.0 336000
1694834689275 0.0 340000
1694834723474 0.0 344000
