1694832172973 1.0 4000
1694832209809 1.0 8000
1694832246505 1.0 12000
1694832283102 1.0 16000
1694832317421 1.0 20000
1694832348948 1.0 24000
1694832378778 1.0 28000
1694832408889 1.0 32000
1694832440610 1.0 36000
1694832472013 1.0 40000
1694832507661 1.0 44000
1694832536604 1.0 48000
1694832564263 1.0 52000
1694832596669 1.0 56000
1694832625904 1.0 60000
1694832655146 1.0 64000
1694832683631 1.0 68000
1694832713251 1.0 72000
1694832742156 1.0 76000
1694832770540 1.0 80000
1694832799992 1.0 84000
1694832829515 1.0 88000
1694832858467 1.0 92000
1694832888084 1.0 96000
1694832916615 1.0 100000
1694832946389 1.0 104000
1694832974515 1.0 108000
1694833003601 1.0 112000
1694833032438 1.0 116000
1694833062055 1.0 120000
1694833092127 1.0 124000
1694833121711 1.0 128000
1694833150672 1.0 132000
1694833180575 1.0 136000
1694833209474 1.0 140000
1694833239279 1.0 144000
1694833267976 1.0 148000
1694833296876 1.0 152000
1694833325919 1.0 156000
1694833355605 1.0 160000
1694833389437 1.0 164000
1694833420430 1.0 168000
1694833449805 1.0 172000
1694833480600 1.0 176000
1694833509692 1.0 180000
1694833538337 1.0 184000
1694833568350 1.0 188000
1694833603523 1.0 192000
1694833632986 1.0 196000
1694833663173 1.0 200000
1694833692642 1.0 204000
1694833718810 1.0 208000
1694833743494 1.0 212000
1694833768098 1.0 216000
1694833793045 1.0 220000
1694833817052 1.0 224000
1694833841816 1.0 228000
1694833866019 1.0 232000
1694833890824 1.0 236000
1694833914884 1.0 240000
1694833940001 1.0 244000
1694833964771 1.0 248000
1694833988948 1.0 252000
1694834013968 1.0 256000
1694834038197 1.0 260000
1694834062176 1.0 264000
1694834086772 1.0 268000
1694834111086 1.0 272000
1694834135732 1.0 276000
1694834160142 1.0 280000
1694834186747 1.0 284000
1694834219463 1.0 288000
1694834253320 1.0 292000
1694834285610 1.0 296000
1694834318101 1.0 300000
1694834347530 1.0 304000
1694834376940 1.0 308000
1694834412477 1.0 312000
1694834450633 1.0 316000
1694834485748 1.0 320000
1694834524732 1.0 324000
1694834560411 1.0 328000
1694834603395 1.0 332000
1694834644112 1.0 336000
1694834689286 1.0 340000
1694834723479 1.0 344000
