1694832172970 0.21428571428571427 4000
1694832209805 0.29411764705882354 8000
1694832246502 0.3275862068965517 12000
1694832283099 0.34177215189873417 16000
1694832317417 0.31313131313131315 20000
1694832348945 0.29 24000
1694832378776 0.23 28000
1694832408884 0.26 32000
1694832440607 0.27 36000
1694832472010 0.28 40000
1694832507659 0.3 44000
1694832536601 0.33 48000
1694832564261 0.3 52000
1694832596667 0.3 56000
1694832625902 0.32 60000
1694832655141 0.32 64000
1694832683628 0.34 68000
1694832713248 0.35 72000
1694832742152 0.32 76000
1694832770538 0.31 80000
1694832799986 0.32 84000
1694832829513 0.3 88000
1694832858464 0.34 92000
1694832888079 0.37 96000
1694832916612 0.4 100000
1694832946386 0.43 104000
1694832974513 0.46 108000
1694833003599 0.42 112000
1694833032433 0.41 116000
1694833062051 0.35 120000
1694833092125 0.32 124000
1694833121705 0.28 128000
1694833150669 0.37 132000
1694833180572 0.39 136000
1694833209472 0.41 140000
1694833239277 0.47 144000
1694833267974 0.43 148000
1694833296873 0.37 152000
1694833325916 0.36 156000
1694833355602 0.31 160000
1694833389434 0.25 164000
1694833420427 0.27 168000
1694833449799 0.25 172000
1694833480597 0.24 176000
1694833509690 0.25 180000
1694833538335 0.3 184000
1694833568345 0.35 188000
1694833603521 0.32 192000
1694833632984 0.33 196000
1694833663169 0.32 200000
1694833692640 0.27 204000
1694833718807 0.24 208000
1694833743492 0.31 212000
1694833768096 0.34 216000
1694833793043 0.34 220000
1694833817049 0.35 224000
1694833841813 0.33 228000
1694833866017 0.36 232000
1694833890822 0.39 236000
1694833914882 0.42 240000
1694833939999 0.42 244000
1694833964769 0.4 248000
1694833988946 0.39 252000
1694834013963 0.44 256000
1694834038195 0.42 260000
1694834062174 0.41 264000
1694834086770 0.42 268000
1694834111083 0.48 272000
1694834135729 0.45 276000
1694834160137 0.42 280000
1694834186744 0.4 284000
1694834219460 0.39 288000
1694834253316 0.39 292000
1694834285608 0.44 296000
1694834318096 0.42 300000
1694834347524 0.43 304000
1694834376937 0.4 308000
1694834412474 0.37 312000
1694834450629 0.44 316000
1694834485745 0.39 320000
1694834524727 0.4 324000
1694834560409 0.42 328000
1694834603390 0.36 332000
1694834644109 0.3 336000
1694834689279 0.27 340000
1694834723477 0.23 344000
