1694832172971 0.0 4000
1694832209807 0.0 8000
1694832246503 0.0 12000
1694832283100 0.0 16000
1694832317419 0.0 20000
1694832348947 0.0 24000
1694832378777 0.0 28000
1694832408886 0.0 32000
1694832440609 0.0 36000
1694832472011 0.0 40000
1694832507660 0.0 44000
1694832536603 0.0 48000
1694832564262 0.0 52000
1694832596668 0.0 56000
1694832625903 0.0 60000
1694832655144 0.0 64000
1694832683630 0.0 68000
1694832713249 0.0 72000
1694832742154 0.0 76000
1694832770539 0.0 80000
1694832799990 0.0 84000
1694832829514 0.0 88000
1694832858466 0.0 92000
1694832888081 0.0 96000
1694832916613 0.0 100000
1694832946388 0.0 104000
1694832974514 0.0 108000
1694833003600 0.0 112000
1694833032435 0.0 116000
1694833062053 0.0 120000
1694833092126 0.0 124000
1694833121708 0.0 128000
1694833150671 0.0 132000
1694833180574 0.0 136000
1694833209473 0.0 140000
1694833239278 0.0 144000
1694833267975 0.0 148000
1694833296874 0.0 152000
1694833325917 0.0 156000
1694833355603 0.0 160000
1694833389435 0.0 164000
1694833420428 0.0 168000
1694833449802 0.0 172000
1694833480599 0.0 176000
1694833509691 0.0 180000
1694833538336 0.0 184000
1694833568348 0.0 188000
1694833603522 0.0 192000
1694833632985 0.0 196000
1694833663171 0.0 200000
1694833692641 0.0 204000
1694833718808 0.0 208000
1694833743493 0.0 212000
1694833768097 0.0 216000
1694833793044 0.0 220000
1694833817051 0.0 224000
1694833841815 0.0 228000
1694833866018 0.0 232000
1694833890823 0.0 236000
1694833914883 0.0 240000
1694833940000 0.0 244000
1694833964770 0.0 248000
1694833988947 0.0 252000
1694834013965 0.0 256000
1694834038196 0.0 260000
1694834062175 0.0 264000
1694834086771 0.0 268000
1694834111084 0.0 272000
1694834135730 0.0 276000
1694834160139 0.0 280000
1694834186745 0.0 284000
1694834219461 0.0 288000
1694834253318 0.0 292000
1694834285609 0.0 296000
1694834318099 0.0 300000
1694834347527 0.0 304000
1694834376939 0.0 308000
1694834412476 0.0 312000
1694834450631 0.0 316000
1694834485747 0.0 320000
1694834524729 0.0 324000
1694834560410 0.0 328000
1694834603393 0.0 332000
1694834644110 0.0 336000
1694834689283 0.0 340000
1694834723478 0.0 344000
