1694836625644 1.0 4000
1694836654320 1.0 8000
1694836682477 1.0 12000
1694836712362 1.0 16000
1694836741923 1.0 20000
1694836771548 1.0 24000
1694836802356 1.0 28000
1694836832788 1.0 32000
1694836863551 1.0 36000
1694836893416 1.0 40000
1694836927453 1.0 44000
1694836958706 1.0 48000
1694836991051 1.0 52000
1694837024114 1.0 56000
1694837056370 1.0 60000
1694837087349 1.0 64000
1694837118924 1.0 68000
1694837151069 1.0 72000
1694837182805 1.0 76000
1694837215819 1.0 80000
1694837250785 1.0 84000
1694837283014 1.0 88000
1694837314827 1.0 92000
1694837347252 1.0 96000
1694837379364 1.0 100000
1694837410838 1.0 104000
1694837442959 1.0 108000
1694837474620 1.0 112000
1694837506432 1.0 116000
1694837538822 1.0 120000
1694837573609 1.0 124000
1694837606105 1.0 128000
1694837640097 1.0 132000
1694837673091 1.0 136000
1694837705332 1.0 140000
1694837737595 1.0 144000
1694837769477 1.0 148000
1694837802218 1.0 152000
1694837834263 1.0 156000
1694837867768 1.0 160000
1694837905727 1.0 164000
1694837939248 1.0 168000
1694837971588 1.0 172000
1694838004989 1.0 176000
1694838037137 1.0 180000
1694838068318 1.0 184000
1694838099682 1.0 188000
1694838131088 1.0 192000
1694838162438 1.0 196000
1694838193109 1.0 200000
1694838229071 1.0 204000
1694838260342 1.0 208000
1694838291226 1.0 212000
1694838323150 1.0 216000
1694838354720 1.0 220000
1694838386129 1.0 224000
1694838417273 1.0 228000
1694838448097 1.0 232000
1694838480009 1.0 236000
1694838512057 1.0 240000
1694838547590 1.0 244000
1694838580046 1.0 248000
1694838612041 1.0 252000
1694838644186 1.0 256000
1694838675535 1.0 260000
1694838706878 1.0 264000
1694838738663 1.0 268000
1694838771483 1.0 272000
1694838804346 1.0 276000
1694838837768 1.0 280000
1694838875380 1.0 284000
1694838908395 1.0 288000
1694838941295 1.0 292000
1694838973870 1.0 296000
1694839006917 1.0 300000
1694839038696 1.0 304000
1694839070424 1.0 308000
1694839101819 1.0 312000
1694839134830 1.0 316000
1694839166858 1.0 320000
1694839200863 1.0 324000
1694839233471 1.0 328000
1694839264948 1.0 332000
1694839297313 1.0 336000
1694839328506 1.0 340000
1694839359801 1.0 344000
1694839389881 1.0 348000
1694839420910 1.0 352000
1694839452154 1.0 356000
1694839483163 1.0 360000
1694839516440 1.0 364000
1694839548064 1.0 368000
1694839579520 1.0 372000
1694839611763 1.0 376000
1694839642860 1.0 380000
1694839674511 1.0 384000
1694839706827 1.0 388000
1694839739601 1.0 392000
1694839771682 1.0 396000
1694839804206 1.0 400000
1694839840695 1.0 404000
1694839873509 1.0 408000
1694839906249 1.0 412000
1694839938559 1.0 416000
1694839971244 1.0 420000
1694840003186 1.0 424000
1694840035951 1.0 428000
1694840067354 1.0 432000
1694840099724 1.0 436000
1694840133302 1.0 440000
1694840170756 1.0 444000
1694840205121 1.0 448000
1694840237390 1.0 452000
1694840270893 1.0 456000
1694840302858 1.0 460000
1694840335657 1.0 464000
1694840366393 1.0 468000
1694840399610 1.0 472000
1694840430880 1.0 476000
1694840462934 1.0 480000
1694840498130 1.0 484000
1694840530249 1.0 488000
1694840562071 1.0 492000
1694840594171 1.0 496000
1694840627574 1.0 500000
1694840658745 1.0 504000
1694840690285 1.0 508000
1694840720819 1.0 512000
1694840752438 1.0 516000
1694840783711 1.0 520000
1694840820813 1.0 524000
1694840856103 1.0 528000
1694840885201 1.0 532000
1694840912342 1.0 536000
1694840940264 1.0 540000
1694840966420 1.0 544000
1694840993229 1.0 548000
1694841019425 1.0 552000
1694841046059 1.0 556000
1694841073391 1.0 560000
1694841102087 1.0 564000
1694841128440 1.0 568000
1694841154849 1.0 572000
1694841181827 1.0 576000
