1694836625642 1.0 4000
1694836654319 1.0 8000
1694836682475 1.0 12000
1694836712360 1.0 16000
1694836741922 1.0 20000
1694836771547 1.0 24000
1694836802355 1.0 28000
1694836832787 1.0 32000
1694836863550 1.0 36000
1694836893415 1.0 40000
1694836927451 1.0 44000
1694836958704 1.0 48000
1694836991050 1.0 52000
1694837024113 1.0 56000
1694837056368 1.0 60000
1694837087347 1.0 64000
1694837118922 1.0 68000
1694837151068 1.0 72000
1694837182803 1.0 76000
1694837215817 1.0 80000
1694837250783 1.0 84000
1694837283013 1.0 88000
1694837314824 1.0 92000
1694837347249 1.0 96000
1694837379363 1.0 100000
1694837410837 1.0 104000
1694837442957 1.0 108000
1694837474618 1.0 112000
1694837506430 1.0 116000
1694837538821 1.0 120000
1694837573607 1.0 124000
1694837606103 1.0 128000
1694837640095 1.0 132000
1694837673089 1.0 136000
1694837705331 1.0 140000
1694837737594 1.0 144000
1694837769476 1.0 148000
1694837802217 1.0 152000
1694837834261 1.0 156000
1694837867766 1.0 160000
1694837905725 1.0 164000
1694837939246 1.0 168000
1694837971586 1.0 172000
1694838004988 1.0 176000
1694838037136 1.0 180000
1694838068317 1.0 184000
1694838099681 1.0 188000
1694838131086 1.0 192000
1694838162437 1.0 196000
1694838193107 1.0 200000
1694838229070 1.0 204000
1694838260341 1.0 208000
1694838291225 1.0 212000
1694838323148 1.0 216000
1694838354718 1.0 220000
1694838386128 1.0 224000
1694838417272 1.0 228000
1694838448096 1.0 232000
1694838480007 1.0 236000
1694838512056 1.0 240000
1694838547589 1.0 244000
1694838580045 1.0 248000
1694838612040 1.0 252000
1694838644185 1.0 256000
1694838675534 1.0 260000
1694838706877 1.0 264000
1694838738661 1.0 268000
1694838771481 1.0 272000
1694838804344 1.0 276000
1694838837767 1.0 280000
1694838875379 1.0 284000
1694838908394 1.0 288000
1694838941293 1.0 292000
1694838973869 1.0 296000
1694839006916 1.0 300000
1694839038695 1.0 304000
1694839070422 1.0 308000
1694839101818 1.0 312000
1694839134829 1.0 316000
1694839166857 1.0 320000
1694839200861 1.0 324000
1694839233469 1.0 328000
1694839264946 1.0 332000
1694839297311 1.0 336000
1694839328504 1.0 340000
1694839359800 1.0 344000
1694839389879 1.0 348000
1694839420908 1.0 352000
1694839452153 1.0 356000
1694839483161 1.0 360000
1694839516438 1.0 364000
1694839548063 1.0 368000
1694839579519 1.0 372000
1694839611761 1.0 376000
1694839642859 1.0 380000
1694839674510 1.0 384000
1694839706825 1.0 388000
1694839739600 1.0 392000
1694839771681 1.0 396000
1694839804205 1.0 400000
1694839840694 1.0 404000
1694839873508 1.0 408000
1694839906248 1.0 412000
1694839938557 1.0 416000
1694839971243 1.0 420000
1694840003184 1.0 424000
1694840035949 1.0 428000
1694840067348 1.0 432000
1694840099722 1.0 436000
1694840133300 1.0 440000
1694840170754 1.0 444000
1694840205119 1.0 448000
1694840237389 1.0 452000
1694840270891 1.0 456000
1694840302856 1.0 460000
1694840335655 1.0 464000
1694840366391 1.0 468000
1694840399609 1.0 472000
1694840430878 1.0 476000
1694840462931 1.0 480000
1694840498129 1.0 484000
1694840530247 1.0 488000
1694840562070 1.0 492000
1694840594170 1.0 496000
1694840627572 1.0 500000
1694840658744 1.0 504000
1694840690284 1.0 508000
1694840720818 1.0 512000
1694840752436 1.0 516000
1694840783710 1.0 520000
1694840820812 1.0 524000
1694840856101 1.0 528000
1694840885199 1.0 532000
1694840912340 1.0 536000
1694840940263 1.0 540000
1694840966418 1.0 544000
1694840993228 1.0 548000
1694841019424 1.0 552000
1694841046057 1.0 556000
1694841073390 1.0 560000
1694841102086 1.0 564000
1694841128439 1.0 568000
1694841154848 1.0 572000
1694841181826 1.0 576000
