1694836624997 0.0 4000
1694836654001 0.0 8000
1694836682110 0.0 12000
1694836711760 0.0 16000
1694836741584 0.0 20000
1694836770860 0.0 24000
1694836801980 0.0 28000
1694836832219 0.0 32000
1694836863184 0.0 36000
1694836893048 0.0 40000
1694836927064 0.0 44000
1694836958348 0.0 48000
1694836990650 0.0 52000
1694837023695 0.0 56000
1694837056008 0.0 60000
1694837086983 0.0 64000
1694837118521 0.0 68000
1694837150695 0.0 72000
1694837182415 0.0 76000
1694837215417 0.0 80000
1694837250138 0.0 84000
1694837282616 0.0 88000
1694837314424 0.0 92000
1694837346869 0.0 96000
1694837378965 0.0 100000
1694837410460 0.0 104000
1694837442570 0.0 108000
1694837474221 0.0 112000
1694837506053 0.0 116000
1694837538454 0.0 120000
1694837573214 0.0 124000
1694837605717 0.0 128000
1694837639663 0.0 132000
1694837672443 0.0 136000
1694837704952 0.0 140000
1694837737175 0.0 144000
1694837769087 0.0 148000
1694837801822 0.0 152000
1694837833868 0.0 156000
1694837867391 0.0 160000
1694837905326 0.0 164000
1694837938713 0.0 168000
1694837970947 0.0 172000
1694838004659 0.0 176000
1694838036801 0.0 180000
1694838067979 0.0 184000
1694838099350 0.0 188000
1694838130711 0.0 192000
1694838162128 0.0 196000
1694838192783 0.0 200000
1694838228710 0.0 204000
1694838260029 0.0 208000
1694838290831 0.0 212000
1694838322785 0.0 216000
1694838354385 0.0 220000
1694838385819 0.0 224000
1694838416938 0.0 228000
1694838447762 0.0 232000
1694838479689 0.0 236000
1694838511476 0.0 240000
1694838547216 0.0 244000
1694838579719 0.0 248000
1694838611724 0.0 252000
1694838643866 0.0 256000
1694838675213 0.0 260000
1694838706492 0.0 264000
1694838738344 0.0 268000
1694838771155 0.0 272000
1694838803985 0.0 276000
1694838837379 0.0 280000
1694838874987 0.0 284000
1694838907990 0.0 288000
1694838940944 0.0 292000
1694838973525 0.0 296000
1694839006589 0.0 300000
1694839038317 0.0 304000
1694839070097 0.0 308000
1694839101490 0.0 312000
1694839134503 0.0 316000
1694839166542 0.0 320000
1694839200529 0.0 324000
1694839232831 0.0 328000
1694839264623 0.0 332000
1694839296991 0.0 336000
1694839328169 0.0 340000
1694839359494 0.0 344000
1694839389567 0.0 348000
1694839420536 0.0 352000
1694839451824 0.0 356000
1694839482802 0.0 360000
1694839516048 0.0 364000
1694839547744 0.0 368000
1694839579203 0.0 372000
1694839611451 0.0 376000
1694839642539 0.0 380000
1694839674158 0.0 384000
1694839706507 0.0 388000
1694839739261 0.0 392000
1694839771072 0.0 396000
1694839803879 0.0 400000
1694839840320 0.0 404000
1694839873202 0.0 408000
1694839905907 0.0 412000
1694839938183 0.0 416000
1694839970899 0.0 420000
1694840002862 0.0 424000
1694840035592 0.0 428000
1694840066981 0.0 432000
1694840099363 0.0 436000
1694840132638 0.0 440000
1694840170396 0.0 444000
1694840204793 0.0 448000
1694840237060 0.0 452000
1694840270516 0.0 456000
1694840302543 0.0 460000
1694840335316 0.0 464000
1694840366067 0.0 468000
1694840399295 0.0 472000
1694840430294 0.0 476000
1694840462565 0.0 480000
1694840497778 0.0 484000
1694840529890 0.0 488000
1694840561739 0.0 492000
1694840593785 0.0 496000
1694840627251 0.0 500000
1694840658412 0.0 504000
1694840689965 0.0 508000
1694840720499 0.0 512000
1694840752113 0.0 516000
1694840783378 0.0 520000
1694840820451 0.0 524000
1694840855769 0.0 528000
1694840884909 0.0 532000
1694840911757 0.0 536000
1694840939955 0.0 540000
1694840966090 0.0 544000
1694840992942 0.0 548000
1694841019122 0.0 552000
1694841045754 0.0 556000
1694841073079 0.0 560000
1694841101773 0.0 564000
1694841128078 0.0 568000
1694841154559 0.0 572000
1694841181389 0.0 576000
