1694836624994 0.5928193244553565 4000
1694836653998 0.558095622190795 8000
1694836682105 0.5280395833969957 12000
1694836711755 0.5034624670104146 16000
1694836741581 0.481901414311854 20000
1694836770854 0.4500412340054645 24000
1694836801978 0.42932346362894447 28000
1694836832199 0.41941737055088935 32000
1694836863180 0.4141766849032437 36000
1694836893046 0.40799809671717696 40000
1694836927061 0.4049918794161113 44000
1694836958343 0.3998608899403198 48000
1694836990647 0.398893791371237 52000
1694837023690 0.39818733506155085 56000
1694837056005 0.3984474028957186 60000
1694837086980 0.3991387845673087 64000
1694837118516 0.39654053039208326 68000
1694837150690 0.3969754980901313 72000
1694837182413 0.3947742762392892 76000
1694837215414 0.3940539326601932 80000
1694837250135 0.3946718929006224 84000
1694837282613 0.3962523128152076 88000
1694837314422 0.39636979180678095 92000
1694837346867 0.39745223711030925 96000
1694837378963 0.3955145936187817 100000
1694837410457 0.3953252079684884 104000
1694837442568 0.39450405586773135 108000
1694837474216 0.3954509223545399 112000
1694837506049 0.3933427467022759 116000
1694837538449 0.39241668140597313 120000
1694837573210 0.39121447729492764 124000
1694837605714 0.3920919701510105 128000
1694837639659 0.39210224202773014 132000
1694837672439 0.3929354752701551 136000
1694837704948 0.39343013630460427 140000
1694837737170 0.39288340130568905 144000
1694837769083 0.3930911159806555 148000
1694837801819 0.3923961544621811 152000
1694837833864 0.391468773674813 156000
1694837867388 0.3931174975236471 160000
1694837905324 0.3927945687812779 164000
1694837938710 0.3928579189009332 168000
1694837970943 0.3939032859362973 172000
1694838004656 0.3930667973045121 176000
1694838036799 0.39361575445509317 180000
1694838067977 0.3937527450467402 184000
1694838099347 0.39254753017511634 188000
1694838130707 0.39165675619329476 192000
1694838162126 0.3906403024174932 196000
1694838192781 0.3907777349531123 200000
1694838228706 0.39080672822116197 204000
1694838260026 0.39130973104511546 208000
1694838290827 0.3895514116659482 212000
1694838322783 0.39043194219620775 216000
1694838354383 0.39055263935376916 220000
1694838385816 0.39071684315346433 224000
1694838416936 0.38990653692972854 228000
1694838447759 0.3899452547827424 232000
1694838479687 0.3897239986290122 236000
1694838511473 0.3900491711715186 240000
1694838547213 0.3914301999332895 244000
1694838579716 0.39083371258846794 248000
1694838611721 0.3913393336988971 252000
1694838643861 0.3910368252996368 256000
1694838675210 0.39142354597277756 260000
1694838706489 0.3908020998616975 264000
1694838738342 0.39023962884600494 268000
1694838771150 0.3896458616791142 272000
1694838803982 0.39176264356948143 276000
1694838837375 0.39013942973494214 280000
1694838874984 0.3903981611495632 284000
1694838907988 0.38939914334135084 288000
1694838940940 0.3910205399709459 292000
1694838973522 0.3907594809825455 296000
1694839006586 0.3907232140644216 300000
1694839038313 0.3920879306389087 304000
1694839070094 0.3894388014436565 308000
1694839101488 0.38934158534200614 312000
1694839134501 0.3909823466039889 316000
1694839166540 0.3898923538752899 320000
1694839200526 0.39083745810291726 324000
1694839232826 0.3899598349381856 328000
1694839264618 0.3915675894481177 332000
1694839296988 0.3911530577016114 336000
1694839328166 0.3907394422683644 340000
1694839359490 0.39138972432722396 344000
1694839389561 0.3914363395518041 348000
1694839420534 0.39131484435876995 352000
1694839451818 0.3904536809013003 356000
1694839482799 0.3903356901414078 360000
1694839516046 0.3897516767740054 364000
1694839547739 0.39049710719978115 368000
1694839579200 0.3896400270795217 372000
1694839611448 0.38889791247684957 376000
1694839642536 0.38941260218170226 380000
1694839674155 0.38914682509117826 384000
1694839706504 0.38845678392241517 388000
1694839739259 0.3887475805909757 392000
1694839771069 0.3894980011914989 396000
1694839803876 0.38894111050633157 400000
1694839840315 0.3902524019121416 404000
1694839873199 0.3899777786675798 408000
1694839905904 0.39071144072431574 412000
1694839938178 0.3905489804623161 416000
1694839970896 0.390055627089968 420000
1694840002859 0.39031205539798014 424000
1694840035590 0.3899798425479984 428000
1694840066978 0.38922011051456806 432000
1694840099361 0.3905782608229723 436000
1694840132635 0.38955347511199995 440000
1694840170393 0.39177982552532475 444000
1694840204790 0.38934083802619296 448000
1694840237057 0.3913006612313951 452000
1694840270513 0.39121752958063993 456000
1694840302539 0.39000094581313466 460000
1694840335313 0.3904186718557017 464000
1694840366065 0.3912974602531623 468000
1694840399291 0.3906455705200728 472000
1694840430291 0.3907621980096644 476000
1694840462563 0.3907829335304994 480000
1694840497774 0.39066032599050854 484000
1694840529885 0.3920423708128926 488000
1694840561735 0.3899429579304267 492000
1694840593781 0.3917171619812462 496000
1694840627248 0.3915156487992108 500000
1694840658409 0.3916795908526355 504000
1694840689962 0.38979295167257216 508000
1694840720496 0.39018612037457145 512000
1694840752109 0.3901958699504684 516000
1694840783376 0.39014889362072613 520000
1694840820448 0.39257711045317173 524000
1694840855767 0.38872640499022615 528000
1694840884906 0.39016502049538526 532000
1694840911754 0.38965832744302403 536000
1694840939951 0.3898955683112126 540000
1694840966086 0.3884073049780513 544000
1694840992940 0.3896728820580709 548000
1694841019120 0.3893773686324658 552000
1694841045752 0.38939535966736427 556000
1694841073076 0.390447310814525 560000
1694841101771 0.38920053735868543 564000
1694841128075 0.3881738797096327 568000
1694841154557 0.38830956775887693 572000
1694841181383 0.3878053017160027 576000
