1694836624992 8.4284874467382 4000
1694836653997 8.10199900536176 8000
1694836682102 7.868129850075672 12000
1694836711753 7.737866398042743 16000
1694836741580 7.652913026351236 20000
1694836770853 7.4659273866962135 24000
1694836801977 7.37650495432369 28000
1694836832196 7.343695296836955 32000
1694836863178 7.313144747933205 36000
1694836893045 7.289066763092299 40000
1694836927060 7.283707186282788 44000
1694836958341 7.291596271306672 48000
1694836990646 7.30027736336522 52000
1694837023688 7.323372131341986 56000
1694837056004 7.341711366553711 60000
1694837086979 7.348917471857074 64000
1694837118514 7.354439611480648 68000
1694837150688 7.349967167944226 72000
1694837182411 7.3360516924837205 76000
1694837215413 7.332908327420716 80000
1694837250134 7.34054069912057 84000
1694837282612 7.357179416293374 88000
1694837314420 7.369476618059473 92000
1694837346865 7.375705733636501 96000
1694837378962 7.36710425899593 100000
1694837410455 7.357065458942023 104000
1694837442566 7.347087843618649 108000
1694837474213 7.3463326916600655 112000
1694837506046 7.339376786048058 116000
1694837538447 7.339416570074004 120000
1694837573209 7.343023526238728 124000
1694837605713 7.355309011509795 128000
1694837639656 7.3753986280329284 132000
1694837672438 7.394223597718651 136000
1694837704946 7.3929808354901345 140000
1694837737168 7.396107482175987 144000
1694837769082 7.393469966555347 148000
1694837801817 7.385452575839651 152000
1694837833861 7.383552198874047 156000
1694837867387 7.380546988269527 160000
1694837905322 7.390223378183171 164000
1694837938709 7.4071279384790705 168000
1694837970941 7.4101422724562305 172000
1694838004654 7.416873566527838 176000
1694838036798 7.427977750176626 180000
1694838067976 7.424394468445269 184000
1694838099345 7.423502744607233 188000
1694838130705 7.411470156386794 192000
1694838162124 7.408400857620491 196000
1694838192780 7.39914855776473 200000
1694838228704 7.3983884452090765 204000
1694838260025 7.404036714527467 208000
1694838290824 7.396699887828979 212000
1694838322781 7.401596858344753 216000
1694838354381 7.406516224178144 220000
1694838385814 7.401110895679522 224000
1694838416934 7.3955927616743296 228000
1694838447757 7.387968558659111 232000
1694838479686 7.399565811647909 236000
1694838511471 7.405130815604166 240000
1694838547211 7.4191925946965895 244000
1694838579714 7.420026746366674 248000
1694838611720 7.4226291419384856 252000
1694838643857 7.416885508168689 256000
1694838675209 7.412773044154726 260000
1694838706488 7.414656174638873 264000
1694838738341 7.407025489462753 268000
1694838771148 7.413650894238151 272000
1694838803980 7.411886814711406 276000
1694838837373 7.414244583395291 280000
1694838874983 7.419768401067024 284000
1694838907986 7.43169248109624 288000
1694838940939 7.439423394173247 292000
1694838973520 7.443760380721101 296000
1694839006584 7.452642955622389 300000
1694839038311 7.444902266346552 304000
1694839070093 7.43988749494256 308000
1694839101487 7.42854357865226 312000
1694839134499 7.434291905087198 316000
1694839166538 7.440448306865164 320000
1694839200524 7.452343318662867 324000
1694839232824 7.447078798482489 328000
1694839264615 7.440231977917578 332000
1694839296986 7.448152087844559 336000
1694839328165 7.44419127222299 340000
1694839359488 7.446844644492905 344000
1694839389560 7.441072463459924 348000
1694839420532 7.423570209156635 352000
1694839451816 7.430496348597423 356000
1694839482798 7.426251025721415 360000
1694839516044 7.429179865420954 364000
1694839547736 7.419490762737707 368000
1694839579199 7.42357968868016 372000
1694839611445 7.4289792557923935 376000
1694839642534 7.431714290012314 380000
1694839674154 7.428731135837415 384000
1694839706503 7.431535247950052 388000
1694839739258 7.432598018163699 392000
1694839771068 7.436873200185817 396000
1694839803873 7.434260661317491 400000
1694839840313 7.448249543589085 404000
1694839873196 7.445330584599079 408000
1694839905903 7.439472876334788 412000
1694839938175 7.438581984875093 416000
1694839970895 7.445302075210685 420000
1694840002858 7.450164346172496 424000
1694840035588 7.440330608745155 428000
1694840066975 7.446828819779107 432000
1694840099360 7.444009468856679 436000
1694840132634 7.453381001159566 440000
1694840170392 7.455337570617016 444000
1694840204789 7.467447840692469 448000
1694840237056 7.4684122281451435 452000
1694840270512 7.471151020586648 456000
1694840302537 7.468368872671189 460000
1694840335312 7.462477296270549 464000
1694840366063 7.475744953429142 468000
1694840399290 7.466857957370366 472000
1694840430290 7.468423546964171 476000
1694840462561 7.4663841548230705 480000
1694840497773 7.462623798247808 484000
1694840529883 7.4723166369115965 488000
1694840561733 7.472953085725704 492000
1694840593778 7.4741801815849875 496000
1694840627246 7.454871499565865 500000
1694840658407 7.454427035509581 504000
1694840689960 7.45851535783552 508000
1694840720494 7.469229888931144 512000
1694840752107 7.451780267550865 516000
1694840783374 7.446452948292543 520000
1694840820446 7.458495911120332 524000
1694840855765 7.479360610405796 528000
1694840884905 7.468891903666075 532000
1694840911753 7.464704178830991 536000
1694840939949 7.47936096783444 540000
1694840966085 7.4824498882473565 544000
1694840992938 7.467950890847224 548000
1694841019119 7.453028315425827 552000
1694841045751 7.4482675200837845 556000
1694841073075 7.452222673028236 560000
1694841101770 7.435269210707949 564000
1694841128073 7.422275417273513 568000
1694841154556 7.426321889248868 572000
1694841181380 7.42531025826673 576000
