1694836624996 0.5438191535962391 4000
1694836654000 0.5503404197882802 8000
1694836682107 0.5433516510713509 12000
1694836711757 0.536077328008534 16000
1694836741582 0.5316201285709692 20000
1694836770857 0.5240773289646643 24000
1694836801979 0.5157351419019506 28000
1694836832201 0.5102832904922727 32000
1694836863182 0.5064423920481627 36000
1694836893047 0.5040495663973686 40000
1694836927063 0.5033824140074766 44000
1694836958346 0.5029463832321084 48000
1694836990649 0.5032530257166714 52000
1694837023693 0.5042720415639617 56000
1694837056006 0.5058495134624414 60000
1694837086981 0.506247156772481 64000
1694837118518 0.50686633344812 68000
1694837150693 0.5063035770645964 72000
1694837182414 0.5055729420159952 76000
1694837215415 0.5053324588834951 80000
1694837250137 0.5062547501571062 84000
1694837282615 0.5071288585021412 88000
1694837314423 0.5084625173956381 92000
1694837346868 0.5085612222642905 96000
1694837378964 0.5090545868702455 100000
1694837410458 0.5076050384265013 104000
1694837442569 0.5073101736435286 108000
1694837474219 0.5069046652181134 112000
1694837506051 0.5078333832022619 116000
1694837538452 0.5088513774831823 120000
1694837573212 0.5100914750220766 124000
1694837605715 0.5106705881648315 128000
1694837639661 0.5119390675084398 132000
1694837672441 0.5124197184895412 136000
1694837704950 0.51263989938361 140000
1694837737173 0.5127019943840011 144000
1694837769084 0.513006993757914 148000
1694837801820 0.5122678249991419 152000
1694837833866 0.5127537036765911 156000
1694837867390 0.5115851716250904 160000
1694837905325 0.511231372384691 164000
1694837938712 0.5128941010599334 168000
1694837970945 0.5133601921015649 172000
1694838004657 0.5134596017415336 176000
1694838036800 0.5143605272183281 180000
1694838067978 0.514340637616504 184000
1694838099349 0.5146972815692531 188000
1694838130709 0.5140268421505795 192000
1694838162127 0.5143079059027985 196000
1694838192782 0.5134765202315268 200000
1694838228708 0.5124680058953287 204000
1694838260028 0.5133246808422454 208000
1694838290829 0.5147208696343728 212000
1694838322784 0.5148033567317152 216000
1694838354384 0.5149339864299229 220000
1694838385817 0.5145966788235776 224000
1694838416937 0.5142820439158962 228000
1694838447761 0.5138085158929078 232000
1694838479688 0.5144724999548249 236000
1694838511474 0.5145249370728328 240000
1694838547215 0.515051670832395 244000
1694838579717 0.5156002758652538 248000
1694838611722 0.5154640014368617 252000
1694838643864 0.5154685553271188 256000
1694838675211 0.5155766054661064 260000
1694838706490 0.5159836247522415 264000
1694838738343 0.5155508766267652 268000
1694838771153 0.5159888899025986 272000
1694838803983 0.5161174940576898 276000
1694838837377 0.5163396217583194 280000
1694838874986 0.5165288606393122 284000
1694838907989 0.5172756322386405 288000
1694838940942 0.5168745690417963 292000
1694838973523 0.5176866828782836 296000
1694839006587 0.5178381532776264 300000
1694839038315 0.5167690398798673 304000
1694839070096 0.5169837166204813 308000
1694839101489 0.5168505481562206 312000
1694839134502 0.5172258195822451 316000
1694839166541 0.5173984908850352 320000
1694839200528 0.5180150046121258 324000
1694839232829 0.518493718741373 328000
1694839264620 0.5172216150515472 332000
1694839296989 0.5180468380499489 336000
1694839328167 0.518113450457781 340000
1694839359492 0.5181206384054655 344000
1694839389564 0.5182079312499522 348000
1694839420535 0.5170489025795697 352000
1694839451822 0.5182057477520801 356000
1694839482801 0.5183693947932796 360000
1694839516047 0.5179552299505887 364000
1694839547742 0.5174505935107281 368000
1694839579201 0.5179624841239419 372000
1694839611450 0.5178824613632236 376000
1694839642538 0.5184269523070411 380000
1694839674157 0.5187479985248388 384000
1694839706505 0.5189855191319483 388000
1694839739260 0.5188800702392137 392000
1694839771071 0.5194674238426437 396000
1694839803878 0.5200891327413785 400000
1694839840317 0.5206467523579378 404000
1694839873201 0.5199459809348911 408000
1694839905905 0.5206468961499708 412000
1694839938181 0.5213807523552645 416000
1694839970898 0.5210866976024507 420000
1694840002861 0.5209518657182343 424000
1694840035591 0.5201754906824074 428000
1694840066980 0.5212673838687504 432000
1694840099362 0.5203441055387272 436000
1694840132637 0.5209986868128121 440000
1694840170395 0.5211836340327928 444000
1694840204791 0.5213478324874282 448000
1694840237059 0.5220215543589447 452000
1694840270515 0.5217324295244522 456000
1694840302541 0.5219439602264607 460000
1694840335314 0.5224886835058625 464000
1694840366066 0.5214378828616953 468000
1694840399293 0.5227962198101296 472000
1694840430293 0.5221617045734166 476000
1694840462564 0.5225113091546207 480000
1694840497776 0.5220690288903591 484000
1694840529888 0.5221252274657802 488000
1694840561738 0.522159453477518 492000
1694840593783 0.5232225190252899 496000
1694840627249 0.5226667995934112 500000
1694840658410 0.5223332522697814 504000
1694840689963 0.5218060755515983 508000
1694840720498 0.5226219894619691 512000
1694840752111 0.5224894532070066 516000
1694840783377 0.522959591762666 520000
1694840820449 0.5233748614432234 524000
1694840855768 0.5238438162768999 528000
1694840884907 0.5226003845161237 532000
1694840911756 0.5228104562536544 536000
1694840939953 0.5235248994735254 540000
1694840966088 0.5235457826442124 544000
1694840992941 0.5226530839886944 548000
1694841019121 0.5224784397507238 552000
1694841045753 0.5226086578779358 556000
1694841073078 0.522319326737374 560000
1694841101772 0.5220682185994939 564000
1694841128077 0.5216286189844304 568000
1694841154558 0.5219377426902215 572000
1694841181385 0.5204883661597591 576000
