1694832173315 1.0 4000
1694832210159 1.0 8000
1694832246693 1.0 12000
1694832283329 1.0 16000
1694832317607 1.0 20000
1694832349103 1.0 24000
1694832378984 1.0 28000
1694832409059 1.0 32000
1694832440809 1.0 36000
1694832472217 1.0 40000
1694832507802 1.0 44000
1694832536752 1.0 48000
1694832564420 1.0 52000
1694832596811 1.0 56000
1694832626052 1.0 60000
1694832655286 1.0 64000
1694832683769 1.0 68000
1694832713392 1.0 72000
1694832742297 1.0 76000
1694832770685 1.0 80000
1694832800162 1.0 84000
1694832829661 1.0 88000
1694832858613 1.0 92000
1694832888232 1.0 96000
1694832916765 1.0 100000
1694832946539 1.0 104000
1694832974656 1.0 108000
1694833003752 1.0 112000
1694833032609 1.0 116000
1694833062214 1.0 120000
1694833092277 1.0 124000
1694833121864 1.0 128000
1694833150820 1.0 132000
1694833180726 1.0 136000
1694833209712 1.0 140000
1694833239434 1.0 144000
1694833268153 1.0 148000
1694833297017 1.0 152000
1694833326086 1.0 156000
1694833355767 1.0 160000
1694833389635 1.0 164000
1694833420578 1.0 168000
1694833449956 1.0 172000
1694833480769 1.0 176000
1694833509837 1.0 180000
1694833538479 1.0 184000
1694833568628 1.0 188000
1694833603707 1.0 192000
1694833633153 1.0 196000
1694833663336 1.0 200000
1694833692794 1.0 204000
1694833718947 1.0 208000
1694833743643 1.0 212000
1694833768244 1.0 216000
1694833793185 1.0 220000
1694833817198 1.0 224000
1694833841961 1.0 228000
1694833866161 1.0 232000
1694833891115 1.0 236000
1694833915017 1.0 240000
1694833940147 1.0 244000
1694833964899 1.0 248000
1694833989172 1.0 252000
1694834014104 1.0 256000
1694834038327 1.0 260000
1694834062329 1.0 264000
1694834086908 1.0 268000
1694834111221 1.0 272000
1694834135886 1.0 276000
1694834160273 1.0 280000
1694834186900 1.0 284000
1694834219619 1.0 288000
1694834253674 1.0 292000
1694834285762 1.0 296000
1694834318247 1.0 300000
1694834347673 1.0 304000
1694834377101 1.0 308000
1694834412838 1.0 312000
1694834450993 1.0 316000
1694834485915 1.0 320000
1694834524940 1.0 324000
1694834560652 1.0 328000
1694834603638 1.0 332000
1694834644308 1.0 336000
1694834689556 1.0 340000
1694834723627 1.0 344000
