1694832173313 1.0 4000
1694832210157 1.0 8000
1694832246691 1.0 12000
1694832283326 1.0 16000
1694832317606 1.0 20000
1694832349102 1.0 24000
1694832378981 1.0 28000
1694832409058 1.0 32000
1694832440808 1.0 36000
1694832472214 1.0 40000
1694832507801 1.0 44000
1694832536751 1.0 48000
1694832564417 1.0 52000
1694832596810 1.0 56000
1694832626051 1.0 60000
1694832655285 1.0 64000
1694832683767 1.0 68000
1694832713390 1.0 72000
1694832742295 1.0 76000
1694832770684 1.0 80000
1694832800161 1.0 84000
1694832829659 1.0 88000
1694832858612 1.0 92000
1694832888230 1.0 96000
1694832916764 1.0 100000
1694832946537 1.0 104000
1694832974655 1.0 108000
1694833003751 1.0 112000
1694833032608 1.0 116000
1694833062213 1.0 120000
1694833092276 1.0 124000
1694833121863 1.0 128000
1694833150819 1.0 132000
1694833180725 1.0 136000
1694833209710 1.0 140000
1694833239432 1.0 144000
1694833268151 1.0 148000
1694833297016 1.0 152000
1694833326085 1.0 156000
1694833355766 1.0 160000
1694833389634 1.0 164000
1694833420577 1.0 168000
1694833449953 1.0 172000
1694833480767 1.0 176000
1694833509836 1.0 180000
1694833538477 1.0 184000
1694833568626 1.0 188000
1694833603706 1.0 192000
1694833633152 1.0 196000
1694833663335 1.0 200000
1694833692793 1.0 204000
1694833718946 1.0 208000
1694833743642 1.0 212000
1694833768243 1.0 216000
1694833793183 1.0 220000
1694833817197 1.0 224000
1694833841959 1.0 228000
1694833866159 1.0 232000
1694833891113 1.0 236000
1694833915015 1.0 240000
1694833940146 1.0 244000
1694833964898 1.0 248000
1694833989171 1.0 252000
1694834014102 1.0 256000
1694834038325 1.0 260000
1694834062327 1.0 264000
1694834086907 1.0 268000
1694834111220 1.0 272000
1694834135885 1.0 276000
1694834160271 1.0 280000
1694834186899 1.0 284000
1694834219618 1.0 288000
1694834253672 1.0 292000
1694834285761 1.0 296000
1694834318245 1.0 300000
1694834347672 1.0 304000
1694834377100 1.0 308000
1694834412837 1.0 312000
1694834450990 1.0 316000
1694834485914 1.0 320000
1694834524938 1.0 324000
1694834560650 1.0 328000
1694834603635 1.0 332000
1694834644306 1.0 336000
1694834689553 1.0 340000
1694834723626 1.0 344000
