1694832173317 0.9 4000
1694832210161 0.9 8000
1694832246694 0.9 12000
1694832283331 0.9 16000
1694832317608 0.9 20000
1694832349104 0.9 24000
1694832378986 0.9 28000
1694832409060 0.9 32000
1694832440811 0.9 36000
1694832472219 0.9 40000
1694832507803 0.9 44000
1694832536753 0.9 48000
1694832564423 0.9 52000
1694832596813 0.9 56000
1694832626053 0.9 60000
1694832655287 0.9 64000
1694832683770 0.9 68000
1694832713394 0.9 72000
1694832742300 0.9 76000
1694832770687 0.9 80000
1694832800164 0.9 84000
1694832829662 0.9 88000
1694832858614 0.9 92000
1694832888234 0.9 96000
1694832916766 0.9 100000
1694832946542 0.9 104000
1694832974657 0.9 108000
1694833003753 0.9 112000
1694833032610 0.9 116000
1694833062215 0.9 120000
1694833092278 0.9 124000
1694833121865 0.9 128000
1694833150821 0.9 132000
1694833180727 0.9 136000
1694833209714 0.9 140000
1694833239435 0.9 144000
1694833268154 0.9 148000
1694833297019 0.9 152000
1694833326087 0.9 156000
1694833355769 0.9 160000
1694833389636 0.9 164000
1694833420579 0.9 168000
1694833449959 0.9 172000
1694833480771 0.9 176000
1694833509838 0.9 180000
1694833538480 0.9 184000
1694833568630 0.9 188000
1694833603708 0.9 192000
1694833633154 0.9 196000
1694833663338 0.9 200000
1694833692795 0.9 204000
1694833718949 0.9 208000
1694833743644 0.9 212000
1694833768245 0.9 216000
1694833793186 0.9 220000
1694833817199 0.9 224000
1694833841963 0.9 228000
1694833866163 0.9 232000
1694833891116 0.9 236000
1694833915018 0.9 240000
1694833940149 0.9 244000
1694833964900 0.9 248000
1694833989173 0.9 252000
1694834014105 0.9 256000
1694834038329 0.9 260000
1694834062330 0.9 264000
1694834086909 0.9 268000
1694834111223 0.9 272000
1694834135887 0.9 276000
1694834160275 0.9 280000
1694834186902 0.9 284000
1694834219620 0.9 288000
1694834253676 0.9 292000
1694834285763 0.9 296000
1694834318248 0.9 300000
1694834347674 0.9 304000
1694834377103 0.9 308000
1694834412840 0.9 312000
1694834450996 0.9 316000
1694834485917 0.9 320000
1694834524942 0.9 324000
1694834560653 0.9 328000
1694834603641 0.9 332000
1694834644310 0.9 336000
1694834689559 0.9 340000
1694834723628 0.9 344000
