1694832173070 1.0 4000
1694832209913 1.0 8000
1694832246558 1.0 12000
1694832283170 1.0 16000
1694832317478 1.0 20000
1694832348995 1.0 24000
1694832378832 1.0 28000
1694832408940 1.0 32000
1694832440674 1.0 36000
1694832472079 1.0 40000
1694832507701 1.0 44000
1694832536645 1.0 48000
1694832564313 1.0 52000
1694832596714 1.0 56000
1694832625945 1.0 60000
1694832655190 1.0 64000
1694832683671 1.0 68000
1694832713291 1.0 72000
1694832742197 1.0 76000
1694832770582 1.0 80000
1694832800044 1.0 84000
1694832829558 1.0 88000
1694832858508 1.0 92000
1694832888126 1.0 96000
1694832916664 1.0 100000
1694832946431 1.0 104000
1694832974561 1.0 108000
1694833003647 1.0 112000
1694833032494 1.0 116000
1694833062108 1.0 120000
1694833092177 1.0 124000
1694833121756 1.0 128000
1694833150718 1.0 132000
1694833180623 1.0 136000
1694833209521 1.0 140000
1694833239328 1.0 144000
1694833268023 1.0 148000
1694833296922 1.0 152000
1694833325971 1.0 156000
1694833355654 1.0 160000
1694833389499 1.0 164000
1694833420472 1.0 168000
1694833449846 1.0 172000
1694833480646 1.0 176000
1694833509734 1.0 180000
1694833538383 1.0 184000
1694833568462 1.0 188000
1694833603580 1.0 192000
1694833633040 1.0 196000
1694833663225 1.0 200000
1694833692688 1.0 204000
1694833718851 1.0 208000
1694833743539 1.0 212000
1694833768140 1.0 216000
1694833793083 1.0 220000
1694833817094 1.0 224000
1694833841856 1.0 228000
1694833866058 1.0 232000
1694833890921 1.0 236000
1694833914919 1.0 240000
1694833940045 1.0 244000
1694833964813 1.0 248000
1694833988988 1.0 252000
1694834014013 1.0 256000
1694834038237 1.0 260000
1694834062216 1.0 264000
1694834086814 1.0 268000
1694834111125 1.0 272000
1694834135777 1.0 276000
1694834160180 1.0 280000
1694834186794 1.0 284000
1694834219511 1.0 288000
1694834253416 1.0 292000
1694834285654 1.0 296000
1694834318147 1.0 300000
1694834347572 1.0 304000
1694834376998 1.0 308000
1694834412590 1.0 312000
1694834450742 1.0 316000
1694834485796 1.0 320000
1694834524797 1.0 324000
1694834560473 1.0 328000
1694834603468 1.0 332000
1694834644168 1.0 336000
1694834689369 1.0 340000
1694834723523 1.0 344000
