1694832173069 0.0 4000
1694832209912 0.0 8000
1694832246556 0.0 12000
1694832283168 0.0 16000
1694832317476 0.0 20000
1694832348994 0.0 24000
1694832378830 0.0 28000
1694832408938 0.0 32000
1694832440671 0.0 36000
1694832472077 0.0 40000
1694832507700 0.0 44000
1694832536644 0.0 48000
1694832564312 0.0 52000
1694832596713 0.0 56000
1694832625944 0.0 60000
1694832655188 0.0 64000
1694832683670 0.0 68000
1694832713290 0.0 72000
1694832742196 0.0 76000
1694832770580 0.0 80000
1694832800043 0.0 84000
1694832829557 0.0 88000
1694832858506 0.0 92000
1694832888125 0.0 96000
1694832916663 0.0 100000
1694832946429 0.0 104000
1694832974559 0.0 108000
1694833003646 0.0 112000
1694833032492 0.0 116000
1694833062107 0.0 120000
1694833092175 0.0 124000
1694833121754 0.0 128000
1694833150717 0.0 132000
1694833180622 0.0 136000
1694833209519 0.0 140000
1694833239327 0.0 144000
1694833268022 0.0 148000
1694833296919 0.0 152000
1694833325969 0.0 156000
1694833355652 0.0 160000
1694833389495 0.0 164000
1694833420470 0.0 168000
1694833449845 0.0 172000
1694833480645 0.0 176000
1694833509733 0.0 180000
1694833538382 0.0 184000
1694833568460 0.0 188000
1694833603579 0.0 192000
1694833633039 0.0 196000
1694833663223 0.0 200000
1694833692687 0.0 204000
1694833718849 0.0 208000
1694833743538 0.0 212000
1694833768139 0.0 216000
1694833793083 0.0 220000
1694833817092 0.0 224000
1694833841854 0.0 228000
1694833866057 0.0 232000
1694833890919 0.0 236000
1694833914918 0.0 240000
1694833940044 0.0 244000
1694833964811 0.0 248000
1694833988986 0.0 252000
1694834014012 0.0 256000
1694834038236 0.0 260000
1694834062214 0.0 264000
1694834086812 0.0 268000
1694834111124 0.0 272000
1694834135775 0.0 276000
1694834160179 0.0 280000
1694834186793 0.0 284000
1694834219510 0.0 288000
1694834253398 0.0 292000
1694834285653 0.0 296000
1694834318146 0.0 300000
1694834347571 0.0 304000
1694834376996 0.0 308000
1694834412588 0.0 312000
1694834450740 0.0 316000
1694834485795 0.0 320000
1694834524795 0.0 324000
1694834560471 0.0 328000
1694834603466 0.0 332000
1694834644167 0.0 336000
1694834689368 0.0 340000
1694834723522 0.0 344000
