1694832173076 300.0 4000
1694832209918 300.0 8000
1694832246563 300.0 12000
1694832283176 300.0 16000
1694832317484 300.0 20000
1694832348999 300.0 24000
1694832378839 300.0 28000
1694832408946 300.0 32000
1694832440681 300.0 36000
1694832472083 300.0 40000
1694832507704 300.0 44000
1694832536648 300.0 48000
1694832564317 300.0 52000
1694832596718 300.0 56000
1694832625948 300.0 60000
1694832655194 300.0 64000
1694832683677 300.0 68000
1694832713295 300.0 72000
1694832742201 300.0 76000
1694832770588 300.0 80000
1694832800049 300.0 84000
1694832829562 300.0 88000
1694832858511 300.0 92000
1694832888131 300.0 96000
1694832916668 300.0 100000
1694832946434 300.0 104000
1694832974565 300.0 108000
1694833003651 300.0 112000
1694833032498 300.0 116000
1694833062113 300.0 120000
1694833092180 300.0 124000
1694833121762 300.0 128000
1694833150722 300.0 132000
1694833180627 300.0 136000
1694833209524 300.0 140000
1694833239332 300.0 144000
1694833268027 300.0 148000
1694833296927 300.0 152000
1694833325975 300.0 156000
1694833355657 300.0 160000
1694833389506 300.0 164000
1694833420477 300.0 168000
1694833449852 300.0 172000
1694833480649 300.0 176000
1694833509737 300.0 180000
1694833538386 300.0 184000
1694833568469 300.0 188000
1694833603584 300.0 192000
1694833633044 300.0 196000
1694833663229 300.0 200000
1694833692692 300.0 204000
1694833718855 300.0 208000
1694833743542 300.0 212000
1694833768143 300.0 216000
1694833793086 300.0 220000
1694833817097 300.0 224000
1694833841863 300.0 228000
1694833866063 300.0 232000
1694833890926 300.0 236000
1694833914922 300.0 240000
1694833940048 300.0 244000
1694833964816 300.0 248000
1694833988993 300.0 252000
1694834014016 300.0 256000
1694834038241 300.0 260000
1694834062221 300.0 264000
1694834086819 300.0 268000
1694834111129 300.0 272000
1694834135781 300.0 276000
1694834160184 300.0 280000
1694834186798 300.0 284000
1694834219514 300.0 288000
1694834253422 300.0 292000
1694834285657 300.0 296000
1694834318152 300.0 300000
1694834347577 300.0 304000
1694834377003 300.0 308000
1694834412598 300.0 312000
1694834450751 300.0 316000
1694834485800 300.0 320000
1694834524804 300.0 324000
1694834560496 300.0 328000
1694834603473 300.0 332000
1694834644172 300.0 336000
1694834689375 300.0 340000
1694834723527 300.0 344000
