1694832173065 8.0 4000
1694832209907 8.0 8000
1694832246554 8.0 12000
1694832283162 8.0 16000
1694832317472 8.0 20000
1694832348990 8.0 24000
1694832378826 8.0 28000
1694832408933 8.0 32000
1694832440666 8.0 36000
1694832472073 8.0 40000
1694832507697 8.0 44000
1694832536641 8.0 48000
1694832564309 8.0 52000
1694832596711 8.0 56000
1694832625941 8.0 60000
1694832655186 8.0 64000
1694832683667 8.0 68000
1694832713288 8.0 72000
1694832742194 8.0 76000
1694832770576 8.0 80000
1694832800040 8.0 84000
1694832829554 8.0 88000
1694832858504 8.0 92000
1694832888123 8.0 96000
1694832916660 8.0 100000
1694832946426 8.0 104000
1694832974554 8.0 108000
1694833003643 8.0 112000
1694833032489 8.0 116000
1694833062102 8.0 120000
1694833092173 8.0 124000
1694833121751 8.0 128000
1694833150713 8.0 132000
1694833180619 8.0 136000
1694833209516 8.0 140000
1694833239324 8.0 144000
1694833268019 8.0 148000
1694833296915 8.0 152000
1694833325964 8.0 156000
1694833355650 8.0 160000
1694833389491 8.0 164000
1694833420468 8.0 168000
1694833449842 8.0 172000
1694833480642 8.0 176000
1694833509731 8.0 180000
1694833538379 8.0 184000
1694833568455 8.0 188000
1694833603576 8.0 192000
1694833633037 8.0 196000
1694833663219 8.0 200000
1694833692685 8.0 204000
1694833718847 8.0 208000
1694833743536 8.0 212000
1694833768137 8.0 216000
1694833793081 8.0 220000
1694833817090 8.0 224000
1694833841852 8.0 228000
1694833866055 8.0 232000
1694833890916 8.0 236000
1694833914916 8.0 240000
1694833940042 8.0 244000
1694833964807 8.0 248000
1694833988982 8.0 252000
1694834014008 8.0 256000
1694834038232 8.0 260000
1694834062210 8.0 264000
1694834086810 8.0 268000
1694834111120 8.0 272000
1694834135770 8.0 276000
1694834160177 8.0 280000
1694834186789 8.0 284000
1694834219507 8.0 288000
1694834253394 8.0 292000
1694834285650 8.0 296000
1694834318142 8.0 300000
1694834347568 8.0 304000
1694834376992 8.0 308000
1694834412583 8.0 312000
1694834450736 8.0 316000
1694834485792 8.0 320000
1694834524790 8.0 324000
1694834560468 8.0 328000
1694834603459 8.0 332000
1694834644163 8.0 336000
1694834689363 8.0 340000
1694834723520 8.0 344000
