1694836625439 1.0 4000
1694836654209 1.0 8000
1694836682351 1.0 12000
1694836712156 1.0 16000
1694836741816 1.0 20000
1694836771352 1.0 24000
1694836802231 1.0 28000
1694836832588 1.0 32000
1694836863424 1.0 36000
1694836893298 1.0 40000
1694836927320 1.0 44000
1694836958570 1.0 48000
1694836990913 1.0 52000
1694837023986 1.0 56000
1694837056252 1.0 60000
1694837087218 1.0 64000
1694837118792 1.0 68000
1694837150946 1.0 72000
1694837182665 1.0 76000
1694837215699 1.0 80000
1694837250574 1.0 84000
1694837282884 1.0 88000
1694837314688 1.0 92000
1694837347130 1.0 96000
1694837379239 1.0 100000
1694837410713 1.0 104000
1694837442832 1.0 108000
1694837474490 1.0 112000
1694837506311 1.0 116000
1694837538692 1.0 120000
1694837573472 1.0 124000
1694837605973 1.0 128000
1694837639951 1.0 132000
1694837672882 1.0 136000
1694837705213 1.0 140000
1694837737452 1.0 144000
1694837769352 1.0 148000
1694837802081 1.0 152000
1694837834133 1.0 156000
1694837867639 1.0 160000
1694837905584 1.0 164000
1694837939100 1.0 168000
1694837971395 1.0 172000
1694838004884 1.0 176000
1694838037032 1.0 180000
1694838068208 1.0 184000
1694838099575 1.0 188000
1694838130976 1.0 192000
1694838162333 1.0 196000
1694838192993 1.0 200000
1694838228954 1.0 204000
1694838260235 1.0 208000
1694838291101 1.0 212000
1694838323029 1.0 216000
1694838354615 1.0 220000
1694838386019 1.0 224000
1694838417167 1.0 228000
1694838447984 1.0 232000
1694838479901 1.0 236000
1694838511858 1.0 240000
1694838547461 1.0 244000
1694838579942 1.0 248000
1694838611932 1.0 252000
1694838644077 1.0 256000
1694838675422 1.0 260000
1694838706746 1.0 264000
1694838738545 1.0 268000
1694838771370 1.0 272000
1694838804231 1.0 276000
1694838837656 1.0 280000
1694838875256 1.0 284000
1694838908279 1.0 288000
1694838941175 1.0 292000
1694838973747 1.0 296000
1694839006807 1.0 300000
1694839038561 1.0 304000
1694839070314 1.0 308000
1694839101712 1.0 312000
1694839134718 1.0 316000
1694839166748 1.0 320000
1694839200747 1.0 324000
1694839233284 1.0 328000
1694839264844 1.0 332000
1694839297203 1.0 336000
1694839328402 1.0 340000
1694839359691 1.0 344000
1694839389779 1.0 348000
1694839420779 1.0 352000
1694839452052 1.0 356000
1694839483043 1.0 360000
1694839516279 1.0 364000
1694839547955 1.0 368000
1694839579411 1.0 372000
1694839611657 1.0 376000
1694839642750 1.0 380000
1694839674379 1.0 384000
1694839706717 1.0 388000
1694839739495 1.0 392000
1694839771476 1.0 396000
1694839804104 1.0 400000
1694839840570 1.0 404000
1694839873399 1.0 408000
1694839906134 1.0 412000
1694839938437 1.0 416000
1694839971130 1.0 420000
1694840003076 1.0 424000
1694840035821 1.0 428000
1694840067207 1.0 432000
1694840099585 1.0 436000
1694840133041 1.0 440000
1694840170641 1.0 444000
1694840205011 1.0 448000
1694840237280 1.0 452000
1694840270764 1.0 456000
1694840302754 1.0 460000
1694840335543 1.0 464000
1694840366279 1.0 468000
1694840399507 1.0 472000
1694840430676 1.0 476000
1694840462813 1.0 480000
1694840498021 1.0 484000
1694840530129 1.0 488000
1694840561956 1.0 492000
1694840594047 1.0 496000
1694840627463 1.0 500000
1694840658629 1.0 504000
1694840690175 1.0 508000
1694840720719 1.0 512000
1694840752322 1.0 516000
1694840783598 1.0 520000
1694840820693 1.0 524000
1694840855988 1.0 528000
1694840885107 1.0 532000
1694840912159 1.0 536000
1694840940163 1.0 540000
1694840966310 1.0 544000
1694840993134 1.0 548000
1694841019328 1.0 552000
1694841045960 1.0 556000
1694841073297 1.0 560000
1694841101979 1.0 564000
1694841128336 1.0 568000
1694841154759 1.0 572000
1694841181702 1.0 576000
