1694836625437 0.0 4000
1694836654206 0.0 8000
1694836682350 0.0 12000
1694836712154 0.0 16000
1694836741814 0.0 20000
1694836771350 0.0 24000
1694836802229 0.0 28000
1694836832587 0.0 32000
1694836863422 0.0 36000
1694836893296 0.0 40000
1694836927317 0.0 44000
1694836958568 0.0 48000
1694836990911 0.0 52000
1694837023983 0.0 56000
1694837056250 0.0 60000
1694837087217 0.0 64000
1694837118790 0.0 68000
1694837150943 0.0 72000
1694837182663 0.0 76000
1694837215697 0.0 80000
1694837250572 0.0 84000
1694837282882 0.0 88000
1694837314685 0.0 92000
1694837347129 0.0 96000
1694837379236 0.0 100000
1694837410712 0.0 104000
1694837442828 0.0 108000
1694837474489 0.0 112000
1694837506310 0.0 116000
1694837538690 0.0 120000
1694837573471 0.0 124000
1694837605972 0.0 128000
1694837639949 0.0 132000
1694837672881 0.0 136000
1694837705211 0.0 140000
1694837737450 0.0 144000
1694837769351 0.0 148000
1694837802080 0.0 152000
1694837834132 0.0 156000
1694837867637 0.0 160000
1694837905582 0.0 164000
1694837939082 0.0 168000
1694837971394 0.0 172000
1694838004883 0.0 176000
1694838037031 0.0 180000
1694838068206 0.0 184000
1694838099574 0.0 188000
1694838130974 0.0 192000
1694838162332 0.0 196000
1694838192992 0.0 200000
1694838228953 0.0 204000
1694838260233 0.0 208000
1694838291100 0.0 212000
1694838323028 0.0 216000
1694838354613 0.0 220000
1694838386016 0.0 224000
1694838417165 0.0 228000
1694838447983 0.0 232000
1694838479899 0.0 236000
1694838511856 0.0 240000
1694838547459 0.0 244000
1694838579941 0.0 248000
1694838611931 0.0 252000
1694838644074 0.0 256000
1694838675419 0.0 260000
1694838706742 0.0 264000
1694838738543 0.0 268000
1694838771368 0.0 272000
1694838804229 0.0 276000
1694838837655 0.0 280000
1694838875255 0.0 284000
1694838908277 0.0 288000
1694838941172 0.0 292000
1694838973745 0.0 296000
1694839006806 0.0 300000
1694839038559 0.0 304000
1694839070313 0.0 308000
1694839101710 0.0 312000
1694839134717 0.0 316000
1694839166747 0.0 320000
1694839200745 0.0 324000
1694839233281 0.0 328000
1694839264842 0.0 332000
1694839297201 0.0 336000
1694839328401 0.0 340000
1694839359690 0.0 344000
1694839389778 0.0 348000
1694839420776 0.0 352000
1694839452051 0.0 356000
1694839483041 0.0 360000
1694839516273 0.0 364000
1694839547953 0.0 368000
1694839579410 0.0 372000
1694839611656 0.0 376000
1694839642749 0.0 380000
1694839674378 0.0 384000
1694839706716 0.0 388000
1694839739493 0.0 392000
1694839771474 0.0 396000
1694839804103 0.0 400000
1694839840569 0.0 404000
1694839873398 0.0 408000
1694839906132 0.0 412000
1694839938433 0.0 416000
1694839971126 0.0 420000
1694840003074 0.0 424000
1694840035820 0.0 428000
1694840067205 0.0 432000
1694840099584 0.0 436000
1694840133039 0.0 440000
1694840170640 0.0 444000
1694840205010 0.0 448000
1694840237278 0.0 452000
1694840270763 0.0 456000
1694840302753 0.0 460000
1694840335542 0.0 464000
1694840366277 0.0 468000
1694840399506 0.0 472000
1694840430674 0.0 476000
1694840462812 0.0 480000
1694840498019 0.0 484000
1694840530127 0.0 488000
1694840561953 0.0 492000
1694840594045 0.0 496000
1694840627462 0.0 500000
1694840658628 0.0 504000
1694840690174 0.0 508000
1694840720718 0.0 512000
1694840752321 0.0 516000
1694840783597 0.0 520000
1694840820691 0.0 524000
1694840855986 0.0 528000
1694840885106 0.0 532000
1694840912157 0.0 536000
1694840940162 0.0 540000
1694840966308 0.0 544000
1694840993132 0.0 548000
1694841019327 0.0 552000
1694841045958 0.0 556000
1694841073296 0.0 560000
1694841101978 0.0 564000
1694841128335 0.0 568000
1694841154757 0.0 572000
1694841181701 0.0 576000
