1694836625443 300.0 4000
1694836654215 300.0 8000
1694836682358 300.0 12000
1694836712163 300.0 16000
1694836741821 300.0 20000
1694836771357 300.0 24000
1694836802234 300.0 28000
1694836832596 300.0 32000
1694836863430 300.0 36000
1694836893301 300.0 40000
1694836927326 300.0 44000
1694836958576 300.0 48000
1694836990920 300.0 52000
1694837023994 300.0 56000
1694837056255 300.0 60000
1694837087222 300.0 64000
1694837118799 300.0 68000
1694837150951 300.0 72000
1694837182670 300.0 76000
1694837215704 300.0 80000
1694837250578 300.0 84000
1694837282889 300.0 88000
1694837314696 300.0 92000
1694837347134 300.0 96000
1694837379247 300.0 100000
1694837410717 300.0 104000
1694837442838 300.0 108000
1694837474494 300.0 112000
1694837506315 300.0 116000
1694837538697 300.0 120000
1694837573476 300.0 124000
1694837605977 300.0 128000
1694837639959 300.0 132000
1694837672887 300.0 136000
1694837705218 300.0 140000
1694837737459 300.0 144000
1694837769358 300.0 148000
1694837802086 300.0 152000
1694837834137 300.0 156000
1694837867643 300.0 160000
1694837905588 300.0 164000
1694837939123 300.0 168000
1694837971400 300.0 172000
1694838004888 300.0 176000
1694838037036 300.0 180000
1694838068213 300.0 184000
1694838099579 300.0 188000
1694838130979 300.0 192000
1694838162336 300.0 196000
1694838192999 300.0 200000
1694838228958 300.0 204000
1694838260238 300.0 208000
1694838291106 300.0 212000
1694838323033 300.0 216000
1694838354621 300.0 220000
1694838386026 300.0 224000
1694838417172 300.0 228000
1694838447987 300.0 232000
1694838479905 300.0 236000
1694838511862 300.0 240000
1694838547468 300.0 244000
1694838579946 300.0 248000
1694838611936 300.0 252000
1694838644082 300.0 256000
1694838675430 300.0 260000
1694838706760 300.0 264000
1694838738548 300.0 268000
1694838771376 300.0 272000
1694838804236 300.0 276000
1694838837660 300.0 280000
1694838875260 300.0 284000
1694838908286 300.0 288000
1694838941181 300.0 292000
1694838973751 300.0 296000
1694839006811 300.0 300000
1694839038568 300.0 304000
1694839070319 300.0 308000
1694839101717 300.0 312000
1694839134722 300.0 316000
1694839166752 300.0 320000
1694839200750 300.0 324000
1694839233308 300.0 328000
1694839264848 300.0 332000
1694839297207 300.0 336000
1694839328407 300.0 340000
1694839359696 300.0 344000
1694839389786 300.0 348000
1694839420786 300.0 352000
1694839452056 300.0 356000
1694839483047 300.0 360000
1694839516299 300.0 364000
1694839547959 300.0 368000
1694839579415 300.0 372000
1694839611661 300.0 376000
1694839642754 300.0 380000
1694839674384 300.0 384000
1694839706721 300.0 388000
1694839739499 300.0 392000
1694839771481 300.0 396000
1694839804108 300.0 400000
1694839840575 300.0 404000
1694839873404 300.0 408000
1694839906138 300.0 412000
1694839938443 300.0 416000
1694839971138 300.0 420000
1694840003083 300.0 424000
1694840035825 300.0 428000
1694840067210 300.0 432000
1694840099589 300.0 436000
1694840133046 300.0 440000
1694840170647 300.0 444000
1694840205015 300.0 448000
1694840237285 300.0 452000
1694840270768 300.0 456000
1694840302759 300.0 460000
1694840335550 300.0 464000
1694840366285 300.0 468000
1694840399512 300.0 472000
1694840430681 300.0 476000
1694840462816 300.0 480000
1694840498025 300.0 484000
1694840530138 300.0 488000
1694840561961 300.0 492000
1694840594052 300.0 496000
1694840627467 300.0 500000
1694840658633 300.0 504000
1694840690179 300.0 508000
1694840720723 300.0 512000
1694840752326 300.0 516000
1694840783603 300.0 520000
1694840820701 300.0 524000
1694840855993 300.0 528000
1694840885111 300.0 532000
1694840912182 300.0 536000
1694840940168 300.0 540000
1694840966314 300.0 544000
1694840993138 300.0 548000
1694841019331 300.0 552000
1694841045965 300.0 556000
1694841073300 300.0 560000
1694841101983 300.0 564000
1694841128339 300.0 568000
1694841154763 300.0 572000
1694841181707 300.0 576000
