1694836625441 1.0 4000
1694836654213 1.0 8000
1694836682355 1.0 12000
1694836712161 1.0 16000
1694836741819 1.0 20000
1694836771355 1.0 24000
1694836802233 1.0 28000
1694836832593 1.0 32000
1694836863428 1.0 36000
1694836893300 1.0 40000
1694836927324 1.0 44000
1694836958574 1.0 48000
1694836990917 1.0 52000
1694837023991 1.0 56000
1694837056254 1.0 60000
1694837087220 1.0 64000
1694837118797 1.0 68000
1694837150950 1.0 72000
1694837182668 1.0 76000
1694837215703 1.0 80000
1694837250577 1.0 84000
1694837282887 1.0 88000
1694837314693 1.0 92000
1694837347132 1.0 96000
1694837379245 1.0 100000
1694837410716 1.0 104000
1694837442836 1.0 108000
1694837474493 1.0 112000
1694837506314 1.0 116000
1694837538695 1.0 120000
1694837573475 1.0 124000
1694837605976 1.0 128000
1694837639956 1.0 132000
1694837672885 1.0 136000
1694837705216 1.0 140000
1694837737457 1.0 144000
1694837769355 1.0 148000
1694837802084 1.0 152000
1694837834136 1.0 156000
1694837867641 1.0 160000
1694837905587 1.0 164000
1694837939121 1.0 168000
1694837971399 1.0 172000
1694838004887 1.0 176000
1694838037035 1.0 180000
1694838068211 1.0 184000
1694838099578 1.0 188000
1694838130978 1.0 192000
1694838162335 1.0 196000
1694838192997 1.0 200000
1694838228957 1.0 204000
1694838260237 1.0 208000
1694838291105 1.0 212000
1694838323032 1.0 216000
1694838354619 1.0 220000
1694838386024 1.0 224000
1694838417170 1.0 228000
1694838447986 1.0 232000
1694838479904 1.0 236000
1694838511861 1.0 240000
1694838547465 1.0 244000
1694838579944 1.0 248000
1694838611935 1.0 252000
1694838644081 1.0 256000
1694838675428 1.0 260000
1694838706755 1.0 264000
1694838738547 1.0 268000
1694838771374 1.0 272000
1694838804234 1.0 276000
1694838837659 1.0 280000
1694838875258 1.0 284000
1694838908284 1.0 288000
1694838941179 1.0 292000
1694838973749 1.0 296000
1694839006810 1.0 300000
1694839038566 1.0 304000
1694839070317 1.0 308000
1694839101716 1.0 312000
1694839134721 1.0 316000
1694839166751 1.0 320000
1694839200749 1.0 324000
1694839233306 1.0 328000
1694839264846 1.0 332000
1694839297205 1.0 336000
1694839328405 1.0 340000
1694839359694 1.0 344000
1694839389784 1.0 348000
1694839420783 1.0 352000
1694839452055 1.0 356000
1694839483046 1.0 360000
1694839516291 1.0 364000
1694839547957 1.0 368000
1694839579414 1.0 372000
1694839611660 1.0 376000
1694839642753 1.0 380000
1694839674382 1.0 384000
1694839706719 1.0 388000
1694839739498 1.0 392000
1694839771479 1.0 396000
1694839804107 1.0 400000
1694839840573 1.0 404000
1694839873402 1.0 408000
1694839906136 1.0 412000
1694839938441 1.0 416000
1694839971135 1.0 420000
1694840003080 1.0 424000
1694840035823 1.0 428000
1694840067209 1.0 432000
1694840099588 1.0 436000
1694840133044 1.0 440000
1694840170645 1.0 444000
1694840205014 1.0 448000
1694840237284 1.0 452000
1694840270767 1.0 456000
1694840302757 1.0 460000
1694840335548 1.0 464000
1694840366283 1.0 468000
1694840399510 1.0 472000
1694840430679 1.0 476000
1694840462815 1.0 480000
1694840498023 1.0 484000
1694840530134 1.0 488000
1694840561960 1.0 492000
1694840594051 1.0 496000
1694840627466 1.0 500000
1694840658631 1.0 504000
1694840690178 1.0 508000
1694840720721 1.0 512000
1694840752325 1.0 516000
1694840783601 1.0 520000
1694840820698 1.0 524000
1694840855991 1.0 528000
1694840885110 1.0 532000
1694840912164 1.0 536000
1694840940166 1.0 540000
1694840966313 1.0 544000
1694840993137 1.0 548000
1694841019330 1.0 552000
1694841045963 1.0 556000
1694841073299 1.0 560000
1694841101982 1.0 564000
1694841128338 1.0 568000
1694841154762 1.0 572000
1694841181705 1.0 576000
