1694836625434 8.0 4000
1694836654202 8.0 8000
1694836682347 8.0 12000
1694836712150 8.0 16000
1694836741809 8.0 20000
1694836771347 8.0 24000
1694836802227 8.0 28000
1694836832584 8.0 32000
1694836863417 8.0 36000
1694836893294 8.0 40000
1694836927312 8.0 44000
1694836958563 8.0 48000
1694836990908 8.0 52000
1694837023980 8.0 56000
1694837056248 8.0 60000
1694837087214 8.0 64000
1694837118786 8.0 68000
1694837150939 8.0 72000
1694837182661 8.0 76000
1694837215692 8.0 80000
1694837250568 8.0 84000
1694837282878 8.0 88000
1694837314680 8.0 92000
1694837347126 8.0 96000
1694837379231 8.0 100000
1694837410709 8.0 104000
1694837442823 8.0 108000
1694837474485 8.0 112000
1694837506306 8.0 116000
1694837538686 8.0 120000
1694837573468 8.0 124000
1694837605969 8.0 128000
1694837639945 8.0 132000
1694837672861 8.0 136000
1694837705207 8.0 140000
1694837737445 8.0 144000
1694837769348 8.0 148000
1694837802077 8.0 152000
1694837834129 8.0 156000
1694837867634 8.0 160000
1694837905579 8.0 164000
1694837939027 8.0 168000
1694837971391 8.0 172000
1694838004880 8.0 176000
1694838037028 8.0 180000
1694838068204 8.0 184000
1694838099571 8.0 188000
1694838130971 8.0 192000
1694838162329 8.0 196000
1694838192990 8.0 200000
1694838228949 8.0 204000
1694838260231 8.0 208000
1694838291096 8.0 212000
1694838323025 8.0 216000
1694838354610 8.0 220000
1694838386013 8.0 224000
1694838417161 8.0 228000
1694838447980 8.0 232000
1694838479896 8.0 236000
1694838511853 8.0 240000
1694838547456 8.0 244000
1694838579938 8.0 248000
1694838611927 8.0 252000
1694838644070 8.0 256000
1694838675416 8.0 260000
1694838706734 8.0 264000
1694838738541 8.0 268000
1694838771364 8.0 272000
1694838804224 8.0 276000
1694838837652 8.0 280000
1694838875252 8.0 284000
1694838908271 8.0 288000
1694838941169 8.0 292000
1694838973743 8.0 296000
1694839006804 8.0 300000
1694839038555 8.0 304000
1694839070310 8.0 308000
1694839101707 8.0 312000
1694839134714 8.0 316000
1694839166745 8.0 320000
1694839200743 8.0 324000
1694839233276 8.0 328000
1694839264839 8.0 332000
1694839297199 8.0 336000
1694839328398 8.0 340000
1694839359686 8.0 344000
1694839389776 8.0 348000
1694839420772 8.0 352000
1694839452049 8.0 356000
1694839483037 8.0 360000
1694839516265 8.0 364000
1694839547951 8.0 368000
1694839579407 8.0 372000
1694839611653 8.0 376000
1694839642746 8.0 380000
1694839674375 8.0 384000
1694839706713 8.0 388000
1694839739490 8.0 392000
1694839771471 8.0 396000
1694839804100 8.0 400000
1694839840566 8.0 404000
1694839873393 8.0 408000
1694839906130 8.0 412000
1694839938428 8.0 416000
1694839971121 8.0 420000
1694840003071 8.0 424000
1694840035817 8.0 428000
1694840067202 8.0 432000
1694840099581 8.0 436000
1694840133036 8.0 440000
1694840170636 8.0 444000
1694840205007 8.0 448000
1694840237275 8.0 452000
1694840270760 8.0 456000
1694840302748 8.0 460000
1694840335538 8.0 464000
1694840366274 8.0 468000
1694840399502 8.0 472000
1694840430655 8.0 476000
1694840462809 8.0 480000
1694840498017 8.0 484000
1694840530125 8.0 488000
1694840561949 8.0 492000
1694840594042 8.0 496000
1694840627457 8.0 500000
1694840658626 8.0 504000
1694840690171 8.0 508000
1694840720715 8.0 512000
1694840752319 8.0 516000
1694840783592 8.0 520000
1694840820688 8.0 524000
1694840855983 8.0 528000
1694840885102 8.0 532000
1694840912153 8.0 536000
1694840940159 8.0 540000
1694840966306 8.0 544000
1694840993130 8.0 548000
1694841019325 8.0 552000
1694841045954 8.0 556000
1694841073294 8.0 560000
1694841101976 8.0 564000
1694841128332 8.0 568000
1694841154754 8.0 572000
1694841181697 8.0 576000
