1694836625546 1.0 4000
1694836654266 1.0 8000
1694836682421 1.0 12000
1694836712264 1.0 16000
1694836741872 1.0 20000
1694836771454 1.0 24000
1694836802295 1.0 28000
1694836832697 1.0 32000
1694836863496 1.0 36000
1694836893360 1.0 40000
1694836927396 1.0 44000
1694836958647 1.0 48000
1694836990988 1.0 52000
1694837024055 1.0 56000
1694837056316 1.0 60000
1694837087290 1.0 64000
1694837118860 1.0 68000
1694837151012 1.0 72000
1694837182741 1.0 76000
1694837215763 1.0 80000
1694837250684 1.0 84000
1694837282955 1.0 88000
1694837314763 1.0 92000
1694837347196 1.0 96000
1694837379308 1.0 100000
1694837410780 1.0 104000
1694837442903 1.0 108000
1694837474561 1.0 112000
1694837506379 1.0 116000
1694837538762 1.0 120000
1694837573545 1.0 124000
1694837606044 1.0 128000
1694837640030 1.0 132000
1694837672990 1.0 136000
1694837705277 1.0 140000
1694837737532 1.0 144000
1694837769422 1.0 148000
1694837802153 1.0 152000
1694837834203 1.0 156000
1694837867705 1.0 160000
1694837905659 1.0 164000
1694837939182 1.0 168000
1694837971499 1.0 172000
1694838004940 1.0 176000
1694838037090 1.0 180000
1694838068271 1.0 184000
1694838099632 1.0 188000
1694838131035 1.0 192000
1694838162391 1.0 196000
1694838193059 1.0 200000
1694838229022 1.0 204000
1694838260295 1.0 208000
1694838291160 1.0 212000
1694838323092 1.0 216000
1694838354673 1.0 220000
1694838386082 1.0 224000
1694838417224 1.0 228000
1694838448045 1.0 232000
1694838479961 1.0 236000
1694838511959 1.0 240000
1694838547534 1.0 244000
1694838579999 1.0 248000
1694838611992 1.0 252000
1694838644137 1.0 256000
1694838675486 1.0 260000
1694838706834 1.0 264000
1694838738609 1.0 268000
1694838771433 1.0 272000
1694838804293 1.0 276000
1694838837717 1.0 280000
1694838875324 1.0 284000
1694838908344 1.0 288000
1694838941239 1.0 292000
1694838973809 1.0 296000
1694839006868 1.0 300000
1694839038638 1.0 304000
1694839070374 1.0 308000
1694839101770 1.0 312000
1694839134784 1.0 316000
1694839166810 1.0 320000
1694839200806 1.0 324000
1694839233385 1.0 328000
1694839264903 1.0 332000
1694839297264 1.0 336000
1694839328458 1.0 340000
1694839359751 1.0 344000
1694839389835 1.0 348000
1694839420852 1.0 352000
1694839452110 1.0 356000
1694839483105 1.0 360000
1694839516377 1.0 364000
1694839548017 1.0 368000
1694839579472 1.0 372000
1694839611719 1.0 376000
1694839642812 1.0 380000
1694839674448 1.0 384000
1694839706779 1.0 388000
1694839739553 1.0 392000
1694839771586 1.0 396000
1694839804159 1.0 400000
1694839840642 1.0 404000
1694839873460 1.0 408000
1694839906198 1.0 412000
1694839938507 1.0 416000
1694839971197 1.0 420000
1694840003139 1.0 424000
1694840035884 1.0 428000
1694840067267 1.0 432000
1694840099675 1.0 436000
1694840133195 1.0 440000
1694840170704 1.0 444000
1694840205073 1.0 448000
1694840237343 1.0 452000
1694840270836 1.0 456000
1694840302813 1.0 460000
1694840335607 1.0 464000
1694840366342 1.0 468000
1694840399563 1.0 472000
1694840430779 1.0 476000
1694840462874 1.0 480000
1694840498080 1.0 484000
1694840530197 1.0 488000
1694840562019 1.0 492000
1694840594115 1.0 496000
1694840627526 1.0 500000
1694840658696 1.0 504000
1694840690234 1.0 508000
1694840720774 1.0 512000
1694840752387 1.0 516000
1694840783665 1.0 520000
1694840820761 1.0 524000
1694840856041 1.0 528000
1694840885157 1.0 532000
1694840912255 1.0 536000
1694840940219 1.0 540000
1694840966367 1.0 544000
1694840993185 1.0 548000
1694841019376 1.0 552000
1694841046013 1.0 556000
1694841073350 1.0 560000
1694841102037 1.0 564000
1694841128391 1.0 568000
1694841154806 1.0 572000
1694841181772 1.0 576000
