1694832173309 0.5 4000
1694832210136 0.5 8000
1694832246686 0.5 12000
1694832283320 0.5 16000
1694832317603 0.5 20000
1694832349100 0.5 24000
1694832378977 0.5 28000
1694832409055 0.5 32000
1694832440805 0.5 36000
1694832472211 0.5 40000
1694832507799 0.5 44000
1694832536748 0.5 48000
1694832564414 0.5 52000
1694832596808 0.5 56000
1694832626049 0.5 60000
1694832655282 0.5 64000
1694832683765 0.5 68000
1694832713388 0.5 72000
1694832742291 0.5 76000
1694832770680 0.5 80000
1694832800159 0.5 84000
1694832829657 0.5 88000
1694832858609 0.5 92000
1694832888228 0.5 96000
1694832916761 0.5 100000
1694832946533 0.5 104000
1694832974652 0.5 108000
1694833003748 0.5 112000
1694833032605 0.5 116000
1694833062211 0.5 120000
1694833092274 0.5 124000
1694833121860 0.5 128000
1694833150817 0.5 132000
1694833180723 0.5 136000
1694833209706 0.5 140000
1694833239430 0.5 144000
1694833268147 0.5 148000
1694833297014 0.5 152000
1694833326082 0.5 156000
1694833355764 0.5 160000
1694833389631 0.5 164000
1694833420573 0.5 168000
1694833449949 0.5 172000
1694833480763 0.5 176000
1694833509833 0.5 180000
1694833538475 0.5 184000
1694833568621 0.5 188000
1694833603702 0.5 192000
1694833633150 0.5 196000
1694833663333 0.5 200000
1694833692791 0.5 204000
1694833718944 0.5 208000
1694833743640 0.5 212000
1694833768241 0.5 216000
1694833793180 0.5 220000
1694833817195 0.5 224000
1694833841955 0.5 228000
1694833866157 0.5 232000
1694833891111 0.5 236000
1694833915011 0.5 240000
1694833940144 0.5 244000
1694833964896 0.5 248000
1694833989168 0.5 252000
1694834014100 0.5 256000
1694834038323 0.5 260000
1694834062323 0.5 264000
1694834086905 0.5 268000
1694834111218 0.5 272000
1694834135882 0.5 276000
1694834160268 0.5 280000
1694834186896 0.5 284000
1694834219615 0.5 288000
1694834253669 0.5 292000
1694834285758 0.5 296000
1694834318243 0.5 300000
1694834347670 0.5 304000
1694834377097 0.5 308000
1694834412833 0.5 312000
1694834450986 0.5 316000
1694834485911 0.5 320000
1694834524933 0.5 324000
1694834560647 0.5 328000
1694834603629 0.5 332000
1694834644303 0.5 336000
1694834689547 0.5 340000
1694834723624 0.5 344000
