1694832173305 0.5 4000
1694832210130 0.5 8000
1694832246682 0.5 12000
1694832283314 0.5 16000
1694832317601 0.5 20000
1694832349097 0.5 24000
1694832378973 0.5 28000
1694832409053 0.5 32000
1694832440803 0.5 36000
1694832472208 0.5 40000
1694832507796 0.5 44000
1694832536744 0.5 48000
1694832564412 0.5 52000
1694832596805 0.5 56000
1694832626046 0.5 60000
1694832655280 0.5 64000
1694832683763 0.5 68000
1694832713386 0.5 72000
1694832742289 0.5 76000
1694832770676 0.5 80000
1694832800157 0.5 84000
1694832829653 0.5 88000
1694832858606 0.5 92000
1694832888225 0.5 96000
1694832916759 0.5 100000
1694832946529 0.5 104000
1694832974650 0.5 108000
1694833003744 0.5 112000
1694833032603 0.5 116000
1694833062208 0.5 120000
1694833092271 0.5 124000
1694833121858 0.5 128000
1694833150814 0.5 132000
1694833180720 0.5 136000
1694833209701 0.5 140000
1694833239427 0.5 144000
1694833268143 0.5 148000
1694833297011 0.5 152000
1694833326080 0.5 156000
1694833355761 0.5 160000
1694833389628 0.5 164000
1694833420568 0.5 168000
1694833449947 0.5 172000
1694833480760 0.5 176000
1694833509831 0.5 180000
1694833538473 0.5 184000
1694833568616 0.5 188000
1694833603698 0.5 192000
1694833633147 0.5 196000
1694833663328 0.5 200000
1694833692788 0.5 204000
1694833718942 0.5 208000
1694833743638 0.5 212000
1694833768239 0.5 216000
1694833793177 0.5 220000
1694833817192 0.5 224000
1694833841952 0.5 228000
1694833866155 0.5 232000
1694833891108 0.5 236000
1694833915010 0.5 240000
1694833940142 0.5 244000
1694833964894 0.5 248000
1694833989166 0.5 252000
1694834014098 0.5 256000
1694834038321 0.5 260000
1694834062320 0.5 264000
1694834086903 0.5 268000
1694834111216 0.5 272000
1694834135879 0.5 276000
1694834160266 0.5 280000
1694834186892 0.5 284000
1694834219613 0.5 288000
1694834253648 0.5 292000
1694834285756 0.5 296000
1694834318241 0.5 300000
1694834347668 0.5 304000
1694834377095 0.5 308000
1694834412829 0.5 312000
1694834450982 0.5 316000
1694834485909 0.5 320000
1694834524930 0.5 324000
1694834560643 0.5 328000
1694834603624 0.5 332000
1694834644298 0.5 336000
1694834689542 0.5 340000
1694834723621 0.5 344000
