1694832173312 0.001 4000
1694832210155 0.001 8000
1694832246689 0.001 12000
1694832283323 0.001 16000
1694832317604 0.001 20000
1694832349101 0.001 24000
1694832378979 0.001 28000
1694832409057 0.001 32000
1694832440807 0.001 36000
1694832472212 0.001 40000
1694832507800 0.001 44000
1694832536749 0.001 48000
1694832564416 0.001 52000
1694832596809 0.001 56000
1694832626050 0.001 60000
1694832655284 0.001 64000
1694832683766 0.001 68000
1694832713389 0.001 72000
1694832742292 0.001 76000
1694832770682 0.001 80000
1694832800160 0.001 84000
1694832829658 0.001 88000
1694832858610 0.001 92000
1694832888229 0.001 96000
1694832916762 0.001 100000
1694832946535 0.001 104000
1694832974653 0.001 108000
1694833003749 0.001 112000
1694833032607 0.001 116000
1694833062212 0.001 120000
1694833092275 0.001 124000
1694833121862 0.001 128000
1694833150818 0.001 132000
1694833180724 0.001 136000
1694833209708 0.001 140000
1694833239431 0.001 144000
1694833268149 0.001 148000
1694833297015 0.001 152000
1694833326084 0.001 156000
1694833355765 0.001 160000
1694833389632 0.001 164000
1694833420575 0.001 168000
1694833449951 0.001 172000
1694833480765 0.001 176000
1694833509834 0.001 180000
1694833538476 0.001 184000
1694833568623 0.001 188000
1694833603704 0.001 192000
1694833633151 0.001 196000
1694833663334 0.001 200000
1694833692792 0.001 204000
1694833718945 0.001 208000
1694833743641 0.001 212000
1694833768242 0.001 216000
1694833793182 0.001 220000
1694833817196 0.001 224000
1694833841957 0.001 228000
1694833866158 0.001 232000
1694833891112 0.001 236000
1694833915013 0.001 240000
1694833940145 0.001 244000
1694833964897 0.001 248000
1694833989170 0.001 252000
1694834014101 0.001 256000
1694834038324 0.001 260000
1694834062325 0.001 264000
1694834086906 0.001 268000
1694834111219 0.001 272000
1694834135883 0.001 276000
1694834160269 0.001 280000
1694834186898 0.001 284000
1694834219616 0.001 288000
1694834253670 0.001 292000
1694834285760 0.001 296000
1694834318244 0.001 300000
1694834347671 0.001 304000
1694834377099 0.001 308000
1694834412835 0.001 312000
1694834450989 0.001 316000
1694834485913 0.001 320000
1694834524936 0.001 324000
1694834560649 0.001 328000
1694834603632 0.001 332000
1694834644305 0.001 336000
1694834689549 0.001 340000
1694834723625 0.001 344000
