1694832173307 0.5 4000
1694832210133 0.5 8000
1694832246684 0.5 12000
1694832283317 0.5 16000
1694832317602 0.5 20000
1694832349099 0.5 24000
1694832378975 0.5 28000
1694832409054 0.5 32000
1694832440804 0.5 36000
1694832472209 0.5 40000
1694832507798 0.5 44000
1694832536746 0.5 48000
1694832564413 0.5 52000
1694832596807 0.5 56000
1694832626048 0.5 60000
1694832655281 0.5 64000
1694832683764 0.5 68000
1694832713387 0.5 72000
1694832742290 0.5 76000
1694832770677 0.5 80000
1694832800158 0.5 84000
1694832829655 0.5 88000
1694832858608 0.5 92000
1694832888226 0.5 96000
1694832916760 0.5 100000
1694832946531 0.5 104000
1694832974651 0.5 108000
1694833003746 0.5 112000
1694833032604 0.5 116000
1694833062210 0.5 120000
1694833092272 0.5 124000
1694833121859 0.5 128000
1694833150815 0.5 132000
1694833180722 0.5 136000
1694833209703 0.5 140000
1694833239429 0.5 144000
1694833268145 0.5 148000
1694833297012 0.5 152000
1694833326081 0.5 156000
1694833355762 0.5 160000
1694833389630 0.5 164000
1694833420571 0.5 168000
1694833449948 0.5 172000
1694833480762 0.5 176000
1694833509832 0.5 180000
1694833538474 0.5 184000
1694833568618 0.5 188000
1694833603700 0.5 192000
1694833633148 0.5 196000
1694833663331 0.5 200000
1694833692790 0.5 204000
1694833718943 0.5 208000
1694833743639 0.5 212000
1694833768240 0.5 216000
1694833793178 0.5 220000
1694833817193 0.5 224000
1694833841953 0.5 228000
1694833866156 0.5 232000
1694833891109 0.5 236000
1694833915011 0.5 240000
1694833940143 0.5 244000
1694833964895 0.5 248000
1694833989167 0.5 252000
1694834014099 0.5 256000
1694834038322 0.5 260000
1694834062322 0.5 264000
1694834086904 0.5 268000
1694834111217 0.5 272000
1694834135881 0.5 276000
1694834160267 0.5 280000
1694834186894 0.5 284000
1694834219614 0.5 288000
1694834253666 0.5 292000
1694834285757 0.5 296000
1694834318242 0.5 300000
1694834347669 0.5 304000
1694834377096 0.5 308000
1694834412831 0.5 312000
1694834450984 0.5 316000
1694834485910 0.5 320000
1694834524931 0.5 324000
1694834560645 0.5 328000
1694834603626 0.5 332000
1694834644301 0.5 336000
1694834689545 0.5 340000
1694834723622 0.5 344000
