1694836625444 0.0 4000
1694836654216 0.0 8000
1694836682361 0.0 12000
1694836712165 0.0 16000
1694836741822 0.0 20000
1694836771359 0.0 24000
1694836802236 0.0 28000
1694836832598 0.0 32000
1694836863432 0.0 36000
1694836893303 0.0 40000
1694836927327 0.0 44000
1694836958579 0.0 48000
1694836990922 0.0 52000
1694837023996 0.0 56000
1694837056257 0.0 60000
1694837087224 0.0 64000
1694837118800 0.0 68000
1694837150953 0.0 72000
1694837182672 0.0 76000
1694837215706 0.0 80000
1694837250580 0.0 84000
1694837282890 0.0 88000
1694837314698 0.0 92000
1694837347136 0.0 96000
1694837379250 0.0 100000
1694837410718 0.0 104000
1694837442839 0.0 108000
1694837474496 0.0 112000
1694837506316 0.0 116000
1694837538699 0.0 120000
1694837573477 0.0 124000
1694837605979 0.0 128000
1694837639961 0.0 132000
1694837672888 0.0 136000
1694837705219 0.0 140000
1694837737461 0.0 144000
1694837769360 0.0 148000
1694837802088 0.0 152000
1694837834138 0.0 156000
1694837867644 0.0 160000
1694837905590 0.0 164000
1694837939124 0.0 168000
1694837971402 0.0 172000
1694838004889 0.0 176000
1694838037038 0.0 180000
1694838068214 0.0 184000
1694838099580 0.0 188000
1694838130980 0.0 192000
1694838162338 0.0 196000
1694838193001 0.0 200000
1694838228959 0.0 204000
1694838260239 0.0 208000
1694838291107 0.0 212000
1694838323035 0.0 216000
1694838354623 0.0 220000
1694838386028 0.0 224000
1694838417174 0.0 228000
1694838447989 0.0 232000
1694838479907 0.0 236000
1694838511864 0.0 240000
1694838547471 0.0 244000
1694838579947 0.0 248000
1694838611938 0.0 252000
1694838644084 0.0 256000
1694838675431 0.0 260000
1694838706764 0.0 264000
1694838738550 0.0 268000
1694838771378 0.0 272000
1694838804237 0.0 276000
1694838837661 0.0 280000
1694838875263 0.0 284000
1694838908287 0.0 288000
1694838941183 0.0 292000
1694838973752 0.0 296000
1694839006812 0.0 300000
1694839038570 0.0 304000
1694839070321 0.0 308000
1694839101719 0.0 312000
1694839134723 0.0 316000
1694839166753 0.0 320000
1694839200752 0.0 324000
1694839233309 0.0 328000
1694839264849 0.0 332000
1694839297208 0.0 336000
1694839328408 0.0 340000
1694839359697 0.0 344000
1694839389788 0.0 348000
1694839420788 0.0 352000
1694839452057 0.0 356000
1694839483049 0.0 360000
1694839516307 0.0 364000
1694839547960 0.0 368000
1694839579416 0.0 372000
1694839611663 0.0 376000
1694839642755 0.0 380000
1694839674386 0.0 384000
1694839706723 0.0 388000
1694839739501 0.0 392000
1694839771482 0.0 396000
1694839804109 0.0 400000
1694839840578 0.0 404000
1694839873405 0.0 408000
1694839906140 0.0 412000
1694839938445 0.0 416000
1694839971140 0.0 420000
1694840003084 0.0 424000
1694840035826 0.0 428000
1694840067212 0.0 432000
1694840099591 0.0 436000
1694840133048 0.0 440000
1694840170648 0.0 444000
1694840205016 0.0 448000
1694840237287 0.0 452000
1694840270769 0.0 456000
1694840302760 0.0 460000
1694840335552 0.0 464000
1694840366286 0.0 468000
1694840399513 0.0 472000
1694840430682 0.0 476000
1694840462818 0.0 480000
1694840498026 0.0 484000
1694840530140 0.0 488000
1694840561963 0.0 492000
1694840594054 0.0 496000
1694840627469 0.0 500000
1694840658634 0.0 504000
1694840690180 0.0 508000
1694840720724 0.0 512000
1694840752327 0.0 516000
1694840783605 0.0 520000
1694840820703 0.0 524000
1694840855994 0.0 528000
1694840885112 0.0 532000
1694840912184 0.0 536000
1694840940169 0.0 540000
1694840966315 0.0 544000
1694840993139 0.0 548000
1694841019333 0.0 552000
1694841045966 0.0 556000
1694841073302 0.0 560000
1694841101984 0.0 564000
1694841128340 0.0 568000
1694841154764 0.0 572000
1694841181709 0.0 576000
