1694836625446 0.0 4000
1694836654217 0.0 8000
1694836682363 0.0 12000
1694836712182 0.0 16000
1694836741823 0.0 20000
1694836771361 0.0 24000
1694836802238 0.0 28000
1694836832601 0.0 32000
1694836863434 0.0 36000
1694836893304 0.0 40000
1694836927329 0.0 44000
1694836958581 0.0 48000
1694836990924 0.0 52000
1694837023998 0.0 56000
1694837056258 0.0 60000
1694837087227 0.0 64000
1694837118802 0.0 68000
1694837150954 0.0 72000
1694837182674 0.0 76000
1694837215707 0.0 80000
1694837250581 0.0 84000
1694837282893 0.0 88000
1694837314700 0.0 92000
1694837347138 0.0 96000
1694837379252 0.0 100000
1694837410719 0.0 104000
1694837442841 0.0 108000
1694837474498 0.0 112000
1694837506318 0.0 116000
1694837538702 0.0 120000
1694837573479 0.0 124000
1694837605982 0.0 128000
1694837639963 0.0 132000
1694837672890 0.0 136000
1694837705220 0.0 140000
1694837737462 0.0 144000
1694837769362 0.0 148000
1694837802090 0.0 152000
1694837834140 0.0 156000
1694837867645 0.0 160000
1694837905591 0.0 164000
1694837939125 0.0 168000
1694837971403 0.0 172000
1694838004891 0.0 176000
1694838037039 0.0 180000
1694838068216 0.0 184000
1694838099581 0.0 188000
1694838130982 0.0 192000
1694838162339 0.0 196000
1694838193004 0.0 200000
1694838228961 0.0 204000
1694838260241 0.0 208000
1694838291109 0.0 212000
1694838323036 0.0 216000
1694838354624 0.0 220000
1694838386029 0.0 224000
1694838417175 0.0 228000
1694838447990 0.0 232000
1694838479908 0.0 236000
1694838511866 0.0 240000
1694838547473 0.0 244000
1694838579948 0.0 248000
1694838611939 0.0 252000
1694838644085 0.0 256000
1694838675433 0.0 260000
1694838706770 0.0 264000
1694838738552 0.0 268000
1694838771381 0.0 272000
1694838804239 0.0 276000
1694838837662 0.0 280000
1694838875265 0.0 284000
1694838908288 0.0 288000
1694838941184 0.0 292000
1694838973753 0.0 296000
1694839006814 0.0 300000
1694839038572 0.0 304000
1694839070322 0.0 308000
1694839101720 0.0 312000
1694839134725 0.0 316000
1694839166755 0.0 320000
1694839200753 0.0 324000
1694839233311 0.0 328000
1694839264850 0.0 332000
1694839297209 0.0 336000
1694839328409 0.0 340000
1694839359698 0.0 344000
1694839389790 0.0 348000
1694839420790 0.0 352000
1694839452058 0.0 356000
1694839483050 0.0 360000
1694839516310 0.0 364000
1694839547961 0.0 368000
1694839579417 0.0 372000
1694839611665 0.0 376000
1694839642756 0.0 380000
1694839674387 0.0 384000
1694839706726 0.0 388000
1694839739502 0.0 392000
1694839771484 0.0 396000
1694839804111 0.0 400000
1694839840580 0.0 404000
1694839873406 0.0 408000
1694839906142 0.0 412000
1694839938447 0.0 416000
1694839971143 0.0 420000
1694840003086 0.0 424000
1694840035827 0.0 428000
1694840067213 0.0 432000
1694840099593 0.0 436000
1694840133051 0.0 440000
1694840170650 0.0 444000
1694840205018 0.0 448000
1694840237288 0.0 452000
1694840270770 0.0 456000
1694840302761 0.0 460000
1694840335554 0.0 464000
1694840366288 0.0 468000
1694840399514 0.0 472000
1694840430684 0.0 476000
1694840462819 0.0 480000
1694840498028 0.0 484000
1694840530142 0.0 488000
1694840561964 0.0 492000
1694840594056 0.0 496000
1694840627470 0.0 500000
1694840658636 0.0 504000
1694840690182 0.0 508000
1694840720725 0.0 512000
1694840752329 0.0 516000
1694840783608 0.0 520000
1694840820705 0.0 524000
1694840855995 0.0 528000
1694840885113 0.0 532000
1694840912185 0.0 536000
1694840940170 0.0 540000
1694840966316 0.0 544000
1694840993140 0.0 548000
1694841019334 0.0 552000
1694841045967 0.0 556000
1694841073303 0.0 560000
1694841101985 0.0 564000
1694841128341 0.0 568000
1694841154765 0.0 572000
1694841181711 0.0 576000
