1694836625482 0.0 4000
1694836654228 0.0 8000
1694836682376 0.0 12000
1694836712197 0.0 16000
1694836741833 0.0 20000
1694836771394 0.0 24000
1694836802252 0.0 28000
1694836832631 0.0 32000
1694836863450 0.0 36000
1694836893316 0.0 40000
1694836927347 0.0 44000
1694836958598 0.0 48000
1694836990942 0.0 52000
1694837024010 0.0 56000
1694837056269 0.0 60000
1694837087248 0.0 64000
1694837118813 0.0 68000
1694837150966 0.0 72000
1694837182694 0.0 76000
1694837215719 0.0 80000
1694837250599 0.0 84000
1694837282909 0.0 88000
1694837314714 0.0 92000
1694837347157 0.0 96000
1694837379265 0.0 100000
1694837410737 0.0 104000
1694837442858 0.0 108000
1694837474514 0.0 112000
1694837506332 0.0 116000
1694837538717 0.0 120000
1694837573496 0.0 124000
1694837605998 0.0 128000
1694837639976 0.0 132000
1694837672908 0.0 136000
1694837705231 0.0 140000
1694837737481 0.0 144000
1694837769377 0.0 148000
1694837802106 0.0 152000
1694837834160 0.0 156000
1694837867659 0.0 160000
1694837905613 0.0 164000
1694837939137 0.0 168000
1694837971438 0.0 172000
1694838004905 0.0 176000
1694838037054 0.0 180000
1694838068230 0.0 184000
1694838099593 0.0 188000
1694838130994 0.0 192000
1694838162352 0.0 196000
1694838193021 0.0 200000
1694838228977 0.0 204000
1694838260257 0.0 208000
1694838291122 0.0 212000
1694838323051 0.0 216000
1694838354636 0.0 220000
1694838386040 0.0 224000
1694838417188 0.0 228000
1694838448003 0.0 232000
1694838479922 0.0 236000
1694838511896 0.0 240000
1694838547488 0.0 244000
1694838579962 0.0 248000
1694838611953 0.0 252000
1694838644096 0.0 256000
1694838675444 0.0 260000
1694838706791 0.0 264000
1694838738566 0.0 268000
1694838771393 0.0 272000
1694838804251 0.0 276000
1694838837676 0.0 280000
1694838875282 0.0 284000
1694838908301 0.0 288000
1694838941197 0.0 292000
1694838973770 0.0 296000
1694839006832 0.0 300000
1694839038590 0.0 304000
1694839070339 0.0 308000
1694839101734 0.0 312000
1694839134743 0.0 316000
1694839166771 0.0 320000
1694839200766 0.0 324000
1694839233325 0.0 328000
1694839264863 0.0 332000
1694839297224 0.0 336000
1694839328423 0.0 340000
1694839359711 0.0 344000
1694839389801 0.0 348000
1694839420803 0.0 352000
1694839452072 0.0 356000
1694839483062 0.0 360000
1694839516331 0.0 364000
1694839547977 0.0 368000
1694839579434 0.0 372000
1694839611679 0.0 376000
1694839642767 0.0 380000
1694839674402 0.0 384000
1694839706740 0.0 388000
1694839739513 0.0 392000
1694839771519 0.0 396000
1694839804124 0.0 400000
1694839840601 0.0 404000
1694839873417 0.0 408000
1694839906155 0.0 412000
1694839938460 0.0 416000
1694839971158 0.0 420000
1694840003101 0.0 424000
1694840035846 0.0 428000
1694840067226 0.0 432000
1694840099631 0.0 436000
1694840133091 0.0 440000
1694840170663 0.0 444000
1694840205033 0.0 448000
1694840237304 0.0 452000
1694840270789 0.0 456000
1694840302773 0.0 460000
1694840335567 0.0 464000
1694840366302 0.0 468000
1694840399525 0.0 472000
1694840430698 0.0 476000
1694840462833 0.0 480000
1694840498043 0.0 484000
1694840530156 0.0 488000
1694840561976 0.0 492000
1694840594070 0.0 496000
1694840627484 0.0 500000
1694840658655 0.0 504000
1694840690194 0.0 508000
1694840720737 0.0 512000
1694840752344 0.0 516000
1694840783622 0.0 520000
1694840820720 0.0 524000
1694840856006 0.0 528000
1694840885123 0.0 532000
1694840912198 0.0 536000
1694840940179 0.0 540000
1694840966325 0.0 544000
1694840993150 0.0 548000
1694841019345 0.0 552000
1694841045977 0.0 556000
1694841073316 0.0 560000
1694841102000 0.0 564000
1694841128354 0.0 568000
1694841154776 0.0 572000
1694841181727 0.0 576000
