1694836625532 -1.0 4000
1694836654249 -1.0 8000
1694836682403 -1.0 12000
1694836712246 -1.0 16000
1694836741856 -1.0 20000
1694836771441 -1.0 24000
1694836802281 -1.0 28000
1694836832681 -1.0 32000
1694836863477 -1.0 36000
1694836893349 -1.0 40000
1694836927377 -1.0 44000
1694836958628 -1.0 48000
1694836990971 -1.0 52000
1694837024038 -1.0 56000
1694837056304 -1.0 60000
1694837087271 -1.0 64000
1694837118848 -1.0 68000
1694837151000 -1.0 72000
1694837182721 -1.0 76000
1694837215750 -1.0 80000
1694837250668 -1.0 84000
1694837282937 -1.0 88000
1694837314747 -1.0 92000
1694837347179 -1.0 96000
1694837379290 -1.0 100000
1694837410766 -1.0 104000
1694837442882 -1.0 108000
1694837474542 -1.0 112000
1694837506367 -1.0 116000
1694837538744 -1.0 120000
1694837573526 -1.0 124000
1694837606026 -1.0 128000
1694837640016 -1.0 132000
1694837672958 -1.0 136000
1694837705265 -1.0 140000
1694837737514 -1.0 144000
1694837769404 -1.0 148000
1694837802136 -1.0 152000
1694837834187 -1.0 156000
1694837867691 -1.0 160000
1694837905640 -1.0 164000
1694837939169 -1.0 168000
1694837971468 -1.0 172000
1694838004930 -1.0 176000
1694838037079 -1.0 180000
1694838068257 -1.0 184000
1694838099621 -1.0 188000
1694838131024 -1.0 192000
1694838162380 -1.0 196000
1694838193044 -1.0 200000
1694838229002 -1.0 204000
1694838260284 -1.0 208000
1694838291146 -1.0 212000
1694838323081 -1.0 216000
1694838354662 -1.0 220000
1694838386070 -1.0 224000
1694838417213 -1.0 228000
1694838448034 -1.0 232000
1694838479947 -1.0 236000
1694838511945 -1.0 240000
1694838547515 -1.0 244000
1694838579987 -1.0 248000
1694838611981 -1.0 252000
1694838644124 -1.0 256000
1694838675474 -1.0 260000
1694838706818 -1.0 264000
1694838738595 -1.0 268000
1694838771419 -1.0 272000
1694838804281 -1.0 276000
1694838837705 -1.0 280000
1694838875306 -1.0 284000
1694838908324 -1.0 288000
1694838941227 -1.0 292000
1694838973798 -1.0 296000
1694839006857 -1.0 300000
1694839038620 -1.0 304000
1694839070361 -1.0 308000
1694839101757 -1.0 312000
1694839134770 -1.0 316000
1694839166799 -1.0 320000
1694839200795 -1.0 324000
1694839233371 -1.0 328000
1694839264891 -1.0 332000
1694839297252 -1.0 336000
1694839328447 -1.0 340000
1694839359738 -1.0 344000
1694839389824 -1.0 348000
1694839420838 -1.0 352000
1694839452099 -1.0 356000
1694839483094 -1.0 360000
1694839516362 -1.0 364000
1694839548006 -1.0 368000
1694839579461 -1.0 372000
1694839611705 -1.0 376000
1694839642801 -1.0 380000
1694839674430 -1.0 384000
1694839706764 -1.0 388000
1694839739542 -1.0 392000
1694839771571 -1.0 396000
1694839804148 -1.0 400000
1694839840628 -1.0 404000
1694839873447 -1.0 408000
1694839906180 -1.0 412000
1694839938493 -1.0 416000
1694839971185 -1.0 420000
1694840003124 -1.0 424000
1694840035871 -1.0 428000
1694840067256 -1.0 432000
1694840099664 -1.0 436000
1694840133175 -1.0 440000
1694840170688 -1.0 444000
1694840205061 -1.0 448000
1694840237327 -1.0 452000
1694840270818 -1.0 456000
1694840302801 -1.0 460000
1694840335593 -1.0 464000
1694840366327 -1.0 468000
1694840399552 -1.0 472000
1694840430744 -1.0 476000
1694840462863 -1.0 480000
1694840498068 -1.0 484000
1694840530179 -1.0 488000
1694840562006 -1.0 492000
1694840594100 -1.0 496000
1694840627513 -1.0 500000
1694840658682 -1.0 504000
1694840690224 -1.0 508000
1694840720764 -1.0 512000
1694840752372 -1.0 516000
1694840783650 -1.0 520000
1694840820744 -1.0 524000
1694840856028 -1.0 528000
1694840885147 -1.0 532000
1694840912241 -1.0 536000
1694840940206 -1.0 540000
1694840966353 -1.0 544000
1694840993174 -1.0 548000
1694841019366 -1.0 552000
1694841045998 -1.0 556000
1694841073340 -1.0 560000
1694841102027 -1.0 564000
1694841128381 -1.0 568000
1694841154796 -1.0 572000
1694841181755 -1.0 576000
