1694836625512 0.0 4000
1694836654247 0.0 8000
1694836682400 0.0 12000
1694836712243 0.0 16000
1694836741852 0.0 20000
1694836771439 0.0 24000
1694836802279 0.0 28000
1694836832678 0.0 32000
1694836863473 0.0 36000
1694836893347 0.0 40000
1694836927374 0.0 44000
1694836958624 0.0 48000
1694836990966 0.0 52000
1694837024033 0.0 56000
1694837056301 0.0 60000
1694837087268 0.0 64000
1694837118844 0.0 68000
1694837150996 0.0 72000
1694837182717 0.0 76000
1694837215745 0.0 80000
1694837250647 0.0 84000
1694837282935 0.0 88000
1694837314742 0.0 92000
1694837347177 0.0 96000
1694837379288 0.0 100000
1694837410764 0.0 104000
1694837442880 0.0 108000
1694837474538 0.0 112000
1694837506364 0.0 116000
1694837538739 0.0 120000
1694837573524 0.0 124000
1694837606024 0.0 128000
1694837640013 0.0 132000
1694837672952 0.0 136000
1694837705263 0.0 140000
1694837737511 0.0 144000
1694837769401 0.0 148000
1694837802132 0.0 152000
1694837834184 0.0 156000
1694837867685 0.0 160000
1694837905637 0.0 164000
1694837939166 0.0 168000
1694837971465 0.0 172000
1694838004927 0.0 176000
1694838037077 0.0 180000
1694838068253 0.0 184000
1694838099618 0.0 188000
1694838131021 0.0 192000
1694838162378 0.0 196000
1694838193041 0.0 200000
1694838228999 0.0 204000
1694838260281 0.0 208000
1694838291143 0.0 212000
1694838323078 0.0 216000
1694838354660 0.0 220000
1694838386066 0.0 224000
1694838417210 0.0 228000
1694838448032 0.0 232000
1694838479944 0.0 236000
1694838511923 0.0 240000
1694838547511 0.0 244000
1694838579985 0.0 248000
1694838611978 0.0 252000
1694838644119 0.0 256000
1694838675470 0.0 260000
1694838706815 0.0 264000
1694838738593 0.0 268000
1694838771416 0.0 272000
1694838804278 0.0 276000
1694838837701 0.0 280000
1694838875304 0.0 284000
1694838908321 0.0 288000
1694838941224 0.0 292000
1694838973796 0.0 296000
1694839006854 0.0 300000
1694839038616 0.0 304000
1694839070359 0.0 308000
1694839101754 0.0 312000
1694839134767 0.0 316000
1694839166797 0.0 320000
1694839200793 0.0 324000
1694839233368 0.0 328000
1694839264888 0.0 332000
1694839297250 0.0 336000
1694839328445 0.0 340000
1694839359735 0.0 344000
1694839389822 0.0 348000
1694839420833 0.0 352000
1694839452096 0.0 356000
1694839483091 0.0 360000
1694839516359 0.0 364000
1694839548003 0.0 368000
1694839579458 0.0 372000
1694839611702 0.0 376000
1694839642799 0.0 380000
1694839674425 0.0 384000
1694839706762 0.0 388000
1694839739539 0.0 392000
1694839771567 0.0 396000
1694839804146 0.0 400000
1694839840623 0.0 404000
1694839873444 0.0 408000
1694839906176 0.0 412000
1694839938488 0.0 416000
1694839971181 0.0 420000
1694840003121 0.0 424000
1694840035868 0.0 428000
1694840067254 0.0 432000
1694840099661 0.0 436000
1694840133170 0.0 440000
1694840170684 0.0 444000
1694840205058 0.0 448000
1694840237325 0.0 452000
1694840270816 0.0 456000
1694840302797 0.0 460000
1694840335589 0.0 464000
1694840366325 0.0 468000
1694840399550 0.0 472000
1694840430741 0.0 476000
1694840462860 0.0 480000
1694840498065 0.0 484000
1694840530176 0.0 488000
1694840562003 0.0 492000
1694840594096 0.0 496000
1694840627510 0.0 500000
1694840658678 0.0 504000
1694840690221 0.0 508000
1694840720762 0.0 512000
1694840752369 0.0 516000
1694840783644 0.0 520000
1694840820741 0.0 524000
1694840856026 0.0 528000
1694840885144 0.0 532000
1694840912238 0.0 536000
1694840940203 0.0 540000
1694840966350 0.0 544000
1694840993172 0.0 548000
1694841019363 0.0 552000
1694841045994 0.0 556000
1694841073336 0.0 560000
1694841102025 0.0 564000
1694841128379 0.0 568000
1694841154794 0.0 572000
1694841181752 0.0 576000
