1694836625489 1.0 4000
1694836654233 1.0 8000
1694836682380 1.0 12000
1694836712203 1.0 16000
1694836741838 1.0 20000
1694836771400 1.0 24000
1694836802259 1.0 28000
1694836832636 1.0 32000
1694836863455 1.0 36000
1694836893324 1.0 40000
1694836927352 1.0 44000
1694836958603 1.0 48000
1694836990949 1.0 52000
1694837024016 1.0 56000
1694837056277 1.0 60000
1694837087254 1.0 64000
1694837118818 1.0 68000
1694837150975 1.0 72000
1694837182702 1.0 76000
1694837215724 1.0 80000
1694837250624 1.0 84000
1694837282914 1.0 88000
1694837314720 1.0 92000
1694837347163 1.0 96000
1694837379271 1.0 100000
1694837410743 1.0 104000
1694837442864 1.0 108000
1694837474519 1.0 112000
1694837506341 1.0 116000
1694837538721 1.0 120000
1694837573505 1.0 124000
1694837606007 1.0 128000
1694837639985 1.0 132000
1694837672932 1.0 136000
1694837705237 1.0 140000
1694837737487 1.0 144000
1694837769382 1.0 148000
1694837802116 1.0 152000
1694837834169 1.0 156000
1694837867668 1.0 160000
1694837905620 1.0 164000
1694837939145 1.0 168000
1694837971444 1.0 172000
1694838004911 1.0 176000
1694838037060 1.0 180000
1694838068235 1.0 184000
1694838099602 1.0 188000
1694838131001 1.0 192000
1694838162358 1.0 196000
1694838193027 1.0 200000
1694838228983 1.0 204000
1694838260263 1.0 208000
1694838291128 1.0 212000
1694838323057 1.0 216000
1694838354641 1.0 220000
1694838386045 1.0 224000
1694838417193 1.0 228000
1694838448011 1.0 232000
1694838479929 1.0 236000
1694838511902 1.0 240000
1694838547494 1.0 244000
1694838579968 1.0 248000
1694838611959 1.0 252000
1694838644101 1.0 256000
1694838675451 1.0 260000
1694838706796 1.0 264000
1694838738573 1.0 268000
1694838771398 1.0 272000
1694838804259 1.0 276000
1694838837684 1.0 280000
1694838875288 1.0 284000
1694838908306 1.0 288000
1694838941203 1.0 292000
1694838973778 1.0 296000
1694839006839 1.0 300000
1694839038595 1.0 304000
1694839070344 1.0 308000
1694839101740 1.0 312000
1694839134748 1.0 316000
1694839166777 1.0 320000
1694839200773 1.0 324000
1694839233333 1.0 328000
1694839264870 1.0 332000
1694839297232 1.0 336000
1694839328428 1.0 340000
1694839359718 1.0 344000
1694839389806 1.0 348000
1694839420808 1.0 352000
1694839452077 1.0 356000
1694839483071 1.0 360000
1694839516341 1.0 364000
1694839547985 1.0 368000
1694839579442 1.0 372000
1694839611685 1.0 376000
1694839642775 1.0 380000
1694839674407 1.0 384000
1694839706746 1.0 388000
1694839739519 1.0 392000
1694839771526 1.0 396000
1694839804130 1.0 400000
1694839840607 1.0 404000
1694839873425 1.0 408000
1694839906160 1.0 412000
1694839938465 1.0 416000
1694839971163 1.0 420000
1694840003107 1.0 424000
1694840035853 1.0 428000
1694840067233 1.0 432000
1694840099641 1.0 436000
1694840133102 1.0 440000
1694840170668 1.0 444000
1694840205038 1.0 448000
1694840237310 1.0 452000
1694840270796 1.0 456000
1694840302779 1.0 460000
1694840335572 1.0 464000
1694840366310 1.0 468000
1694840399533 1.0 472000
1694840430704 1.0 476000
1694840462840 1.0 480000
1694840498049 1.0 484000
1694840530162 1.0 488000
1694840561983 1.0 492000
1694840594075 1.0 496000
1694840627491 1.0 500000
1694840658663 1.0 504000
1694840690202 1.0 508000
1694840720744 1.0 512000
1694840752349 1.0 516000
1694840783627 1.0 520000
1694840820725 1.0 524000
1694840856010 1.0 528000
1694840885127 1.0 532000
1694840912204 1.0 536000
1694840940184 1.0 540000
1694840966330 1.0 544000
1694840993155 1.0 548000
1694841019349 1.0 552000
1694841045981 1.0 556000
1694841073321 1.0 560000
1694841102008 1.0 564000
1694841128360 1.0 568000
1694841154780 1.0 572000
1694841181731 1.0 576000
