1694836625498 0.0 4000
1694836654240 0.0 8000
1694836682389 0.0 12000
1694836712232 0.0 16000
1694836741846 0.0 20000
1694836771411 0.0 24000
1694836802271 0.0 28000
1694836832650 0.0 32000
1694836863462 0.0 36000
1694836893337 0.0 40000
1694836927359 0.0 44000
1694836958610 0.0 48000
1694836990956 0.0 52000
1694837024025 0.0 56000
1694837056291 0.0 60000
1694837087261 0.0 64000
1694837118831 0.0 68000
1694837150984 0.0 72000
1694837182710 0.0 76000
1694837215732 0.0 80000
1694837250634 0.0 84000
1694837282924 0.0 88000
1694837314733 0.0 92000
1694837347170 0.0 96000
1694837379278 0.0 100000
1694837410756 0.0 104000
1694837442872 0.0 108000
1694837474527 0.0 112000
1694837506355 0.0 116000
1694837538728 0.0 120000
1694837573515 0.0 124000
1694837606016 0.0 128000
1694837639998 0.0 132000
1694837672942 0.0 136000
1694837705249 0.0 140000
1694837737497 0.0 144000
1694837769393 0.0 148000
1694837802125 0.0 152000
1694837834177 0.0 156000
1694837867677 0.0 160000
1694837905629 0.0 164000
1694837939156 0.0 168000
1694837971454 0.0 172000
1694838004920 0.0 176000
1694838037069 0.0 180000
1694838068243 0.0 184000
1694838099610 0.0 188000
1694838131010 0.0 192000
1694838162369 0.0 196000
1694838193034 0.0 200000
1694838228991 0.0 204000
1694838260274 0.0 208000
1694838291135 0.0 212000
1694838323067 0.0 216000
1694838354648 0.0 220000
1694838386057 0.0 224000
1694838417200 0.0 228000
1694838448022 0.0 232000
1694838479937 0.0 236000
1694838511911 0.0 240000
1694838547503 0.0 244000
1694838579977 0.0 248000
1694838611967 0.0 252000
1694838644108 0.0 256000
1694838675462 0.0 260000
1694838706808 0.0 264000
1694838738585 0.0 268000
1694838771406 0.0 272000
1694838804269 0.0 276000
1694838837693 0.0 280000
1694838875296 0.0 284000
1694838908313 0.0 288000
1694838941215 0.0 292000
1694838973788 0.0 296000
1694839006847 0.0 300000
1694839038603 0.0 304000
1694839070351 0.0 308000
1694839101747 0.0 312000
1694839134756 0.0 316000
1694839166789 0.0 320000
1694839200783 0.0 324000
1694839233359 0.0 328000
1694839264877 0.0 332000
1694839297242 0.0 336000
1694839328437 0.0 340000
1694839359725 0.0 344000
1694839389813 0.0 348000
1694839420822 0.0 352000
1694839452087 0.0 356000
1694839483081 0.0 360000
1694839516351 0.0 364000
1694839547996 0.0 368000
1694839579451 0.0 372000
1694839611694 0.0 376000
1694839642788 0.0 380000
1694839674415 0.0 384000
1694839706754 0.0 388000
1694839739529 0.0 392000
1694839771535 0.0 396000
1694839804138 0.0 400000
1694839840615 0.0 404000
1694839873434 0.0 408000
1694839906167 0.0 412000
1694839938475 0.0 416000
1694839971170 0.0 420000
1694840003114 0.0 424000
1694840035861 0.0 428000
1694840067244 0.0 432000
1694840099652 0.0 436000
1694840133134 0.0 440000
1694840170676 0.0 444000
1694840205049 0.0 448000
1694840237318 0.0 452000
1694840270807 0.0 456000
1694840302788 0.0 460000
1694840335579 0.0 464000
1694840366317 0.0 468000
1694840399541 0.0 472000
1694840430731 0.0 476000
1694840462850 0.0 480000
1694840498057 0.0 484000
1694840530169 0.0 488000
1694840561993 0.0 492000
1694840594086 0.0 496000
1694840627499 0.0 500000
1694840658670 0.0 504000
1694840690213 0.0 508000
1694840720752 0.0 512000
1694840752361 0.0 516000
1694840783634 0.0 520000
1694840820733 0.0 524000
1694840856018 0.0 528000
1694840885134 0.0 532000
1694840912213 0.0 536000
1694840940195 0.0 540000
1694840966339 0.0 544000
1694840993164 0.0 548000
1694841019356 0.0 552000
1694841045988 0.0 556000
1694841073328 0.0 560000
1694841102018 0.0 564000
1694841128372 0.0 568000
1694841154787 0.0 572000
1694841181741 0.0 576000
