1694836625494 50.0 4000
1694836654236 50.0 8000
1694836682384 50.0 12000
1694836712210 50.0 16000
1694836741843 50.0 20000
1694836771404 50.0 24000
1694836802266 50.0 28000
1694836832642 50.0 32000
1694836863458 50.0 36000
1694836893330 50.0 40000
1694836927355 50.0 44000
1694836958607 50.0 48000
1694836990953 50.0 52000
1694837024021 50.0 56000
1694837056284 50.0 60000
1694837087258 50.0 64000
1694837118824 50.0 68000
1694837150980 50.0 72000
1694837182706 50.0 76000
1694837215728 50.0 80000
1694837250629 50.0 84000
1694837282918 50.0 88000
1694837314726 50.0 92000
1694837347166 50.0 96000
1694837379274 50.0 100000
1694837410749 50.0 104000
1694837442868 50.0 108000
1694837474522 50.0 112000
1694837506348 50.0 116000
1694837538725 50.0 120000
1694837573511 50.0 124000
1694837606012 50.0 128000
1694837639993 50.0 132000
1694837672937 50.0 136000
1694837705244 50.0 140000
1694837737492 50.0 144000
1694837769386 50.0 148000
1694837802121 50.0 152000
1694837834173 50.0 156000
1694837867673 50.0 160000
1694837905625 50.0 164000
1694837939152 50.0 168000
1694837971449 50.0 172000
1694838004916 50.0 176000
1694838037065 50.0 180000
1694838068239 50.0 184000
1694838099606 50.0 188000
1694838131006 50.0 192000
1694838162364 50.0 196000
1694838193031 50.0 200000
1694838228987 50.0 204000
1694838260269 50.0 208000
1694838291132 50.0 212000
1694838323062 50.0 216000
1694838354644 50.0 220000
1694838386050 50.0 224000
1694838417197 50.0 228000
1694838448016 50.0 232000
1694838479933 50.0 236000
1694838511907 50.0 240000
1694838547498 50.0 244000
1694838579973 50.0 248000
1694838611963 50.0 252000
1694838644104 50.0 256000
1694838675458 50.0 260000
1694838706803 50.0 264000
1694838738580 50.0 268000
1694838771402 50.0 272000
1694838804265 50.0 276000
1694838837689 50.0 280000
1694838875292 50.0 284000
1694838908310 50.0 288000
1694838941208 50.0 292000
1694838973784 50.0 296000
1694839006843 50.0 300000
1694839038599 50.0 304000
1694839070348 50.0 308000
1694839101743 50.0 312000
1694839134752 50.0 316000
1694839166783 50.0 320000
1694839200778 50.0 324000
1694839233338 50.0 328000
1694839264874 50.0 332000
1694839297237 50.0 336000
1694839328433 50.0 340000
1694839359722 50.0 344000
1694839389810 50.0 348000
1694839420815 50.0 352000
1694839452081 50.0 356000
1694839483076 50.0 360000
1694839516347 50.0 364000
1694839547991 50.0 368000
1694839579447 50.0 372000
1694839611690 50.0 376000
1694839642782 50.0 380000
1694839674411 50.0 384000
1694839706751 50.0 388000
1694839739523 50.0 392000
1694839771530 50.0 396000
1694839804133 50.0 400000
1694839840611 50.0 404000
1694839873430 50.0 408000
1694839906163 50.0 412000
1694839938469 50.0 416000
1694839971167 50.0 420000
1694840003110 50.0 424000
1694840035857 50.0 428000
1694840067238 50.0 432000
1694840099646 50.0 436000
1694840133125 50.0 440000
1694840170672 50.0 444000
1694840205043 50.0 448000
1694840237314 50.0 452000
1694840270802 50.0 456000
1694840302784 50.0 460000
1694840335576 50.0 464000
1694840366314 50.0 468000
1694840399537 50.0 472000
1694840430724 50.0 476000
1694840462845 50.0 480000
1694840498053 50.0 484000
1694840530166 50.0 488000
1694840561989 50.0 492000
1694840594080 50.0 496000
1694840627495 50.0 500000
1694840658666 50.0 504000
1694840690209 50.0 508000
1694840720748 50.0 512000
1694840752355 50.0 516000
1694840783630 50.0 520000
1694840820729 50.0 524000
1694840856015 50.0 528000
1694840885131 50.0 532000
1694840912209 50.0 536000
1694840940189 50.0 540000
1694840966333 50.0 544000
1694840993159 50.0 548000
1694841019352 50.0 552000
1694841045984 50.0 556000
1694841073325 50.0 560000
1694841102014 50.0 564000
1694841128368 50.0 568000
1694841154783 50.0 572000
1694841181735 50.0 576000
