1694836625492 50.0 4000
1694836654235 50.0 8000
1694836682383 50.0 12000
1694836712208 50.0 16000
1694836741841 50.0 20000
1694836771403 50.0 24000
1694836802263 50.0 28000
1694836832640 50.0 32000
1694836863457 50.0 36000
1694836893328 50.0 40000
1694836927354 50.0 44000
1694836958606 50.0 48000
1694836990951 50.0 52000
1694837024018 50.0 56000
1694837056282 50.0 60000
1694837087256 50.0 64000
1694837118821 50.0 68000
1694837150978 50.0 72000
1694837182704 50.0 76000
1694837215727 50.0 80000
1694837250628 50.0 84000
1694837282917 50.0 88000
1694837314724 50.0 92000
1694837347165 50.0 96000
1694837379273 50.0 100000
1694837410747 50.0 104000
1694837442867 50.0 108000
1694837474521 50.0 112000
1694837506346 50.0 116000
1694837538724 50.0 120000
1694837573509 50.0 124000
1694837606011 50.0 128000
1694837639990 50.0 132000
1694837672936 50.0 136000
1694837705241 50.0 140000
1694837737490 50.0 144000
1694837769384 50.0 148000
1694837802119 50.0 152000
1694837834172 50.0 156000
1694837867671 50.0 160000
1694837905623 50.0 164000
1694837939150 50.0 168000
1694837971448 50.0 172000
1694838004914 50.0 176000
1694838037063 50.0 180000
1694838068237 50.0 184000
1694838099605 50.0 188000
1694838131004 50.0 192000
1694838162362 50.0 196000
1694838193029 50.0 200000
1694838228985 50.0 204000
1694838260267 50.0 208000
1694838291130 50.0 212000
1694838323060 50.0 216000
1694838354643 50.0 220000
1694838386048 50.0 224000
1694838417196 50.0 228000
1694838448014 50.0 232000
1694838479932 50.0 236000
1694838511905 50.0 240000
1694838547496 50.0 244000
1694838579972 50.0 248000
1694838611962 50.0 252000
1694838644103 50.0 256000
1694838675456 50.0 260000
1694838706800 50.0 264000
1694838738578 50.0 268000
1694838771400 50.0 272000
1694838804263 50.0 276000
1694838837687 50.0 280000
1694838875290 50.0 284000
1694838908308 50.0 288000
1694838941205 50.0 292000
1694838973782 50.0 296000
1694839006841 50.0 300000
1694839038598 50.0 304000
1694839070346 50.0 308000
1694839101742 50.0 312000
1694839134751 50.0 316000
1694839166781 50.0 320000
1694839200776 50.0 324000
1694839233337 50.0 328000
1694839264872 50.0 332000
1694839297236 50.0 336000
1694839328432 50.0 340000
1694839359720 50.0 344000
1694839389809 50.0 348000
1694839420812 50.0 352000
1694839452080 50.0 356000
1694839483074 50.0 360000
1694839516345 50.0 364000
1694839547989 50.0 368000
1694839579446 50.0 372000
1694839611689 50.0 376000
1694839642779 50.0 380000
1694839674410 50.0 384000
1694839706749 50.0 388000
1694839739521 50.0 392000
1694839771529 50.0 396000
1694839804132 50.0 400000
1694839840610 50.0 404000
1694839873428 50.0 408000
1694839906162 50.0 412000
1694839938468 50.0 416000
1694839971165 50.0 420000
1694840003109 50.0 424000
1694840035855 50.0 428000
1694840067237 50.0 432000
1694840099644 50.0 436000
1694840133123 50.0 440000
1694840170671 50.0 444000
1694840205041 50.0 448000
1694840237313 50.0 452000
1694840270800 50.0 456000
1694840302783 50.0 460000
1694840335574 50.0 464000
1694840366312 50.0 468000
1694840399536 50.0 472000
1694840430707 50.0 476000
1694840462843 50.0 480000
1694840498052 50.0 484000
1694840530164 50.0 488000
1694840561987 50.0 492000
1694840594078 50.0 496000
1694840627494 50.0 500000
1694840658665 50.0 504000
1694840690207 50.0 508000
1694840720747 50.0 512000
1694840752352 50.0 516000
1694840783629 50.0 520000
1694840820728 50.0 524000
1694840856013 50.0 528000
1694840885130 50.0 532000
1694840912207 50.0 536000
1694840940187 50.0 540000
1694840966332 50.0 544000
1694840993157 50.0 548000
1694841019351 50.0 552000
1694841045983 50.0 556000
1694841073324 50.0 560000
1694841102012 50.0 564000
1694841128365 50.0 568000
1694841154782 50.0 572000
1694841181734 50.0 576000
