1694836625486 1.0 4000
1694836654231 1.0 8000
1694836682378 1.0 12000
1694836712200 1.0 16000
1694836741835 1.0 20000
1694836771397 1.0 24000
1694836802255 1.0 28000
1694836832633 1.0 32000
1694836863452 1.0 36000
1694836893320 1.0 40000
1694836927349 1.0 44000
1694836958601 1.0 48000
1694836990946 1.0 52000
1694837024013 1.0 56000
1694837056272 1.0 60000
1694837087251 1.0 64000
1694837118816 1.0 68000
1694837150971 1.0 72000
1694837182698 1.0 76000
1694837215722 1.0 80000
1694837250620 1.0 84000
1694837282912 1.0 88000
1694837314717 1.0 92000
1694837347160 1.0 96000
1694837379268 1.0 100000
1694837410740 1.0 104000
1694837442861 1.0 108000
1694837474516 1.0 112000
1694837506336 1.0 116000
1694837538719 1.0 120000
1694837573500 1.0 124000
1694837606002 1.0 128000
1694837639980 1.0 132000
1694837672929 1.0 136000
1694837705234 1.0 140000
1694837737484 1.0 144000
1694837769379 1.0 148000
1694837802111 1.0 152000
1694837834165 1.0 156000
1694837867664 1.0 160000
1694837905617 1.0 164000
1694837939140 1.0 168000
1694837971441 1.0 172000
1694838004908 1.0 176000
1694838037057 1.0 180000
1694838068232 1.0 184000
1694838099597 1.0 188000
1694838130998 1.0 192000
1694838162355 1.0 196000
1694838193024 1.0 200000
1694838228980 1.0 204000
1694838260260 1.0 208000
1694838291125 1.0 212000
1694838323054 1.0 216000
1694838354638 1.0 220000
1694838386043 1.0 224000
1694838417190 1.0 228000
1694838448008 1.0 232000
1694838479926 1.0 236000
1694838511899 1.0 240000
1694838547491 1.0 244000
1694838579965 1.0 248000
1694838611957 1.0 252000
1694838644098 1.0 256000
1694838675447 1.0 260000
1694838706793 1.0 264000
1694838738568 1.0 268000
1694838771395 1.0 272000
1694838804254 1.0 276000
1694838837680 1.0 280000
1694838875285 1.0 284000
1694838908303 1.0 288000
1694838941200 1.0 292000
1694838973774 1.0 296000
1694839006836 1.0 300000
1694839038592 1.0 304000
1694839070341 1.0 308000
1694839101737 1.0 312000
1694839134746 1.0 316000
1694839166774 1.0 320000
1694839200770 1.0 324000
1694839233329 1.0 328000
1694839264867 1.0 332000
1694839297227 1.0 336000
1694839328425 1.0 340000
1694839359715 1.0 344000
1694839389804 1.0 348000
1694839420806 1.0 352000
1694839452075 1.0 356000
1694839483066 1.0 360000
1694839516336 1.0 364000
1694839547981 1.0 368000
1694839579437 1.0 372000
1694839611681 1.0 376000
1694839642771 1.0 380000
1694839674405 1.0 384000
1694839706743 1.0 388000
1694839739516 1.0 392000
1694839771522 1.0 396000
1694839804127 1.0 400000
1694839840604 1.0 404000
1694839873421 1.0 408000
1694839906157 1.0 412000
1694839938463 1.0 416000
1694839971160 1.0 420000
1694840003104 1.0 424000
1694840035849 1.0 428000
1694840067230 1.0 432000
1694840099637 1.0 436000
1694840133097 1.0 440000
1694840170665 1.0 444000
1694840205036 1.0 448000
1694840237307 1.0 452000
1694840270792 1.0 456000
1694840302775 1.0 460000
1694840335569 1.0 464000
1694840366307 1.0 468000
1694840399529 1.0 472000
1694840430701 1.0 476000
1694840462837 1.0 480000
1694840498045 1.0 484000
1694840530159 1.0 488000
1694840561979 1.0 492000
1694840594072 1.0 496000
1694840627488 1.0 500000
1694840658659 1.0 504000
1694840690198 1.0 508000
1694840720741 1.0 512000
1694840752346 1.0 516000
1694840783624 1.0 520000
1694840820722 1.0 524000
1694840856008 1.0 528000
1694840885125 1.0 532000
1694840912201 1.0 536000
1694840940182 1.0 540000
1694840966327 1.0 544000
1694840993152 1.0 548000
1694841019347 1.0 552000
1694841045979 1.0 556000
1694841073319 1.0 560000
1694841102004 1.0 564000
1694841128356 1.0 568000
1694841154778 1.0 572000
1694841181729 1.0 576000
