1694836625496 2.0 4000
1694836654239 2.0 8000
1694836682387 2.0 12000
1694836712215 2.0 16000
1694836741845 2.0 20000
1694836771409 2.0 24000
1694836802270 2.0 28000
1694836832647 2.0 32000
1694836863461 2.0 36000
1694836893334 2.0 40000
1694836927358 2.0 44000
1694836958609 2.0 48000
1694836990955 2.0 52000
1694837024024 2.0 56000
1694837056288 2.0 60000
1694837087260 2.0 64000
1694837118829 2.0 68000
1694837150982 2.0 72000
1694837182709 2.0 76000
1694837215731 2.0 80000
1694837250633 2.0 84000
1694837282922 2.0 88000
1694837314730 2.0 92000
1694837347169 2.0 96000
1694837379277 2.0 100000
1694837410754 2.0 104000
1694837442871 2.0 108000
1694837474525 2.0 112000
1694837506352 2.0 116000
1694837538727 2.0 120000
1694837573514 2.0 124000
1694837606015 2.0 128000
1694837639997 2.0 132000
1694837672940 2.0 136000
1694837705248 2.0 140000
1694837737495 2.0 144000
1694837769391 2.0 148000
1694837802123 2.0 152000
1694837834176 2.0 156000
1694837867676 2.0 160000
1694837905627 2.0 164000
1694837939154 2.0 168000
1694837971452 2.0 172000
1694838004919 2.0 176000
1694838037068 2.0 180000
1694838068241 2.0 184000
1694838099609 2.0 188000
1694838131008 2.0 192000
1694838162367 2.0 196000
1694838193033 2.0 200000
1694838228989 2.0 204000
1694838260272 2.0 208000
1694838291134 2.0 212000
1694838323065 2.0 216000
1694838354647 2.0 220000
1694838386054 2.0 224000
1694838417199 2.0 228000
1694838448020 2.0 232000
1694838479936 2.0 236000
1694838511910 2.0 240000
1694838547501 2.0 244000
1694838579976 2.0 248000
1694838611966 2.0 252000
1694838644107 2.0 256000
1694838675461 2.0 260000
1694838706806 2.0 264000
1694838738583 2.0 268000
1694838771404 2.0 272000
1694838804268 2.0 276000
1694838837691 2.0 280000
1694838875294 2.0 284000
1694838908312 2.0 288000
1694838941213 2.0 292000
1694838973787 2.0 296000
1694839006846 2.0 300000
1694839038601 2.0 304000
1694839070350 2.0 308000
1694839101746 2.0 312000
1694839134754 2.0 316000
1694839166787 2.0 320000
1694839200781 2.0 324000
1694839233357 2.0 328000
1694839264876 2.0 332000
1694839297240 2.0 336000
1694839328436 2.0 340000
1694839359724 2.0 344000
1694839389812 2.0 348000
1694839420820 2.0 352000
1694839452085 2.0 356000
1694839483079 2.0 360000
1694839516350 2.0 364000
1694839547994 2.0 368000
1694839579450 2.0 372000
1694839611693 2.0 376000
1694839642786 2.0 380000
1694839674413 2.0 384000
1694839706753 2.0 388000
1694839739527 2.0 392000
1694839771534 2.0 396000
1694839804136 2.0 400000
1694839840614 2.0 404000
1694839873433 2.0 408000
1694839906166 2.0 412000
1694839938472 2.0 416000
1694839971169 2.0 420000
1694840003113 2.0 424000
1694840035859 2.0 428000
1694840067242 2.0 432000
1694840099650 2.0 436000
1694840133131 2.0 440000
1694840170675 2.0 444000
1694840205047 2.0 448000
1694840237316 2.0 452000
1694840270806 2.0 456000
1694840302787 2.0 460000
1694840335578 2.0 464000
1694840366316 2.0 468000
1694840399540 2.0 472000
1694840430729 2.0 476000
1694840462848 2.0 480000
1694840498056 2.0 484000
1694840530168 2.0 488000
1694840561992 2.0 492000
1694840594084 2.0 496000
1694840627498 2.0 500000
1694840658669 2.0 504000
1694840690212 2.0 508000
1694840720751 2.0 512000
1694840752359 2.0 516000
1694840783633 2.0 520000
1694840820732 2.0 524000
1694840856017 2.0 528000
1694840885133 2.0 532000
1694840912212 2.0 536000
1694840940193 2.0 540000
1694840966336 2.0 544000
1694840993162 2.0 548000
1694841019355 2.0 552000
1694841045987 2.0 556000
1694841073327 2.0 560000
1694841102016 2.0 564000
1694841128371 2.0 568000
1694841154786 2.0 572000
1694841181739 2.0 576000
