1694836625488 64.0 4000
1694836654232 64.0 8000
1694836682379 64.0 12000
1694836712201 64.0 16000
1694836741837 64.0 20000
1694836771398 64.0 24000
1694836802256 64.0 28000
1694836832635 64.0 32000
1694836863454 64.0 36000
1694836893322 64.0 40000
1694836927351 64.0 44000
1694836958602 64.0 48000
1694836990947 64.0 52000
1694837024014 64.0 56000
1694837056274 64.0 60000
1694837087253 64.0 64000
1694837118817 64.0 68000
1694837150973 64.0 72000
1694837182700 64.0 76000
1694837215723 64.0 80000
1694837250622 64.0 84000
1694837282913 64.0 88000
1694837314718 64.0 92000
1694837347161 64.0 96000
1694837379269 64.0 100000
1694837410741 64.0 104000
1694837442863 64.0 108000
1694837474517 64.0 112000
1694837506338 64.0 116000
1694837538720 64.0 120000
1694837573502 64.0 124000
1694837606004 64.0 128000
1694837639982 64.0 132000
1694837672931 64.0 136000
1694837705235 64.0 140000
1694837737485 64.0 144000
1694837769380 64.0 148000
1694837802113 64.0 152000
1694837834168 64.0 156000
1694837867666 64.0 160000
1694837905619 64.0 164000
1694837939142 64.0 168000
1694837971443 64.0 172000
1694838004910 64.0 176000
1694838037058 64.0 180000
1694838068233 64.0 184000
1694838099599 64.0 188000
1694838130999 64.0 192000
1694838162357 64.0 196000
1694838193026 64.0 200000
1694838228981 64.0 204000
1694838260261 64.0 208000
1694838291127 64.0 212000
1694838323056 64.0 216000
1694838354639 64.0 220000
1694838386044 64.0 224000
1694838417192 64.0 228000
1694838448010 64.0 232000
1694838479927 64.0 236000
1694838511901 64.0 240000
1694838547492 64.0 244000
1694838579966 64.0 248000
1694838611958 64.0 252000
1694838644099 64.0 256000
1694838675449 64.0 260000
1694838706795 64.0 264000
1694838738571 64.0 268000
1694838771397 64.0 272000
1694838804256 64.0 276000
1694838837683 64.0 280000
1694838875286 64.0 284000
1694838908305 64.0 288000
1694838941201 64.0 292000
1694838973776 64.0 296000
1694839006837 64.0 300000
1694839038594 64.0 304000
1694839070342 64.0 308000
1694839101738 64.0 312000
1694839134747 64.0 316000
1694839166775 64.0 320000
1694839200771 64.0 324000
1694839233331 64.0 328000
1694839264868 64.0 332000
1694839297229 64.0 336000
1694839328427 64.0 340000
1694839359716 64.0 344000
1694839389805 64.0 348000
1694839420807 64.0 352000
1694839452076 64.0 356000
1694839483069 64.0 360000
1694839516338 64.0 364000
1694839547983 64.0 368000
1694839579440 64.0 372000
1694839611683 64.0 376000
1694839642773 64.0 380000
1694839674406 64.0 384000
1694839706744 64.0 388000
1694839739517 64.0 392000
1694839771524 64.0 396000
1694839804128 64.0 400000
1694839840606 64.0 404000
1694839873424 64.0 408000
1694839906159 64.0 412000
1694839938464 64.0 416000
1694839971162 64.0 420000
1694840003105 64.0 424000
1694840035851 64.0 428000
1694840067231 64.0 432000
1694840099639 64.0 436000
1694840133099 64.0 440000
1694840170667 64.0 444000
1694840205037 64.0 448000
1694840237308 64.0 452000
1694840270793 64.0 456000
1694840302776 64.0 460000
1694840335570 64.0 464000
1694840366308 64.0 468000
1694840399531 64.0 472000
1694840430703 64.0 476000
1694840462839 64.0 480000
1694840498047 64.0 484000
1694840530160 64.0 488000
1694840561981 64.0 492000
1694840594074 64.0 496000
1694840627489 64.0 500000
1694840658661 64.0 504000
1694840690200 64.0 508000
1694840720743 64.0 512000
1694840752348 64.0 516000
1694840783626 64.0 520000
1694840820724 64.0 524000
1694840856009 64.0 528000
1694840885126 64.0 532000
1694840912203 64.0 536000
1694840940183 64.0 540000
1694840966328 64.0 544000
1694840993153 64.0 548000
1694841019348 64.0 552000
1694841045980 64.0 556000
1694841073320 64.0 560000
1694841102006 64.0 564000
1694841128358 64.0 568000
1694841154779 64.0 572000
1694841181730 64.0 576000
