1694836625491 32.0 4000
1694836654234 32.0 8000
1694836682381 32.0 12000
1694836712205 32.0 16000
1694836741840 32.0 20000
1694836771401 32.0 24000
1694836802261 32.0 28000
1694836832638 32.0 32000
1694836863456 32.0 36000
1694836893326 32.0 40000
1694836927353 32.0 44000
1694836958604 32.0 48000
1694836990950 32.0 52000
1694837024017 32.0 56000
1694837056280 32.0 60000
1694837087255 32.0 64000
1694837118820 32.0 68000
1694837150977 32.0 72000
1694837182703 32.0 76000
1694837215726 32.0 80000
1694837250626 32.0 84000
1694837282916 32.0 88000
1694837314722 32.0 92000
1694837347164 32.0 96000
1694837379272 32.0 100000
1694837410745 32.0 104000
1694837442865 32.0 108000
1694837474520 32.0 112000
1694837506343 32.0 116000
1694837538723 32.0 120000
1694837573507 32.0 124000
1694837606009 32.0 128000
1694837639988 32.0 132000
1694837672934 32.0 136000
1694837705239 32.0 140000
1694837737489 32.0 144000
1694837769383 32.0 148000
1694837802118 32.0 152000
1694837834171 32.0 156000
1694837867670 32.0 160000
1694837905622 32.0 164000
1694837939148 32.0 168000
1694837971446 32.0 172000
1694838004913 32.0 176000
1694838037062 32.0 180000
1694838068236 32.0 184000
1694838099603 32.0 188000
1694838131003 32.0 192000
1694838162360 32.0 196000
1694838193028 32.0 200000
1694838228984 32.0 204000
1694838260265 32.0 208000
1694838291129 32.0 212000
1694838323059 32.0 216000
1694838354642 32.0 220000
1694838386047 32.0 224000
1694838417194 32.0 228000
1694838448013 32.0 232000
1694838479930 32.0 236000
1694838511904 32.0 240000
1694838547495 32.0 244000
1694838579970 32.0 248000
1694838611961 32.0 252000
1694838644102 32.0 256000
1694838675454 32.0 260000
1694838706798 32.0 264000
1694838738575 32.0 268000
1694838771399 32.0 272000
1694838804261 32.0 276000
1694838837686 32.0 280000
1694838875289 32.0 284000
1694838908307 32.0 288000
1694838941204 32.0 292000
1694838973780 32.0 296000
1694839006840 32.0 300000
1694839038597 32.0 304000
1694839070345 32.0 308000
1694839101741 32.0 312000
1694839134750 32.0 316000
1694839166779 32.0 320000
1694839200774 32.0 324000
1694839233335 32.0 328000
1694839264871 32.0 332000
1694839297234 32.0 336000
1694839328430 32.0 340000
1694839359719 32.0 344000
1694839389807 32.0 348000
1694839420810 32.0 352000
1694839452078 32.0 356000
1694839483073 32.0 360000
1694839516343 32.0 364000
1694839547987 32.0 368000
1694839579444 32.0 372000
1694839611687 32.0 376000
1694839642777 32.0 380000
1694839674409 32.0 384000
1694839706748 32.0 388000
1694839739520 32.0 392000
1694839771527 32.0 396000
1694839804131 32.0 400000
1694839840608 32.0 404000
1694839873427 32.0 408000
1694839906161 32.0 412000
1694839938466 32.0 416000
1694839971164 32.0 420000
1694840003108 32.0 424000
1694840035854 32.0 428000
1694840067236 32.0 432000
1694840099643 32.0 436000
1694840133120 32.0 440000
1694840170670 32.0 444000
1694840205040 32.0 448000
1694840237311 32.0 452000
1694840270798 32.0 456000
1694840302781 32.0 460000
1694840335573 32.0 464000
1694840366311 32.0 468000
1694840399535 32.0 472000
1694840430706 32.0 476000
1694840462842 32.0 480000
1694840498050 32.0 484000
1694840530163 32.0 488000
1694840561985 32.0 492000
1694840594076 32.0 496000
1694840627492 32.0 500000
1694840658664 32.0 504000
1694840690204 32.0 508000
1694840720746 32.0 512000
1694840752350 32.0 516000
1694840783628 32.0 520000
1694840820727 32.0 524000
1694840856012 32.0 528000
1694840885129 32.0 532000
1694840912206 32.0 536000
1694840940185 32.0 540000
1694840966331 32.0 544000
1694840993156 32.0 548000
1694841019350 32.0 552000
1694841045982 32.0 556000
1694841073322 32.0 560000
1694841102011 32.0 564000
1694841128362 32.0 568000
1694841154781 32.0 572000
1694841181733 32.0 576000
