1694836625495 32.0 4000
1694836654238 32.0 8000
1694836682385 32.0 12000
1694836712212 32.0 16000
1694836741844 32.0 20000
1694836771406 32.0 24000
1694836802268 32.0 28000
1694836832645 32.0 32000
1694836863460 32.0 36000
1694836893332 32.0 40000
1694836927357 32.0 44000
1694836958608 32.0 48000
1694836990954 32.0 52000
1694837024022 32.0 56000
1694837056286 32.0 60000
1694837087259 32.0 64000
1694837118826 32.0 68000
1694837150981 32.0 72000
1694837182707 32.0 76000
1694837215729 32.0 80000
1694837250631 32.0 84000
1694837282920 32.0 88000
1694837314728 32.0 92000
1694837347168 32.0 96000
1694837379276 32.0 100000
1694837410752 32.0 104000
1694837442869 32.0 108000
1694837474524 32.0 112000
1694837506350 32.0 116000
1694837538726 32.0 120000
1694837573513 32.0 124000
1694837606014 32.0 128000
1694837639995 32.0 132000
1694837672939 32.0 136000
1694837705246 32.0 140000
1694837737493 32.0 144000
1694837769388 32.0 148000
1694837802122 32.0 152000
1694837834175 32.0 156000
1694837867674 32.0 160000
1694837905626 32.0 164000
1694837939153 32.0 168000
1694837971450 32.0 172000
1694838004917 32.0 176000
1694838037066 32.0 180000
1694838068240 32.0 184000
1694838099608 32.0 188000
1694838131007 32.0 192000
1694838162366 32.0 196000
1694838193032 32.0 200000
1694838228988 32.0 204000
1694838260271 32.0 208000
1694838291133 32.0 212000
1694838323063 32.0 216000
1694838354646 32.0 220000
1694838386052 32.0 224000
1694838417198 32.0 228000
1694838448018 32.0 232000
1694838479934 32.0 236000
1694838511908 32.0 240000
1694838547499 32.0 244000
1694838579974 32.0 248000
1694838611965 32.0 252000
1694838644105 32.0 256000
1694838675459 32.0 260000
1694838706804 32.0 264000
1694838738582 32.0 268000
1694838771403 32.0 272000
1694838804266 32.0 276000
1694838837690 32.0 280000
1694838875293 32.0 284000
1694838908311 32.0 288000
1694838941210 32.0 292000
1694838973785 32.0 296000
1694839006844 32.0 300000
1694839038600 32.0 304000
1694839070349 32.0 308000
1694839101744 32.0 312000
1694839134753 32.0 316000
1694839166785 32.0 320000
1694839200779 32.0 324000
1694839233356 32.0 328000
1694839264875 32.0 332000
1694839297239 32.0 336000
1694839328435 32.0 340000
1694839359723 32.0 344000
1694839389811 32.0 348000
1694839420817 32.0 352000
1694839452083 32.0 356000
1694839483078 32.0 360000
1694839516348 32.0 364000
1694839547992 32.0 368000
1694839579448 32.0 372000
1694839611691 32.0 376000
1694839642784 32.0 380000
1694839674412 32.0 384000
1694839706752 32.0 388000
1694839739525 32.0 392000
1694839771532 32.0 396000
1694839804135 32.0 400000
1694839840613 32.0 404000
1694839873431 32.0 408000
1694839906165 32.0 412000
1694839938470 32.0 416000
1694839971168 32.0 420000
1694840003112 32.0 424000
1694840035858 32.0 428000
1694840067240 32.0 432000
1694840099648 32.0 436000
1694840133128 32.0 440000
1694840170674 32.0 444000
1694840205045 32.0 448000
1694840237315 32.0 452000
1694840270804 32.0 456000
1694840302785 32.0 460000
1694840335577 32.0 464000
1694840366315 32.0 468000
1694840399539 32.0 472000
1694840430727 32.0 476000
1694840462846 32.0 480000
1694840498055 32.0 484000
1694840530167 32.0 488000
1694840561991 32.0 492000
1694840594082 32.0 496000
1694840627496 32.0 500000
1694840658668 32.0 504000
1694840690211 32.0 508000
1694840720749 32.0 512000
1694840752357 32.0 516000
1694840783632 32.0 520000
1694840820731 32.0 524000
1694840856016 32.0 528000
1694840885132 32.0 532000
1694840912210 32.0 536000
1694840940191 32.0 540000
1694840966335 32.0 544000
1694840993160 32.0 548000
1694841019353 32.0 552000
1694841045986 32.0 556000
1694841073326 32.0 560000
1694841102015 32.0 564000
1694841128370 32.0 568000
1694841154784 32.0 572000
1694841181737 32.0 576000
