1694836625500 0.0 4000
1694836654241 0.0 8000
1694836682391 0.0 12000
1694836712234 0.0 16000
1694836741847 0.0 20000
1694836771414 0.0 24000
1694836802273 0.0 28000
1694836832668 0.0 32000
1694836863464 0.0 36000
1694836893339 0.0 40000
1694836927361 0.0 44000
1694836958613 0.0 48000
1694836990958 0.0 52000
1694837024026 0.0 56000
1694837056293 0.0 60000
1694837087262 0.0 64000
1694837118833 0.0 68000
1694837150985 0.0 72000
1694837182711 0.0 76000
1694837215734 0.0 80000
1694837250636 0.0 84000
1694837282926 0.0 88000
1694837314734 0.0 92000
1694837347171 0.0 96000
1694837379279 0.0 100000
1694837410757 0.0 104000
1694837442873 0.0 108000
1694837474528 0.0 112000
1694837506357 0.0 116000
1694837538730 0.0 120000
1694837573517 0.0 124000
1694837606018 0.0 128000
1694837640001 0.0 132000
1694837672944 0.0 136000
1694837705251 0.0 140000
1694837737499 0.0 144000
1694837769395 0.0 148000
1694837802126 0.0 152000
1694837834178 0.0 156000
1694837867678 0.0 160000
1694837905630 0.0 164000
1694837939157 0.0 168000
1694837971455 0.0 172000
1694838004921 0.0 176000
1694838037071 0.0 180000
1694838068244 0.0 184000
1694838099612 0.0 188000
1694838131012 0.0 192000
1694838162371 0.0 196000
1694838193035 0.0 200000
1694838228992 0.0 204000
1694838260275 0.0 208000
1694838291136 0.0 212000
1694838323069 0.0 216000
1694838354649 0.0 220000
1694838386058 0.0 224000
1694838417202 0.0 228000
1694838448023 0.0 232000
1694838479938 0.0 236000
1694838511913 0.0 240000
1694838547504 0.0 244000
1694838579978 0.0 248000
1694838611969 0.0 252000
1694838644109 0.0 256000
1694838675463 0.0 260000
1694838706809 0.0 264000
1694838738586 0.0 268000
1694838771407 0.0 272000
1694838804271 0.0 276000
1694838837694 0.0 280000
1694838875297 0.0 284000
1694838908314 0.0 288000
1694838941216 0.0 292000
1694838973789 0.0 296000
1694839006848 0.0 300000
1694839038605 0.0 304000
1694839070353 0.0 308000
1694839101748 0.0 312000
1694839134757 0.0 316000
1694839166790 0.0 320000
1694839200785 0.0 324000
1694839233361 0.0 328000
1694839264879 0.0 332000
1694839297243 0.0 336000
1694839328439 0.0 340000
1694839359727 0.0 344000
1694839389815 0.0 348000
1694839420824 0.0 352000
1694839452089 0.0 356000
1694839483083 0.0 360000
1694839516352 0.0 364000
1694839547997 0.0 368000
1694839579452 0.0 372000
1694839611696 0.0 376000
1694839642790 0.0 380000
1694839674416 0.0 384000
1694839706756 0.0 388000
1694839739530 0.0 392000
1694839771538 0.0 396000
1694839804139 0.0 400000
1694839840617 0.0 404000
1694839873435 0.0 408000
1694839906168 0.0 412000
1694839938477 0.0 416000
1694839971172 0.0 420000
1694840003115 0.0 424000
1694840035862 0.0 428000
1694840067246 0.0 432000
1694840099653 0.0 436000
1694840133136 0.0 440000
1694840170678 0.0 444000
1694840205050 0.0 448000
1694840237319 0.0 452000
1694840270809 0.0 456000
1694840302789 0.0 460000
1694840335581 0.0 464000
1694840366319 0.0 468000
1694840399542 0.0 472000
1694840430733 0.0 476000
1694840462852 0.0 480000
1694840498059 0.0 484000
1694840530170 0.0 488000
1694840561995 0.0 492000
1694840594088 0.0 496000
1694840627501 0.0 500000
1694840658671 0.0 504000
1694840690215 0.0 508000
1694840720754 0.0 512000
1694840752362 0.0 516000
1694840783635 0.0 520000
1694840820735 0.0 524000
1694840856019 0.0 528000
1694840885136 0.0 532000
1694840912215 0.0 536000
1694840940197 0.0 540000
1694840966340 0.0 544000
1694840993166 0.0 548000
1694841019357 0.0 552000
1694841045989 0.0 556000
1694841073329 0.0 560000
1694841102019 0.0 564000
1694841128373 0.0 568000
1694841154789 0.0 572000
1694841181743 0.0 576000
