1694836625504 84.0 4000
1694836654243 84.0 8000
1694836682396 84.0 12000
1694836712238 84.0 16000
1694836741849 84.0 20000
1694836771434 84.0 24000
1694836802275 84.0 28000
1694836832673 84.0 32000
1694836863467 84.0 36000
1694836893343 84.0 40000
1694836927366 84.0 44000
1694836958617 84.0 48000
1694836990960 84.0 52000
1694837024029 84.0 56000
1694837056297 84.0 60000
1694837087265 84.0 64000
1694837118838 84.0 68000
1694837150989 84.0 72000
1694837182713 84.0 76000
1694837215738 84.0 80000
1694837250639 84.0 84000
1694837282930 84.0 88000
1694837314737 84.0 92000
1694837347174 84.0 96000
1694837379283 84.0 100000
1694837410760 84.0 104000
1694837442876 84.0 108000
1694837474532 84.0 112000
1694837506360 84.0 116000
1694837538732 84.0 120000
1694837573520 84.0 124000
1694837606020 84.0 128000
1694837640006 84.0 132000
1694837672947 84.0 136000
1694837705256 84.0 140000
1694837737503 84.0 144000
1694837769397 84.0 148000
1694837802128 84.0 152000
1694837834181 84.0 156000
1694837867681 84.0 160000
1694837905632 84.0 164000
1694837939160 84.0 168000
1694837971459 84.0 172000
1694838004924 84.0 176000
1694838037073 84.0 180000
1694838068246 84.0 184000
1694838099615 84.0 188000
1694838131017 84.0 192000
1694838162374 84.0 196000
1694838193038 84.0 200000
1694838228995 84.0 204000
1694838260278 84.0 208000
1694838291139 84.0 212000
1694838323073 84.0 216000
1694838354654 84.0 220000
1694838386061 84.0 224000
1694838417206 84.0 228000
1694838448027 84.0 232000
1694838479941 84.0 236000
1694838511916 84.0 240000
1694838547507 84.0 244000
1694838579981 84.0 248000
1694838611974 84.0 252000
1694838644113 84.0 256000
1694838675466 84.0 260000
1694838706812 84.0 264000
1694838738589 84.0 268000
1694838771409 84.0 272000
1694838804274 84.0 276000
1694838837696 84.0 280000
1694838875300 84.0 284000
1694838908317 84.0 288000
1694838941219 84.0 292000
1694838973792 84.0 296000
1694839006851 84.0 300000
1694839038609 84.0 304000
1694839070355 84.0 308000
1694839101751 84.0 312000
1694839134761 84.0 316000
1694839166793 84.0 320000
1694839200788 84.0 324000
1694839233363 84.0 328000
1694839264883 84.0 332000
1694839297246 84.0 336000
1694839328442 84.0 340000
1694839359730 84.0 344000
1694839389818 84.0 348000
1694839420827 84.0 352000
1694839452092 84.0 356000
1694839483086 84.0 360000
1694839516355 84.0 364000
1694839548000 84.0 368000
1694839579455 84.0 372000
1694839611699 84.0 376000
1694839642794 84.0 380000
1694839674419 84.0 384000
1694839706758 84.0 388000
1694839739533 84.0 392000
1694839771543 84.0 396000
1694839804142 84.0 400000
1694839840619 84.0 404000
1694839873439 84.0 408000
1694839906171 84.0 412000
1694839938481 84.0 416000
1694839971175 84.0 420000
1694840003118 84.0 424000
1694840035864 84.0 428000
1694840067249 84.0 432000
1694840099657 84.0 436000
1694840133142 84.0 440000
1694840170680 84.0 444000
1694840205054 84.0 448000
1694840237321 84.0 452000
1694840270812 84.0 456000
1694840302792 84.0 460000
1694840335583 84.0 464000
1694840366321 84.0 468000
1694840399544 84.0 472000
1694840430737 84.0 476000
1694840462856 84.0 480000
1694840498061 84.0 484000
1694840530173 84.0 488000
1694840561997 84.0 492000
1694840594092 84.0 496000
1694840627505 84.0 500000
1694840658674 84.0 504000
1694840690217 84.0 508000
1694840720757 84.0 512000
1694840752365 84.0 516000
1694840783638 84.0 520000
1694840820737 84.0 524000
1694840856022 84.0 528000
1694840885141 84.0 532000
1694840912234 84.0 536000
1694840940200 84.0 540000
1694840966344 84.0 544000
1694840993169 84.0 548000
1694841019359 84.0 552000
1694841045991 84.0 556000
1694841073332 84.0 560000
1694841102022 84.0 564000
1694841128375 84.0 568000
1694841154791 84.0 572000
1694841181747 84.0 576000
