1694836625502 1.0 4000
1694836654242 1.0 8000
1694836682394 1.0 12000
1694836712236 1.0 16000
1694836741848 1.0 20000
1694836771416 1.0 24000
1694836802274 1.0 28000
1694836832671 1.0 32000
1694836863465 1.0 36000
1694836893340 1.0 40000
1694836927363 1.0 44000
1694836958615 1.0 48000
1694836990959 1.0 52000
1694837024028 1.0 56000
1694837056295 1.0 60000
1694837087263 1.0 64000
1694837118835 1.0 68000
1694837150986 1.0 72000
1694837182712 1.0 76000
1694837215736 1.0 80000
1694837250638 1.0 84000
1694837282928 1.0 88000
1694837314736 1.0 92000
1694837347172 1.0 96000
1694837379281 1.0 100000
1694837410759 1.0 104000
1694837442874 1.0 108000
1694837474530 1.0 112000
1694837506359 1.0 116000
1694837538731 1.0 120000
1694837573518 1.0 124000
1694837606019 1.0 128000
1694837640004 1.0 132000
1694837672945 1.0 136000
1694837705253 1.0 140000
1694837737501 1.0 144000
1694837769396 1.0 148000
1694837802127 1.0 152000
1694837834179 1.0 156000
1694837867680 1.0 160000
1694837905631 1.0 164000
1694837939159 1.0 168000
1694837971457 1.0 172000
1694838004922 1.0 176000
1694838037072 1.0 180000
1694838068245 1.0 184000
1694838099613 1.0 188000
1694838131014 1.0 192000
1694838162373 1.0 196000
1694838193036 1.0 200000
1694838228993 1.0 204000
1694838260276 1.0 208000
1694838291138 1.0 212000
1694838323071 1.0 216000
1694838354651 1.0 220000
1694838386060 1.0 224000
1694838417204 1.0 228000
1694838448025 1.0 232000
1694838479939 1.0 236000
1694838511914 1.0 240000
1694838547505 1.0 244000
1694838579979 1.0 248000
1694838611972 1.0 252000
1694838644111 1.0 256000
1694838675465 1.0 260000
1694838706810 1.0 264000
1694838738587 1.0 268000
1694838771408 1.0 272000
1694838804272 1.0 276000
1694838837695 1.0 280000
1694838875298 1.0 284000
1694838908316 1.0 288000
1694838941218 1.0 292000
1694838973791 1.0 296000
1694839006849 1.0 300000
1694839038607 1.0 304000
1694839070354 1.0 308000
1694839101749 1.0 312000
1694839134759 1.0 316000
1694839166792 1.0 320000
1694839200787 1.0 324000
1694839233362 1.0 328000
1694839264881 1.0 332000
1694839297245 1.0 336000
1694839328440 1.0 340000
1694839359728 1.0 344000
1694839389817 1.0 348000
1694839420826 1.0 352000
1694839452090 1.0 356000
1694839483084 1.0 360000
1694839516354 1.0 364000
1694839547998 1.0 368000
1694839579453 1.0 372000
1694839611697 1.0 376000
1694839642792 1.0 380000
1694839674418 1.0 384000
1694839706757 1.0 388000
1694839739532 1.0 392000
1694839771540 1.0 396000
1694839804141 1.0 400000
1694839840618 1.0 404000
1694839873437 1.0 408000
1694839906169 1.0 412000
1694839938479 1.0 416000
1694839971173 1.0 420000
1694840003116 1.0 424000
1694840035863 1.0 428000
1694840067248 1.0 432000
1694840099655 1.0 436000
1694840133139 1.0 440000
1694840170679 1.0 444000
1694840205052 1.0 448000
1694840237320 1.0 452000
1694840270810 1.0 456000
1694840302791 1.0 460000
1694840335582 1.0 464000
1694840366320 1.0 468000
1694840399543 1.0 472000
1694840430735 1.0 476000
1694840462854 1.0 480000
1694840498060 1.0 484000
1694840530172 1.0 488000
1694840561996 1.0 492000
1694840594090 1.0 496000
1694840627503 1.0 500000
1694840658673 1.0 504000
1694840690216 1.0 508000
1694840720755 1.0 512000
1694840752364 1.0 516000
1694840783637 1.0 520000
1694840820736 1.0 524000
1694840856021 1.0 528000
1694840885139 1.0 532000
1694840912232 1.0 536000
1694840940199 1.0 540000
1694840966342 1.0 544000
1694840993168 1.0 548000
1694841019358 1.0 552000
1694841045990 1.0 556000
1694841073331 1.0 560000
1694841102021 1.0 564000
1694841128374 1.0 568000
1694841154790 1.0 572000
1694841181745 1.0 576000
