1694836625448 0.0 4000
1694836654219 0.0 8000
1694836682366 0.0 12000
1694836712184 0.0 16000
1694836741824 0.0 20000
1694836771364 0.0 24000
1694836802240 0.0 28000
1694836832619 0.0 32000
1694836863437 0.0 36000
1694836893305 0.0 40000
1694836927330 0.0 44000
1694836958583 0.0 48000
1694836990926 0.0 52000
1694837023999 0.0 56000
1694837056259 0.0 60000
1694837087230 0.0 64000
1694837118803 0.0 68000
1694837150956 0.0 72000
1694837182676 0.0 76000
1694837215709 0.0 80000
1694837250583 0.0 84000
1694837282895 0.0 88000
1694837314703 0.0 92000
1694837347141 0.0 96000
1694837379254 0.0 100000
1694837410720 0.0 104000
1694837442842 0.0 108000
1694837474500 0.0 112000
1694837506319 0.0 116000
1694837538704 0.0 120000
1694837573481 0.0 124000
1694837605984 0.0 128000
1694837639964 0.0 132000
1694837672892 0.0 136000
1694837705221 0.0 140000
1694837737464 0.0 144000
1694837769365 0.0 148000
1694837802092 0.0 152000
1694837834142 0.0 156000
1694837867646 0.0 160000
1694837905594 0.0 164000
1694837939126 0.0 168000
1694837971405 0.0 172000
1694838004892 0.0 176000
1694838037040 0.0 180000
1694838068218 0.0 184000
1694838099582 0.0 188000
1694838130983 0.0 192000
1694838162340 0.0 196000
1694838193006 0.0 200000
1694838228963 0.0 204000
1694838260242 0.0 208000
1694838291110 0.0 212000
1694838323037 0.0 216000
1694838354626 0.0 220000
1694838386031 0.0 224000
1694838417177 0.0 228000
1694838447991 0.0 232000
1694838479909 0.0 236000
1694838511867 0.0 240000
1694838547476 0.0 244000
1694838579949 0.0 248000
1694838611940 0.0 252000
1694838644086 0.0 256000
1694838675434 0.0 260000
1694838706776 0.0 264000
1694838738554 0.0 268000
1694838771382 0.0 272000
1694838804241 0.0 276000
1694838837664 0.0 280000
1694838875268 0.0 284000
1694838908290 0.0 288000
1694838941186 0.0 292000
1694838973755 0.0 296000
1694839006815 0.0 300000
1694839038574 0.0 304000
1694839070323 0.0 308000
1694839101721 0.0 312000
1694839134727 0.0 316000
1694839166756 0.0 320000
1694839200754 0.0 324000
1694839233312 0.0 328000
1694839264851 0.0 332000
1694839297211 0.0 336000
1694839328411 0.0 340000
1694839359699 0.0 344000
1694839389792 0.0 348000
1694839420792 0.0 352000
1694839452060 0.0 356000
1694839483051 0.0 360000
1694839516314 0.0 364000
1694839547962 0.0 368000
1694839579418 0.0 372000
1694839611667 0.0 376000
1694839642757 0.0 380000
1694839674389 0.0 384000
1694839706727 0.0 388000
1694839739503 0.0 392000
1694839771486 0.0 396000
1694839804112 0.0 400000
1694839840583 0.0 404000
1694839873407 0.0 408000
1694839906144 0.0 412000
1694839938449 0.0 416000
1694839971145 0.0 420000
1694840003087 0.0 424000
1694840035830 0.0 428000
1694840067214 0.0 432000
1694840099597 0.0 436000
1694840133070 0.0 440000
1694840170651 0.0 444000
1694840205019 0.0 448000
1694840237290 0.0 452000
1694840270772 0.0 456000
1694840302763 0.0 460000
1694840335556 0.0 464000
1694840366289 0.0 468000
1694840399516 0.0 472000
1694840430685 0.0 476000
1694840462820 0.0 480000
1694840498029 0.0 484000
1694840530143 0.0 488000
1694840561965 0.0 492000
1694840594058 0.0 496000
1694840627471 0.0 500000
1694840658638 0.0 504000
1694840690183 0.0 508000
1694840720726 0.0 512000
1694840752330 0.0 516000
1694840783610 0.0 520000
1694840820707 0.0 524000
1694840855997 0.0 528000
1694840885114 0.0 532000
1694840912187 0.0 536000
1694840940171 0.0 540000
1694840966318 0.0 544000
1694840993141 0.0 548000
1694841019335 0.0 552000
1694841045968 0.0 556000
1694841073304 0.0 560000
1694841101986 0.0 564000
1694841128342 0.0 568000
1694841154766 0.0 572000
1694841181713 0.0 576000
