1694836625507 0.0 4000
1694836654244 0.0 8000
1694836682397 0.0 12000
1694836712240 0.0 16000
1694836741850 0.0 20000
1694836771436 0.0 24000
1694836802276 0.0 28000
1694836832675 0.0 32000
1694836863469 0.0 36000
1694836893344 0.0 40000
1694836927369 0.0 44000
1694836958619 0.0 48000
1694836990962 0.0 52000
1694837024030 0.0 56000
1694837056298 0.0 60000
1694837087266 0.0 64000
1694837118840 0.0 68000
1694837150991 0.0 72000
1694837182714 0.0 76000
1694837215740 0.0 80000
1694837250642 0.0 84000
1694837282932 0.0 88000
1694837314739 0.0 92000
1694837347175 0.0 96000
1694837379285 0.0 100000
1694837410761 0.0 104000
1694837442877 0.0 108000
1694837474534 0.0 112000
1694837506361 0.0 116000
1694837538735 0.0 120000
1694837573521 0.0 124000
1694837606021 0.0 128000
1694837640009 0.0 132000
1694837672948 0.0 136000
1694837705258 0.0 140000
1694837737506 0.0 144000
1694837769399 0.0 148000
1694837802130 0.0 152000
1694837834182 0.0 156000
1694837867682 0.0 160000
1694837905634 0.0 164000
1694837939162 0.0 168000
1694837971462 0.0 172000
1694838004925 0.0 176000
1694838037074 0.0 180000
1694838068248 0.0 184000
1694838099616 0.0 188000
1694838131018 0.0 192000
1694838162375 0.0 196000
1694838193039 0.0 200000
1694838228996 0.0 204000
1694838260279 0.0 208000
1694838291140 0.0 212000
1694838323075 0.0 216000
1694838354657 0.0 220000
1694838386062 0.0 224000
1694838417208 0.0 228000
1694838448028 0.0 232000
1694838479942 0.0 236000
1694838511919 0.0 240000
1694838547508 0.0 244000
1694838579982 0.0 248000
1694838611975 0.0 252000
1694838644115 0.0 256000
1694838675467 0.0 260000
1694838706813 0.0 264000
1694838738590 0.0 268000
1694838771411 0.0 272000
1694838804276 0.0 276000
1694838837697 0.0 280000
1694838875301 0.0 284000
1694838908318 0.0 288000
1694838941221 0.0 292000
1694838973793 0.0 296000
1694839006852 0.0 300000
1694839038611 0.0 304000
1694839070356 0.0 308000
1694839101752 0.0 312000
1694839134763 0.0 316000
1694839166794 0.0 320000
1694839200790 0.0 324000
1694839233365 0.0 328000
1694839264884 0.0 332000
1694839297247 0.0 336000
1694839328443 0.0 340000
1694839359732 0.0 344000
1694839389819 0.0 348000
1694839420829 0.0 352000
1694839452093 0.0 356000
1694839483088 0.0 360000
1694839516356 0.0 364000
1694839548001 0.0 368000
1694839579456 0.0 372000
1694839611700 0.0 376000
1694839642796 0.0 380000
1694839674421 0.0 384000
1694839706759 0.0 388000
1694839739535 0.0 392000
1694839771545 0.0 396000
1694839804143 0.0 400000
1694839840621 0.0 404000
1694839873441 0.0 408000
1694839906172 0.0 412000
1694839938483 0.0 416000
1694839971177 0.0 420000
1694840003119 0.0 424000
1694840035866 0.0 428000
1694840067251 0.0 432000
1694840099658 0.0 436000
1694840133144 0.0 440000
1694840170681 0.0 444000
1694840205056 0.0 448000
1694840237323 0.0 452000
1694840270813 0.0 456000
1694840302793 0.0 460000
1694840335585 0.0 464000
1694840366322 0.0 468000
1694840399546 0.0 472000
1694840430738 0.0 476000
1694840462857 0.0 480000
1694840498063 0.0 484000
1694840530174 0.0 488000
1694840561999 0.0 492000
1694840594093 0.0 496000
1694840627507 0.0 500000
1694840658675 0.0 504000
1694840690218 0.0 508000
1694840720758 0.0 512000
1694840752367 0.0 516000
1694840783640 0.0 520000
1694840820738 0.0 524000
1694840856023 0.0 528000
1694840885142 0.0 532000
1694840912235 0.0 536000
1694840940201 0.0 540000
1694840966346 0.0 544000
1694840993170 0.0 548000
1694841019361 0.0 552000
1694841045992 0.0 556000
1694841073333 0.0 560000
1694841102023 0.0 564000
1694841128376 0.0 568000
1694841154792 0.0 572000
1694841181749 0.0 576000
