1694836625480 0.0 4000
1694836654227 0.0 8000
1694836682374 0.0 12000
1694836712195 0.0 16000
1694836741832 0.0 20000
1694836771393 0.0 24000
1694836802251 0.0 28000
1694836832629 0.0 32000
1694836863449 0.0 36000
1694836893313 0.0 40000
1694836927345 0.0 44000
1694836958597 0.0 48000
1694836990939 0.0 52000
1694837024009 0.0 56000
1694837056268 0.0 60000
1694837087247 0.0 64000
1694837118812 0.0 68000
1694837150964 0.0 72000
1694837182692 0.0 76000
1694837215718 0.0 80000
1694837250596 0.0 84000
1694837282908 0.0 88000
1694837314713 0.0 92000
1694837347156 0.0 96000
1694837379264 0.0 100000
1694837410736 0.0 104000
1694837442857 0.0 108000
1694837474512 0.0 112000
1694837506330 0.0 116000
1694837538715 0.0 120000
1694837573494 0.0 124000
1694837605996 0.0 128000
1694837639975 0.0 132000
1694837672905 0.0 136000
1694837705230 0.0 140000
1694837737479 0.0 144000
1694837769375 0.0 148000
1694837802104 0.0 152000
1694837834157 0.0 156000
1694837867656 0.0 160000
1694837905611 0.0 164000
1694837939135 0.0 168000
1694837971436 0.0 172000
1694838004903 0.0 176000
1694838037052 0.0 180000
1694838068229 0.0 184000
1694838099591 0.0 188000
1694838130992 0.0 192000
1694838162350 0.0 196000
1694838193019 0.0 200000
1694838228976 0.0 204000
1694838260255 0.0 208000
1694838291121 0.0 212000
1694838323049 0.0 216000
1694838354635 0.0 220000
1694838386039 0.0 224000
1694838417187 0.0 228000
1694838448001 0.0 232000
1694838479920 0.0 236000
1694838511894 0.0 240000
1694838547487 0.0 244000
1694838579960 0.0 248000
1694838611952 0.0 252000
1694838644095 0.0 256000
1694838675443 0.0 260000
1694838706789 0.0 264000
1694838738565 0.0 268000
1694838771392 0.0 272000
1694838804250 0.0 276000
1694838837674 0.0 280000
1694838875281 0.0 284000
1694838908299 0.0 288000
1694838941196 0.0 292000
1694838973767 0.0 296000
1694839006829 0.0 300000
1694839038588 0.0 304000
1694839070337 0.0 308000
1694839101733 0.0 312000
1694839134741 0.0 316000
1694839166768 0.0 320000
1694839200764 0.0 324000
1694839233323 0.0 328000
1694839264861 0.0 332000
1694839297223 0.0 336000
1694839328422 0.0 340000
1694839359709 0.0 344000
1694839389800 0.0 348000
1694839420802 0.0 352000
1694839452071 0.0 356000
1694839483060 0.0 360000
1694839516328 0.0 364000
1694839547975 0.0 368000
1694839579432 0.0 372000
1694839611677 0.0 376000
1694839642766 0.0 380000
1694839674401 0.0 384000
1694839706738 0.0 388000
1694839739512 0.0 392000
1694839771518 0.0 396000
1694839804122 0.0 400000
1694839840599 0.0 404000
1694839873416 0.0 408000
1694839906154 0.0 412000
1694839938459 0.0 416000
1694839971157 0.0 420000
1694840003099 0.0 424000
1694840035844 0.0 428000
1694840067223 0.0 432000
1694840099629 0.0 436000
1694840133088 0.0 440000
1694840170662 0.0 444000
1694840205031 0.0 448000
1694840237302 0.0 452000
1694840270787 0.0 456000
1694840302771 0.0 460000
1694840335565 0.0 464000
1694840366300 0.0 468000
1694840399524 0.0 472000
1694840430696 0.0 476000
1694840462831 0.0 480000
1694840498041 0.0 484000
1694840530155 0.0 488000
1694840561975 0.0 492000
1694840594068 0.0 496000
1694840627482 0.0 500000
1694840658653 0.0 504000
1694840690192 0.0 508000
1694840720735 0.0 512000
1694840752343 0.0 516000
1694840783621 0.0 520000
1694840820719 0.0 524000
1694840856005 0.0 528000
1694840885122 0.0 532000
1694840912196 0.0 536000
1694840940178 0.0 540000
1694840966325 0.0 544000
1694840993149 0.0 548000
1694841019343 0.0 552000
1694841045976 0.0 556000
1694841073314 0.0 560000
1694841101998 0.0 564000
1694841128352 0.0 568000
1694841154775 0.0 572000
1694841181725 0.0 576000
