1694836625530 -1.0 4000
1694836654248 -1.0 8000
1694836682401 -1.0 12000
1694836712244 -1.0 16000
1694836741854 -1.0 20000
1694836771440 -1.0 24000
1694836802280 -1.0 28000
1694836832679 -1.0 32000
1694836863475 -1.0 36000
1694836893348 -1.0 40000
1694836927376 -1.0 44000
1694836958626 -1.0 48000
1694836990968 -1.0 52000
1694837024035 -1.0 56000
1694837056302 -1.0 60000
1694837087270 -1.0 64000
1694837118846 -1.0 68000
1694837150998 -1.0 72000
1694837182719 -1.0 76000
1694837215747 -1.0 80000
1694837250649 -1.0 84000
1694837282936 -1.0 88000
1694837314745 -1.0 92000
1694837347178 -1.0 96000
1694837379289 -1.0 100000
1694837410765 -1.0 104000
1694837442881 -1.0 108000
1694837474540 -1.0 112000
1694837506365 -1.0 116000
1694837538741 -1.0 120000
1694837573525 -1.0 124000
1694837606025 -1.0 128000
1694837640015 -1.0 132000
1694837672955 -1.0 136000
1694837705264 -1.0 140000
1694837737512 -1.0 144000
1694837769403 -1.0 148000
1694837802133 -1.0 152000
1694837834186 -1.0 156000
1694837867688 -1.0 160000
1694837905638 -1.0 164000
1694837939168 -1.0 168000
1694837971467 -1.0 172000
1694838004928 -1.0 176000
1694838037078 -1.0 180000
1694838068256 -1.0 184000
1694838099620 -1.0 188000
1694838131023 -1.0 192000
1694838162379 -1.0 196000
1694838193043 -1.0 200000
1694838229000 -1.0 204000
1694838260283 -1.0 208000
1694838291144 -1.0 212000
1694838323079 -1.0 216000
1694838354661 -1.0 220000
1694838386068 -1.0 224000
1694838417211 -1.0 228000
1694838448033 -1.0 232000
1694838479946 -1.0 236000
1694838511926 -1.0 240000
1694838547513 -1.0 244000
1694838579986 -1.0 248000
1694838611980 -1.0 252000
1694838644122 -1.0 256000
1694838675472 -1.0 260000
1694838706816 -1.0 264000
1694838738594 -1.0 268000
1694838771418 -1.0 272000
1694838804280 -1.0 276000
1694838837703 -1.0 280000
1694838875305 -1.0 284000
1694838908322 -1.0 288000
1694838941225 -1.0 292000
1694838973797 -1.0 296000
1694839006855 -1.0 300000
1694839038618 -1.0 304000
1694839070360 -1.0 308000
1694839101756 -1.0 312000
1694839134769 -1.0 316000
1694839166798 -1.0 320000
1694839200794 -1.0 324000
1694839233370 -1.0 328000
1694839264890 -1.0 332000
1694839297251 -1.0 336000
1694839328446 -1.0 340000
1694839359737 -1.0 344000
1694839389823 -1.0 348000
1694839420835 -1.0 352000
1694839452097 -1.0 356000
1694839483093 -1.0 360000
1694839516360 -1.0 364000
1694839548004 -1.0 368000
1694839579460 -1.0 372000
1694839611704 -1.0 376000
1694839642800 -1.0 380000
1694839674428 -1.0 384000
1694839706763 -1.0 388000
1694839739540 -1.0 392000
1694839771569 -1.0 396000
1694839804147 -1.0 400000
1694839840626 -1.0 404000
1694839873446 -1.0 408000
1694839906178 -1.0 412000
1694839938490 -1.0 416000
1694839971183 -1.0 420000
1694840003123 -1.0 424000
1694840035869 -1.0 428000
1694840067255 -1.0 432000
1694840099663 -1.0 436000
1694840133173 -1.0 440000
1694840170686 -1.0 444000
1694840205060 -1.0 448000
1694840237326 -1.0 452000
1694840270817 -1.0 456000
1694840302800 -1.0 460000
1694840335591 -1.0 464000
1694840366326 -1.0 468000
1694840399551 -1.0 472000
1694840430742 -1.0 476000
1694840462862 -1.0 480000
1694840498067 -1.0 484000
1694840530177 -1.0 488000
1694840562005 -1.0 492000
1694840594098 -1.0 496000
1694840627512 -1.0 500000
1694840658680 -1.0 504000
1694840690222 -1.0 508000
1694840720763 -1.0 512000
1694840752370 -1.0 516000
1694840783648 -1.0 520000
1694840820742 -1.0 524000
1694840856027 -1.0 528000
1694840885146 -1.0 532000
1694840912239 -1.0 536000
1694840940205 -1.0 540000
1694840966352 -1.0 544000
1694840993173 -1.0 548000
1694841019364 -1.0 552000
1694841045995 -1.0 556000
1694841073338 -1.0 560000
1694841102026 -1.0 564000
1694841128380 -1.0 568000
1694841154795 -1.0 572000
1694841181754 -1.0 576000
