1694836625463 0.0 4000
1694836654226 0.0 8000
1694836682373 0.0 12000
1694836712194 0.0 16000
1694836741831 0.0 20000
1694836771391 0.0 24000
1694836802250 0.0 28000
1694836832628 0.0 32000
1694836863448 0.0 36000
1694836893312 0.0 40000
1694836927344 0.0 44000
1694836958595 0.0 48000
1694836990937 0.0 52000
1694837024008 0.0 56000
1694837056266 0.0 60000
1694837087245 0.0 64000
1694837118811 0.0 68000
1694837150963 0.0 72000
1694837182690 0.0 76000
1694837215717 0.0 80000
1694837250594 0.0 84000
1694837282906 0.0 88000
1694837314712 0.0 92000
1694837347154 0.0 96000
1694837379263 0.0 100000
1694837410734 0.0 104000
1694837442855 0.0 108000
1694837474511 0.0 112000
1694837506327 0.0 116000
1694837538714 0.0 120000
1694837573493 0.0 124000
1694837605994 0.0 128000
1694837639973 0.0 132000
1694837672902 0.0 136000
1694837705229 0.0 140000
1694837737477 0.0 144000
1694837769374 0.0 148000
1694837802102 0.0 152000
1694837834155 0.0 156000
1694837867655 0.0 160000
1694837905608 0.0 164000
1694837939134 0.0 168000
1694837971419 0.0 172000
1694838004901 0.0 176000
1694838037051 0.0 180000
1694838068227 0.0 184000
1694838099590 0.0 188000
1694838130990 0.0 192000
1694838162348 0.0 196000
1694838193018 0.0 200000
1694838228974 0.0 204000
1694838260254 0.0 208000
1694838291119 0.0 212000
1694838323046 0.0 216000
1694838354633 0.0 220000
1694838386038 0.0 224000
1694838417185 0.0 228000
1694838447999 0.0 232000
1694838479918 0.0 236000
1694838511877 0.0 240000
1694838547485 0.0 244000
1694838579958 0.0 248000
1694838611949 0.0 252000
1694838644094 0.0 256000
1694838675442 0.0 260000
1694838706788 0.0 264000
1694838738563 0.0 268000
1694838771391 0.0 272000
1694838804248 0.0 276000
1694838837672 0.0 280000
1694838875279 0.0 284000
1694838908298 0.0 288000
1694838941194 0.0 292000
1694838973765 0.0 296000
1694839006827 0.0 300000
1694839038587 0.0 304000
1694839070336 0.0 308000
1694839101731 0.0 312000
1694839134740 0.0 316000
1694839166766 0.0 320000
1694839200762 0.0 324000
1694839233321 0.0 328000
1694839264859 0.0 332000
1694839297221 0.0 336000
1694839328420 0.0 340000
1694839359707 0.0 344000
1694839389799 0.0 348000
1694839420800 0.0 352000
1694839452069 0.0 356000
1694839483059 0.0 360000
1694839516326 0.0 364000
1694839547972 0.0 368000
1694839579430 0.0 372000
1694839611676 0.0 376000
1694839642765 0.0 380000
1694839674400 0.0 384000
1694839706736 0.0 388000
1694839739511 0.0 392000
1694839771516 0.0 396000
1694839804120 0.0 400000
1694839840598 0.0 404000
1694839873415 0.0 408000
1694839906152 0.0 412000
1694839938458 0.0 416000
1694839971155 0.0 420000
1694840003098 0.0 424000
1694840035841 0.0 428000
1694840067221 0.0 432000
1694840099625 0.0 436000
1694840133086 0.0 440000
1694840170660 0.0 444000
1694840205030 0.0 448000
1694840237300 0.0 452000
1694840270785 0.0 456000
1694840302770 0.0 460000
1694840335564 0.0 464000
1694840366298 0.0 468000
1694840399523 0.0 472000
1694840430694 0.0 476000
1694840462829 0.0 480000
1694840498039 0.0 484000
1694840530153 0.0 488000
1694840561973 0.0 492000
1694840594067 0.0 496000
1694840627479 0.0 500000
1694840658651 0.0 504000
1694840690190 0.0 508000
1694840720733 0.0 512000
1694840752341 0.0 516000
1694840783619 0.0 520000
1694840820717 0.0 524000
1694840856004 0.0 528000
1694840885121 0.0 532000
1694840912195 0.0 536000
1694840940177 0.0 540000
1694840966323 0.0 544000
1694840993147 0.0 548000
1694841019342 0.0 552000
1694841045975 0.0 556000
1694841073313 0.0 560000
1694841101996 0.0 564000
1694841128350 0.0 568000
1694841154774 0.0 572000
1694841181724 0.0 576000
