1694836625460 256.0 4000
1694836654225 256.0 8000
1694836682372 256.0 12000
1694836712192 256.0 16000
1694836741830 256.0 20000
1694836771390 256.0 24000
1694836802249 256.0 28000
1694836832627 256.0 32000
1694836863446 256.0 36000
1694836893311 256.0 40000
1694836927342 256.0 44000
1694836958594 256.0 48000
1694836990935 256.0 52000
1694837024006 256.0 56000
1694837056265 256.0 60000
1694837087242 256.0 64000
1694837118810 256.0 68000
1694837150962 256.0 72000
1694837182687 256.0 76000
1694837215715 256.0 80000
1694837250591 256.0 84000
1694837282905 256.0 88000
1694837314710 256.0 92000
1694837347153 256.0 96000
1694837379261 256.0 100000
1694837410732 256.0 104000
1694837442852 256.0 108000
1694837474510 256.0 112000
1694837506325 256.0 116000
1694837538713 256.0 120000
1694837573492 256.0 124000
1694837605993 256.0 128000
1694837639972 256.0 132000
1694837672899 256.0 136000
1694837705228 256.0 140000
1694837737475 256.0 144000
1694837769373 256.0 148000
1694837802101 256.0 152000
1694837834154 256.0 156000
1694837867653 256.0 160000
1694837905606 256.0 164000
1694837939133 256.0 168000
1694837971417 256.0 172000
1694838004899 256.0 176000
1694838037049 256.0 180000
1694838068226 256.0 184000
1694838099589 256.0 188000
1694838130989 256.0 192000
1694838162347 256.0 196000
1694838193015 256.0 200000
1694838228973 256.0 204000
1694838260251 256.0 208000
1694838291118 256.0 212000
1694838323044 256.0 216000
1694838354632 256.0 220000
1694838386037 256.0 224000
1694838417184 256.0 228000
1694838447997 256.0 232000
1694838479916 256.0 236000
1694838511875 256.0 240000
1694838547484 256.0 244000
1694838579956 256.0 248000
1694838611947 256.0 252000
1694838644092 256.0 256000
1694838675441 256.0 260000
1694838706787 256.0 264000
1694838738562 256.0 268000
1694838771389 256.0 272000
1694838804247 256.0 276000
1694838837670 256.0 280000
1694838875278 256.0 284000
1694838908296 256.0 288000
1694838941193 256.0 292000
1694838973763 256.0 296000
1694839006825 256.0 300000
1694839038585 256.0 304000
1694839070334 256.0 308000
1694839101729 256.0 312000
1694839134738 256.0 316000
1694839166764 256.0 320000
1694839200760 256.0 324000
1694839233320 256.0 328000
1694839264858 256.0 332000
1694839297219 256.0 336000
1694839328419 256.0 340000
1694839359706 256.0 344000
1694839389798 256.0 348000
1694839420799 256.0 352000
1694839452068 256.0 356000
1694839483057 256.0 360000
1694839516325 256.0 364000
1694839547970 256.0 368000
1694839579429 256.0 372000
1694839611675 256.0 376000
1694839642763 256.0 380000
1694839674398 256.0 384000
1694839706734 256.0 388000
1694839739509 256.0 392000
1694839771514 256.0 396000
1694839804118 256.0 400000
1694839840595 256.0 404000
1694839873414 256.0 408000
1694839906151 256.0 412000
1694839938456 256.0 416000
1694839971154 256.0 420000
1694840003096 256.0 424000
1694840035839 256.0 428000
1694840067220 256.0 432000
1694840099620 256.0 436000
1694840133083 256.0 440000
1694840170659 256.0 444000
1694840205028 256.0 448000
1694840237298 256.0 452000
1694840270783 256.0 456000
1694840302769 256.0 460000
1694840335563 256.0 464000
1694840366296 256.0 468000
1694840399522 256.0 472000
1694840430693 256.0 476000
1694840462827 256.0 480000
1694840498037 256.0 484000
1694840530151 256.0 488000
1694840561972 256.0 492000
1694840594066 256.0 496000
1694840627478 256.0 500000
1694840658649 256.0 504000
1694840690189 256.0 508000
1694840720732 256.0 512000
1694840752340 256.0 516000
1694840783618 256.0 520000
1694840820716 256.0 524000
1694840856003 256.0 528000
1694840885120 256.0 532000
1694840912194 256.0 536000
1694840940176 256.0 540000
1694840966322 256.0 544000
1694840993146 256.0 548000
1694841019341 256.0 552000
1694841045974 256.0 556000
1694841073312 256.0 560000
1694841101994 256.0 564000
1694841128348 256.0 568000
1694841154773 256.0 572000
1694841181723 256.0 576000
