1694836625457 20.0 4000
1694836654224 20.0 8000
1694836682371 20.0 12000
1694836712190 20.0 16000
1694836741829 20.0 20000
1694836771388 20.0 24000
1694836802247 20.0 28000
1694836832625 20.0 32000
1694836863445 20.0 36000
1694836893310 20.0 40000
1694836927339 20.0 44000
1694836958592 20.0 48000
1694836990932 20.0 52000
1694837024005 20.0 56000
1694837056264 20.0 60000
1694837087240 20.0 64000
1694837118808 20.0 68000
1694837150961 20.0 72000
1694837182685 20.0 76000
1694837215714 20.0 80000
1694837250589 20.0 84000
1694837282903 20.0 88000
1694837314709 20.0 92000
1694837347150 20.0 96000
1694837379260 20.0 100000
1694837410729 20.0 104000
1694837442850 20.0 108000
1694837474508 20.0 112000
1694837506324 20.0 116000
1694837538711 20.0 120000
1694837573490 20.0 124000
1694837605991 20.0 128000
1694837639970 20.0 132000
1694837672898 20.0 136000
1694837705227 20.0 140000
1694837737472 20.0 144000
1694837769371 20.0 148000
1694837802099 20.0 152000
1694837834152 20.0 156000
1694837867652 20.0 160000
1694837905604 20.0 164000
1694837939131 20.0 168000
1694837971414 20.0 172000
1694838004897 20.0 176000
1694838037047 20.0 180000
1694838068225 20.0 184000
1694838099588 20.0 188000
1694838130988 20.0 192000
1694838162345 20.0 196000
1694838193013 20.0 200000
1694838228971 20.0 204000
1694838260249 20.0 208000
1694838291116 20.0 212000
1694838323042 20.0 216000
1694838354631 20.0 220000
1694838386035 20.0 224000
1694838417183 20.0 228000
1694838447996 20.0 232000
1694838479914 20.0 236000
1694838511874 20.0 240000
1694838547483 20.0 244000
1694838579955 20.0 248000
1694838611945 20.0 252000
1694838644091 20.0 256000
1694838675439 20.0 260000
1694838706785 20.0 264000
1694838738561 20.0 268000
1694838771388 20.0 272000
1694838804246 20.0 276000
1694838837669 20.0 280000
1694838875276 20.0 284000
1694838908295 20.0 288000
1694838941192 20.0 292000
1694838973760 20.0 296000
1694839006822 20.0 300000
1694839038583 20.0 304000
1694839070331 20.0 308000
1694839101727 20.0 312000
1694839134736 20.0 316000
1694839166762 20.0 320000
1694839200759 20.0 324000
1694839233318 20.0 328000
1694839264856 20.0 332000
1694839297217 20.0 336000
1694839328417 20.0 340000
1694839359704 20.0 344000
1694839389797 20.0 348000
1694839420798 20.0 352000
1694839452066 20.0 356000
1694839483056 20.0 360000
1694839516323 20.0 364000
1694839547968 20.0 368000
1694839579427 20.0 372000
1694839611673 20.0 376000
1694839642762 20.0 380000
1694839674396 20.0 384000
1694839706733 20.0 388000
1694839739508 20.0 392000
1694839771496 20.0 396000
1694839804116 20.0 400000
1694839840593 20.0 404000
1694839873412 20.0 408000
1694839906150 20.0 412000
1694839938455 20.0 416000
1694839971153 20.0 420000
1694840003094 20.0 424000
1694840035838 20.0 428000
1694840067219 20.0 432000
1694840099613 20.0 436000
1694840133081 20.0 440000
1694840170657 20.0 444000
1694840205025 20.0 448000
1694840237296 20.0 452000
1694840270781 20.0 456000
1694840302768 20.0 460000
1694840335561 20.0 464000
1694840366294 20.0 468000
1694840399520 20.0 472000
1694840430691 20.0 476000
1694840462825 20.0 480000
1694840498035 20.0 484000
1694840530149 20.0 488000
1694840561971 20.0 492000
1694840594065 20.0 496000
1694840627476 20.0 500000
1694840658647 20.0 504000
1694840690188 20.0 508000
1694840720731 20.0 512000
1694840752338 20.0 516000
1694840783617 20.0 520000
1694840820714 20.0 524000
1694840856001 20.0 528000
1694840885119 20.0 532000
1694840912192 20.0 536000
1694840940175 20.0 540000
1694840966321 20.0 544000
1694840993145 20.0 548000
1694841019340 20.0 552000
1694841045973 20.0 556000
1694841073310 20.0 560000
1694841101992 20.0 564000
1694841128346 20.0 568000
1694841154772 20.0 572000
1694841181721 20.0 576000
