1694836625450 0.0 4000
1694836654220 0.0 8000
1694836682367 0.0 12000
1694836712186 0.0 16000
1694836741825 0.0 20000
1694836771366 0.0 24000
1694836802243 0.0 28000
1694836832621 0.0 32000
1694836863439 0.0 36000
1694836893306 0.0 40000
1694836927332 0.0 44000
1694836958585 0.0 48000
1694836990927 0.0 52000
1694837024001 0.0 56000
1694837056260 0.0 60000
1694837087233 0.0 64000
1694837118804 0.0 68000
1694837150957 0.0 72000
1694837182679 0.0 76000
1694837215710 0.0 80000
1694837250584 0.0 84000
1694837282897 0.0 88000
1694837314704 0.0 92000
1694837347143 0.0 96000
1694837379256 0.0 100000
1694837410721 0.0 104000
1694837442843 0.0 108000
1694837474503 0.0 112000
1694837506320 0.0 116000
1694837538706 0.0 120000
1694837573484 0.0 124000
1694837605986 0.0 128000
1694837639966 0.0 132000
1694837672893 0.0 136000
1694837705223 0.0 140000
1694837737465 0.0 144000
1694837769367 0.0 148000
1694837802093 0.0 152000
1694837834145 0.0 156000
1694837867648 0.0 160000
1694837905596 0.0 164000
1694837939128 0.0 168000
1694837971406 0.0 172000
1694838004893 0.0 176000
1694838037042 0.0 180000
1694838068220 0.0 184000
1694838099584 0.0 188000
1694838130984 0.0 192000
1694838162341 0.0 196000
1694838193008 0.0 200000
1694838228965 0.0 204000
1694838260243 0.0 208000
1694838291111 0.0 212000
1694838323038 0.0 216000
1694838354627 0.0 220000
1694838386032 0.0 224000
1694838417178 0.0 228000
1694838447992 0.0 232000
1694838479910 0.0 236000
1694838511869 0.0 240000
1694838547478 0.0 244000
1694838579951 0.0 248000
1694838611942 0.0 252000
1694838644088 0.0 256000
1694838675436 0.0 260000
1694838706778 0.0 264000
1694838738556 0.0 268000
1694838771384 0.0 272000
1694838804242 0.0 276000
1694838837665 0.0 280000
1694838875270 0.0 284000
1694838908291 0.0 288000
1694838941188 0.0 292000
1694838973756 0.0 296000
1694839006816 0.0 300000
1694839038576 0.0 304000
1694839070325 0.0 308000
1694839101723 0.0 312000
1694839134729 0.0 316000
1694839166757 0.0 320000
1694839200755 0.0 324000
1694839233314 0.0 328000
1694839264852 0.0 332000
1694839297212 0.0 336000
1694839328413 0.0 340000
1694839359701 0.0 344000
1694839389793 0.0 348000
1694839420794 0.0 352000
1694839452061 0.0 356000
1694839483053 0.0 360000
1694839516317 0.0 364000
1694839547963 0.0 368000
1694839579421 0.0 372000
1694839611669 0.0 376000
1694839642759 0.0 380000
1694839674391 0.0 384000
1694839706729 0.0 388000
1694839739504 0.0 392000
1694839771488 0.0 396000
1694839804113 0.0 400000
1694839840585 0.0 404000
1694839873409 0.0 408000
1694839906146 0.0 412000
1694839938450 0.0 416000
1694839971147 0.0 420000
1694840003089 0.0 424000
1694840035832 0.0 428000
1694840067215 0.0 432000
1694840099602 0.0 436000
1694840133072 0.0 440000
1694840170653 0.0 444000
1694840205020 0.0 448000
1694840237291 0.0 452000
1694840270774 0.0 456000
1694840302764 0.0 460000
1694840335557 0.0 464000
1694840366290 0.0 468000
1694840399517 0.0 472000
1694840430687 0.0 476000
1694840462821 0.0 480000
1694840498030 0.0 484000
1694840530145 0.0 488000
1694840561967 0.0 492000
1694840594060 0.0 496000
1694840627473 0.0 500000
1694840658640 0.0 504000
1694840690184 0.0 508000
1694840720727 0.0 512000
1694840752332 0.0 516000
1694840783612 0.0 520000
1694840820709 0.0 524000
1694840855998 0.0 528000
1694840885115 0.0 532000
1694840912188 0.0 536000
1694840940172 0.0 540000
1694840966319 0.0 544000
1694840993142 0.0 548000
1694841019336 0.0 552000
1694841045969 0.0 556000
1694841073305 0.0 560000
1694841101987 0.0 564000
1694841128343 0.0 568000
1694841154768 0.0 572000
1694841181716 0.0 576000
