1694836625484 0.0 4000
1694836654229 0.0 8000
1694836682377 0.0 12000
1694836712198 0.0 16000
1694836741834 0.0 20000
1694836771395 0.0 24000
1694836802254 0.0 28000
1694836832632 0.0 32000
1694836863451 0.0 36000
1694836893318 0.0 40000
1694836927348 0.0 44000
1694836958600 0.0 48000
1694836990944 0.0 52000
1694837024012 0.0 56000
1694837056270 0.0 60000
1694837087250 0.0 64000
1694837118814 0.0 68000
1694837150968 0.0 72000
1694837182696 0.0 76000
1694837215720 0.0 80000
1694837250618 0.0 84000
1694837282911 0.0 88000
1694837314716 0.0 92000
1694837347159 0.0 96000
1694837379267 0.0 100000
1694837410739 0.0 104000
1694837442860 0.0 108000
1694837474515 0.0 112000
1694837506334 0.0 116000
1694837538718 0.0 120000
1694837573497 0.0 124000
1694837606000 0.0 128000
1694837639978 0.0 132000
1694837672910 0.0 136000
1694837705232 0.0 140000
1694837737482 0.0 144000
1694837769378 0.0 148000
1694837802109 0.0 152000
1694837834163 0.0 156000
1694837867661 0.0 160000
1694837905615 0.0 164000
1694837939139 0.0 168000
1694837971439 0.0 172000
1694838004907 0.0 176000
1694838037055 0.0 180000
1694838068231 0.0 184000
1694838099595 0.0 188000
1694838130996 0.0 192000
1694838162353 0.0 196000
1694838193023 0.0 200000
1694838228979 0.0 204000
1694838260258 0.0 208000
1694838291124 0.0 212000
1694838323053 0.0 216000
1694838354637 0.0 220000
1694838386041 0.0 224000
1694838417189 0.0 228000
1694838448006 0.0 232000
1694838479924 0.0 236000
1694838511898 0.0 240000
1694838547490 0.0 244000
1694838579963 0.0 248000
1694838611955 0.0 252000
1694838644097 0.0 256000
1694838675446 0.0 260000
1694838706792 0.0 264000
1694838738567 0.0 268000
1694838771394 0.0 272000
1694838804253 0.0 276000
1694838837679 0.0 280000
1694838875284 0.0 284000
1694838908302 0.0 288000
1694838941199 0.0 292000
1694838973772 0.0 296000
1694839006834 0.0 300000
1694839038591 0.0 304000
1694839070340 0.0 308000
1694839101736 0.0 312000
1694839134744 0.0 316000
1694839166772 0.0 320000
1694839200768 0.0 324000
1694839233326 0.0 328000
1694839264865 0.0 332000
1694839297226 0.0 336000
1694839328424 0.0 340000
1694839359713 0.0 344000
1694839389803 0.0 348000
1694839420804 0.0 352000
1694839452073 0.0 356000
1694839483064 0.0 360000
1694839516334 0.0 364000
1694839547979 0.0 368000
1694839579436 0.0 372000
1694839611680 0.0 376000
1694839642769 0.0 380000
1694839674404 0.0 384000
1694839706742 0.0 388000
1694839739515 0.0 392000
1694839771521 0.0 396000
1694839804125 0.0 400000
1694839840603 0.0 404000
1694839873419 0.0 408000
1694839906156 0.0 412000
1694839938461 0.0 416000
1694839971159 0.0 420000
1694840003102 0.0 424000
1694840035848 0.0 428000
1694840067228 0.0 432000
1694840099634 0.0 436000
1694840133094 0.0 440000
1694840170664 0.0 444000
1694840205034 0.0 448000
1694840237306 0.0 452000
1694840270790 0.0 456000
1694840302774 0.0 460000
1694840335568 0.0 464000
1694840366305 0.0 468000
1694840399527 0.0 472000
1694840430700 0.0 476000
1694840462835 0.0 480000
1694840498044 0.0 484000
1694840530158 0.0 488000
1694840561977 0.0 492000
1694840594071 0.0 496000
1694840627486 0.0 500000
1694840658657 0.0 504000
1694840690196 0.0 508000
1694840720739 0.0 512000
1694840752345 0.0 516000
1694840783623 0.0 520000
1694840820721 0.0 524000
1694840856007 0.0 528000
1694840885124 0.0 532000
1694840912200 0.0 536000
1694840940181 0.0 540000
1694840966326 0.0 544000
1694840993151 0.0 548000
1694841019346 0.0 552000
1694841045978 0.0 556000
1694841073318 0.0 560000
1694841102002 0.0 564000
1694841128355 0.0 568000
1694841154777 0.0 572000
1694841181728 0.0 576000
