1694836625454 0.0 4000
1694836654222 0.0 8000
1694836682370 0.0 12000
1694836712189 0.0 16000
1694836741828 0.0 20000
1694836771386 0.0 24000
1694836802246 0.0 28000
1694836832624 0.0 32000
1694836863443 0.0 36000
1694836893308 0.0 40000
1694836927337 0.0 44000
1694836958590 0.0 48000
1694836990931 0.0 52000
1694837024004 0.0 56000
1694837056263 0.0 60000
1694837087237 0.0 64000
1694837118807 0.0 68000
1694837150960 0.0 72000
1694837182683 0.0 76000
1694837215713 0.0 80000
1694837250587 0.0 84000
1694837282902 0.0 88000
1694837314707 0.0 92000
1694837347148 0.0 96000
1694837379259 0.0 100000
1694837410726 0.0 104000
1694837442848 0.0 108000
1694837474507 0.0 112000
1694837506323 0.0 116000
1694837538710 0.0 120000
1694837573488 0.0 124000
1694837605990 0.0 128000
1694837639969 0.0 132000
1694837672897 0.0 136000
1694837705225 0.0 140000
1694837737470 0.0 144000
1694837769370 0.0 148000
1694837802097 0.0 152000
1694837834151 0.0 156000
1694837867651 0.0 160000
1694837905601 0.0 164000
1694837939130 0.0 168000
1694837971411 0.0 172000
1694838004896 0.0 176000
1694838037045 0.0 180000
1694838068223 0.0 184000
1694838099586 0.0 188000
1694838130986 0.0 192000
1694838162344 0.0 196000
1694838193011 0.0 200000
1694838228969 0.0 204000
1694838260247 0.0 208000
1694838291115 0.0 212000
1694838323041 0.0 216000
1694838354630 0.0 220000
1694838386034 0.0 224000
1694838417181 0.0 228000
1694838447995 0.0 232000
1694838479913 0.0 236000
1694838511872 0.0 240000
1694838547481 0.0 244000
1694838579953 0.0 248000
1694838611944 0.0 252000
1694838644090 0.0 256000
1694838675438 0.0 260000
1694838706782 0.0 264000
1694838738559 0.0 268000
1694838771387 0.0 272000
1694838804244 0.0 276000
1694838837667 0.0 280000
1694838875274 0.0 284000
1694838908294 0.0 288000
1694838941190 0.0 292000
1694838973758 0.0 296000
1694839006820 0.0 300000
1694839038581 0.0 304000
1694839070329 0.0 308000
1694839101725 0.0 312000
1694839134734 0.0 316000
1694839166760 0.0 320000
1694839200758 0.0 324000
1694839233317 0.0 328000
1694839264855 0.0 332000
1694839297215 0.0 336000
1694839328416 0.0 340000
1694839359703 0.0 344000
1694839389796 0.0 348000
1694839420797 0.0 352000
1694839452064 0.0 356000
1694839483055 0.0 360000
1694839516321 0.0 364000
1694839547966 0.0 368000
1694839579426 0.0 372000
1694839611672 0.0 376000
1694839642761 0.0 380000
1694839674394 0.0 384000
1694839706732 0.0 388000
1694839739507 0.0 392000
1694839771493 0.0 396000
1694839804115 0.0 400000
1694839840590 0.0 404000
1694839873411 0.0 408000
1694839906149 0.0 412000
1694839938453 0.0 416000
1694839971151 0.0 420000
1694840003092 0.0 424000
1694840035836 0.0 428000
1694840067218 0.0 432000
1694840099609 0.0 436000
1694840133078 0.0 440000
1694840170656 0.0 444000
1694840205023 0.0 448000
1694840237294 0.0 452000
1694840270778 0.0 456000
1694840302766 0.0 460000
1694840335560 0.0 464000
1694840366292 0.0 468000
1694840399519 0.0 472000
1694840430690 0.0 476000
1694840462824 0.0 480000
1694840498033 0.0 484000
1694840530147 0.0 488000
1694840561969 0.0 492000
1694840594063 0.0 496000
1694840627475 0.0 500000
1694840658645 0.0 504000
1694840690186 0.0 508000
1694840720730 0.0 512000
1694840752336 0.0 516000
1694840783615 0.0 520000
1694840820713 0.0 524000
1694840856000 0.0 528000
1694840885118 0.0 532000
1694840912191 0.0 536000
1694840940174 0.0 540000
1694840966320 0.0 544000
1694840993144 0.0 548000
1694841019339 0.0 552000
1694841045972 0.0 556000
1694841073309 0.0 560000
1694841101990 0.0 564000
1694841128345 0.0 568000
1694841154771 0.0 572000
1694841181720 0.0 576000
