1694836625452 0.0 4000
1694836654221 0.0 8000
1694836682369 0.0 12000
1694836712187 0.0 16000
1694836741826 0.0 20000
1694836771384 0.0 24000
1694836802244 0.0 28000
1694836832622 0.0 32000
1694836863441 0.0 36000
1694836893307 0.0 40000
1694836927335 0.0 44000
1694836958588 0.0 48000
1694836990929 0.0 52000
1694837024002 0.0 56000
1694837056261 0.0 60000
1694837087235 0.0 64000
1694837118806 0.0 68000
1694837150959 0.0 72000
1694837182681 0.0 76000
1694837215711 0.0 80000
1694837250586 0.0 84000
1694837282900 0.0 88000
1694837314706 0.0 92000
1694837347146 0.0 96000
1694837379257 0.0 100000
1694837410723 0.0 104000
1694837442845 0.0 108000
1694837474505 0.0 112000
1694837506321 0.0 116000
1694837538709 0.0 120000
1694837573486 0.0 124000
1694837605988 0.0 128000
1694837639967 0.0 132000
1694837672895 0.0 136000
1694837705224 0.0 140000
1694837737468 0.0 144000
1694837769369 0.0 148000
1694837802095 0.0 152000
1694837834148 0.0 156000
1694837867649 0.0 160000
1694837905599 0.0 164000
1694837939129 0.0 168000
1694837971409 0.0 172000
1694838004894 0.0 176000
1694838037043 0.0 180000
1694838068222 0.0 184000
1694838099585 0.0 188000
1694838130985 0.0 192000
1694838162343 0.0 196000
1694838193009 0.0 200000
1694838228967 0.0 204000
1694838260245 0.0 208000
1694838291113 0.0 212000
1694838323039 0.0 216000
1694838354628 0.0 220000
1694838386033 0.0 224000
1694838417180 0.0 228000
1694838447993 0.0 232000
1694838479912 0.0 236000
1694838511870 0.0 240000
1694838547480 0.0 244000
1694838579952 0.0 248000
1694838611943 0.0 252000
1694838644089 0.0 256000
1694838675437 0.0 260000
1694838706780 0.0 264000
1694838738558 0.0 268000
1694838771385 0.0 272000
1694838804243 0.0 276000
1694838837666 0.0 280000
1694838875272 0.0 284000
1694838908293 0.0 288000
1694838941189 0.0 292000
1694838973757 0.0 296000
1694839006818 0.0 300000
1694839038578 0.0 304000
1694839070327 0.0 308000
1694839101724 0.0 312000
1694839134731 0.0 316000
1694839166758 0.0 320000
1694839200757 0.0 324000
1694839233315 0.0 328000
1694839264854 0.0 332000
1694839297213 0.0 336000
1694839328415 0.0 340000
1694839359702 0.0 344000
1694839389794 0.0 348000
1694839420795 0.0 352000
1694839452062 0.0 356000
1694839483054 0.0 360000
1694839516319 0.0 364000
1694839547965 0.0 368000
1694839579424 0.0 372000
1694839611670 0.0 376000
1694839642760 0.0 380000
1694839674393 0.0 384000
1694839706730 0.0 388000
1694839739506 0.0 392000
1694839771491 0.0 396000
1694839804114 0.0 400000
1694839840588 0.0 404000
1694839873410 0.0 408000
1694839906147 0.0 412000
1694839938452 0.0 416000
1694839971150 0.0 420000
1694840003091 0.0 424000
1694840035834 0.0 428000
1694840067216 0.0 432000
1694840099604 0.0 436000
1694840133075 0.0 440000
1694840170655 0.0 444000
1694840205022 0.0 448000
1694840237292 0.0 452000
1694840270776 0.0 456000
1694840302765 0.0 460000
1694840335559 0.0 464000
1694840366291 0.0 468000
1694840399518 0.0 472000
1694840430688 0.0 476000
1694840462823 0.0 480000
1694840498032 0.0 484000
1694840530146 0.0 488000
1694840561968 0.0 492000
1694840594062 0.0 496000
1694840627474 0.0 500000
1694840658642 0.0 504000
1694840690185 0.0 508000
1694840720728 0.0 512000
1694840752334 0.0 516000
1694840783614 0.0 520000
1694840820711 0.0 524000
1694840855999 0.0 528000
1694840885116 0.0 532000
1694840912189 0.0 536000
1694840940173 0.0 540000
1694840966319 0.0 544000
1694840993143 0.0 548000
1694841019337 0.0 552000
1694841045971 0.0 556000
1694841073307 0.0 560000
1694841101988 0.0 564000
1694841128344 0.0 568000
1694841154770 0.0 572000
1694841181718 0.0 576000
