1694836625510 1.0 4000
1694836654245 1.0 8000
1694836682398 1.0 12000
1694836712241 1.0 16000
1694836741851 1.0 20000
1694836771437 1.0 24000
1694836802278 1.0 28000
1694836832676 1.0 32000
1694836863471 1.0 36000
1694836893345 1.0 40000
1694836927371 1.0 44000
1694836958622 1.0 48000
1694836990964 1.0 52000
1694837024032 1.0 56000
1694837056299 1.0 60000
1694837087267 1.0 64000
1694837118842 1.0 68000
1694837150993 1.0 72000
1694837182716 1.0 76000
1694837215742 1.0 80000
1694837250644 1.0 84000
1694837282933 1.0 88000
1694837314740 1.0 92000
1694837347176 1.0 96000
1694837379286 1.0 100000
1694837410762 1.0 104000
1694837442878 1.0 108000
1694837474536 1.0 112000
1694837506363 1.0 116000
1694837538737 1.0 120000
1694837573522 1.0 124000
1694837606023 1.0 128000
1694837640011 1.0 132000
1694837672950 1.0 136000
1694837705261 1.0 140000
1694837737508 1.0 144000
1694837769400 1.0 148000
1694837802131 1.0 152000
1694837834183 1.0 156000
1694837867684 1.0 160000
1694837905636 1.0 164000
1694837939164 1.0 168000
1694837971464 1.0 172000
1694838004926 1.0 176000
1694838037075 1.0 180000
1694838068251 1.0 184000
1694838099617 1.0 188000
1694838131020 1.0 192000
1694838162377 1.0 196000
1694838193040 1.0 200000
1694838228997 1.0 204000
1694838260280 1.0 208000
1694838291141 1.0 212000
1694838323076 1.0 216000
1694838354658 1.0 220000
1694838386064 1.0 224000
1694838417209 1.0 228000
1694838448030 1.0 232000
1694838479943 1.0 236000
1694838511921 1.0 240000
1694838547509 1.0 244000
1694838579983 1.0 248000
1694838611977 1.0 252000
1694838644117 1.0 256000
1694838675468 1.0 260000
1694838706814 1.0 264000
1694838738591 1.0 268000
1694838771413 1.0 272000
1694838804277 1.0 276000
1694838837699 1.0 280000
1694838875302 1.0 284000
1694838908319 1.0 288000
1694838941222 1.0 292000
1694838973794 1.0 296000
1694839006853 1.0 300000
1694839038613 1.0 304000
1694839070358 1.0 308000
1694839101753 1.0 312000
1694839134765 1.0 316000
1694839166795 1.0 320000
1694839200791 1.0 324000
1694839233366 1.0 328000
1694839264886 1.0 332000
1694839297248 1.0 336000
1694839328444 1.0 340000
1694839359734 1.0 344000
1694839389820 1.0 348000
1694839420831 1.0 352000
1694839452095 1.0 356000
1694839483089 1.0 360000
1694839516357 1.0 364000
1694839548002 1.0 368000
1694839579457 1.0 372000
1694839611701 1.0 376000
1694839642797 1.0 380000
1694839674423 1.0 384000
1694839706760 1.0 388000
1694839739537 1.0 392000
1694839771564 1.0 396000
1694839804144 1.0 400000
1694839840622 1.0 404000
1694839873443 1.0 408000
1694839906174 1.0 412000
1694839938486 1.0 416000
1694839971179 1.0 420000
1694840003120 1.0 424000
1694840035867 1.0 428000
1694840067252 1.0 432000
1694840099660 1.0 436000
1694840133150 1.0 440000
1694840170683 1.0 444000
1694840205057 1.0 448000
1694840237324 1.0 452000
1694840270815 1.0 456000
1694840302795 1.0 460000
1694840335587 1.0 464000
1694840366323 1.0 468000
1694840399548 1.0 472000
1694840430740 1.0 476000
1694840462859 1.0 480000
1694840498064 1.0 484000
1694840530175 1.0 488000
1694840562001 1.0 492000
1694840594095 1.0 496000
1694840627509 1.0 500000
1694840658676 1.0 504000
1694840690220 1.0 508000
1694840720760 1.0 512000
1694840752368 1.0 516000
1694840783642 1.0 520000
1694840820740 1.0 524000
1694840856024 1.0 528000
1694840885143 1.0 532000
1694840912237 1.0 536000
1694840940202 1.0 540000
1694840966349 1.0 544000
1694840993171 1.0 548000
1694841019362 1.0 552000
1694841045993 1.0 556000
1694841073334 1.0 560000
1694841102024 1.0 564000
1694841128378 1.0 568000
1694841154793 1.0 572000
1694841181751 1.0 576000
