1694836625313 0.09083333333333332 4000
1694836654150 0.12394117647058825 8000
1694836682280 0.15071929824561406 12000
1694836712048 0.09913749999999999 16000
1694836741748 0.10334999999999997 20000
1694836771247 0.06070000000000001 24000
1694836802160 -0.0057900000000000095 28000
1694836832484 -0.000420000000000007 32000
1694836863357 0.07021999999999999 36000
1694836893229 0.12585999999999997 40000
1694836927250 0.18750999999999995 44000
1694836958507 0.21817 48000
1694836990844 0.16912999999999997 52000
1694837023908 0.08282000000000002 56000
1694837056180 0.11617000000000005 60000
1694837087155 0.059460000000000006 64000
1694837118719 0.06712000000000001 68000
1694837150874 0.10775 72000
1694837182592 0.041149999999999985 76000
1694837215615 0.04314 80000
1694837250444 0.021160000000000005 84000
1694837282813 -0.05226999999999997 88000
1694837314608 -0.06244000000000001 92000
1694837347064 -0.08819999999999995 96000
1694837379169 0.029770000000000022 100000
1694837410642 -0.04496999999999999 104000
1694837442761 -0.17128999999999997 108000
1694837474421 -0.15768000000000001 112000
1694837506233 -0.09920999999999999 116000
1694837538626 -0.08736999999999999 120000
1694837573409 -0.14681999999999998 124000
1694837605903 -0.12247 128000
1694837639870 -0.22669 132000
1694837672749 -0.09597000000000001 136000
1694837705141 -0.13440000000000002 140000
1694837737380 -0.18077999999999997 144000
1694837769279 -0.24631 148000
1694837802016 -0.27412 152000
1694837834062 -0.24478999999999998 156000
1694837867572 -0.16624000000000003 160000
1694837905511 -0.15377000000000002 164000
1694837938883 -0.11087999999999998 168000
1694837971255 -0.05177999999999996 172000
1694838004822 -0.13659999999999997 176000
1694838036966 -0.03728 180000
1694838068124 -0.09501999999999997 184000
1694838099509 -0.11495999999999999 188000
1694838130880 -0.07188999999999998 192000
1694838162273 0.042060000000000014 196000
1694838192933 0.0010799999999999998 200000
1694838228882 -0.01460999999999999 204000
1694838260174 -0.06719000000000001 208000
1694838291036 0.012060000000000013 212000
1694838322956 -0.004699999999999982 216000
1694838354543 -0.11735 220000
1694838385964 0.0001799999999999935 224000
1694838417102 -0.004289999999999985 228000
1694838447922 0.02127 232000
1694838479838 0.048820000000000016 236000
1694838511758 -0.14655999999999997 240000
1694838547392 -0.007749999999999995 244000
1694838579881 0.03659000000000002 248000
1694838611869 0.11622000000000003 252000
1694838644016 0.21667999999999998 256000
1694838675363 0.03172000000000002 260000
1694838706665 0.015160000000000005 264000
1694838738483 0.004680000000000005 268000
1694838771310 0.06302 272000
1694838804160 0.03104 276000
1694838837586 -0.15159999999999996 280000
1694838875186 -0.04298999999999998 284000
1694838908213 0.08353999999999999 288000
1694838941099 0.17357798165137617 292000
1694838973681 0.17915999999999996 296000
1694839006743 0.026420000000000003 300000
1694839038490 0.05900000000000001 304000
1694839070250 0.12854901960784315 308000
1694839101646 0.15711504424778766 312000
1694839134654 0.28587 316000
1694839166688 0.20189999999999997 320000
1694839200685 0.2672654867256637 324000
1694839233179 0.10285 328000
1694839264778 0.2380093457943925 332000
1694839297141 0.1494403669724771 336000
1694839328337 0.23240322580645165 340000
1694839359634 0.23620909090909087 344000
1694839389724 0.32764957264957273 348000
1694839420701 0.2705263157894737 352000
1694839451980 0.2524962406015038 356000
1694839482972 0.26599999999999996 360000
1694839516203 0.33795652173913043 364000
1694839547890 0.3773448275862069 368000
1694839579352 0.3633193277310925 372000
1694839611599 0.3730507246376812 376000
1694839642687 0.39734558823529414 380000
1694839674315 0.30918666666666667 384000
1694839706658 0.284062015503876 388000
1694839739421 0.5536585365853659 392000
1694839771364 0.4452230215827338 396000
1694839804041 0.4362164179104478 400000
1694839840498 0.3015488721804511 404000
1694839873339 0.38723684210526316 408000
1694839906065 0.43726 412000
1694839938362 0.4944094488188976 416000
1694839971055 0.40793081761006283 420000
1694840003013 0.44419841269841276 424000
1694840035756 0.3617534246575343 428000
1694840067142 0.4276612903225807 432000
1694840099523 0.5212666666666668 436000
1694840132936 0.38626875 440000
1694840170574 0.45376237623762383 444000
1694840204947 0.519983870967742 448000
1694840237218 0.4372 452000
1694840270691 0.3916040268456376 456000
1694840302696 0.48719999999999997 460000
1694840335475 0.4848255813953489 464000
1694840366217 0.40532867132867134 468000
1694840399445 0.404875 472000
1694840430577 0.5535193798449612 476000
1694840462742 0.4363892617449664 480000
1694840497950 0.5851883116883116 484000
1694840530071 0.4950972222222222 488000
1694840561894 0.4985037037037037 492000
1694840593975 0.49404761904761907 496000
1694840627401 0.5462360248447206 500000
1694840658566 0.5209 504000
1694840690113 0.5483851351351351 508000
1694840720652 0.4673558282208589 512000
1694840752258 0.5845168539325841 516000
1694840783533 0.43301408450704226 520000
1694840820629 0.5963712121212121 524000
1694840855932 0.6184887218045113 528000
1694840885053 0.6887810218978102 532000
1694840912052 0.5726166666666667 536000
1694840940111 0.6023305785123967 540000
1694840966250 0.558408 544000
1694840993078 0.5583586956521739 548000
1694841019273 0.6001801242236026 552000
1694841045902 0.6578033707865169 556000
1694841073239 0.6936879432624113 560000
1694841101925 0.5280319148936171 564000
1694841128280 0.5948507462686566 568000
1694841154703 0.5730915032679738 572000
1694841181634 0.6532185430463577 576000
