1694836625310 -0.2795 4000
1694836654149 -0.16317647058823528 8000
1694836682278 -0.018701754385964907 12000
1694836712047 0.07277499999999999 16000
1694836741746 0.06727999999999998 20000
1694836771246 0.17623 24000
1694836802158 0.26696999999999993 28000
1694836832483 0.24517999999999998 32000
1694836863356 0.23687999999999995 36000
1694836893228 0.23908000000000001 40000
1694836927248 0.21181000000000005 44000
1694836958506 0.18586 48000
1694836990842 0.25003 52000
1694837023906 0.3091299999999999 56000
1694837056179 0.26859 60000
1694837087153 0.35891 64000
1694837118717 0.31233000000000005 68000
1694837150872 0.29480999999999996 72000
1694837182589 0.3911999999999999 76000
1694837215614 0.41359999999999997 80000
1694837250442 0.49923 84000
1694837282812 0.5313599999999999 88000
1694837314606 0.50774 92000
1694837347062 0.51538 96000
1694837379168 0.43550999999999995 100000
1694837410641 0.5013700000000001 104000
1694837442759 0.61601 108000
1694837474419 0.62517 112000
1694837506230 0.61478 116000
1694837538624 0.60213 120000
1694837573406 0.6679199999999998 124000
1694837605901 0.6931400000000001 128000
1694837639868 0.8001599999999999 132000
1694837672748 0.7131399999999999 136000
1694837705139 0.65402 140000
1694837737378 0.7585200000000001 144000
1694837769278 0.8359999999999999 148000
1694837802014 0.8849899999999999 152000
1694837834059 0.84295 156000
1694837867571 0.7803 160000
1694837905509 0.8362599999999999 164000
1694837938882 0.8644700000000001 168000
1694837971236 0.8292899999999999 172000
1694838004821 0.76717 176000
1694838036965 0.7092400000000002 180000
1694838068123 0.8249799999999999 184000
1694838099507 0.8048700000000001 188000
1694838130878 0.83603 192000
1694838162272 0.84016 196000
1694838192932 0.7943499999999999 200000
1694838228880 0.72556 204000
1694838260173 0.82081 208000
1694838291035 0.7797799999999999 212000
1694838322955 0.7993600000000001 216000
1694838354542 0.8676600000000001 220000
1694838385963 0.85852 224000
1694838417099 0.82451 228000
1694838447920 0.75684 232000
1694838479837 0.7858400000000002 236000
1694838511756 0.97821 240000
1694838547391 0.8399899999999998 244000
1694838579880 0.85953 248000
1694838611868 0.8215 252000
1694838644015 0.6571300000000001 256000
1694838675361 0.8320499999999998 260000
1694838706663 0.89792 264000
1694838738482 1.0017699999999998 268000
1694838771309 0.8294600000000001 272000
1694838804158 0.8926199999999999 276000
1694838837585 1.0183499999999999 280000
1694838875185 0.9229299999999999 284000
1694838908212 0.8512899999999999 288000
1694838941098 0.8095045871559633 292000
1694838973679 0.8770099999999998 296000
1694839006742 0.9595400000000001 300000
1694839038488 1.00978 304000
1694839070249 0.9331470588235292 308000
1694839101645 1.0484513274336285 312000
1694839134652 0.86469 316000
1694839166686 1.00121 320000
1694839200684 0.8509823008849559 324000
1694839233176 0.9250299999999999 328000
1694839264776 0.9856448598130841 332000
1694839297140 1.0394954128440368 336000
1694839328333 1.007806451612903 340000
1694839359632 1.000981818181818 344000
1694839389723 0.947923076923077 348000
1694839420700 1.0091315789473685 352000
1694839451979 1.0558571428571426 356000
1694839482970 0.86881 360000
1694839516201 1.0519710144927537 364000
1694839547889 0.991560344827586 368000
1694839579350 1.0075378151260503 372000
1694839611597 0.990804347826087 376000
1694839642685 0.9139558823529411 380000
1694839674314 1.0718333333333332 384000
1694839706657 1.014782945736434 388000
1694839739419 0.902178861788618 392000
1694839771345 0.9705035971223022 396000
1694839804040 0.9842761194029851 400000
1694839840496 1.012781954887218 404000
1694839873338 1.0800986842105265 408000
1694839906064 1.0192333333333332 412000
1694839938361 1.0451181102362206 416000
1694839971053 1.0275471698113208 420000
1694840003012 1.007063492063492 424000
1694840035754 1.18863698630137 428000
1694840067140 1.055258064516129 432000
1694840099522 1.0352962962962962 436000
1694840132934 1.03445 440000
1694840170573 1.0305544554455444 444000
1694840204945 0.9524919354838709 448000
1694840237217 1.124903448275862 452000
1694840270689 1.0600939597315437 456000
1694840302695 1.0610838709677421 460000
1694840335474 1.1026686046511627 464000
1694840366216 1.1358881118881117 468000
1694840399444 1.1109807692307692 472000
1694840430574 0.9626744186046512 476000
1694840462741 1.1140604026845637 480000
1694840497948 1.0200714285714285 484000
1694840530069 1.1259513888888888 488000
1694840561893 1.0954666666666666 492000
1694840593974 1.027272108843537 496000
1694840627399 1.052142857142857 500000
1694840658565 1.1028470588235295 504000
1694840690112 1.0790067567567567 508000
1694840720650 1.1343496932515338 512000
1694840752256 1.077567415730337 516000
1694840783532 1.1550140845070422 520000
1694840820627 0.9803787878787876 524000
1694840855931 1.0594285714285714 528000
1694840885051 0.9679343065693429 532000
1694840912050 1.078588888888889 536000
1694840940110 1.0807685950413224 540000
1694840966249 1.0206720000000002 544000
1694840993077 1.0826521739130435 548000
1694841019272 1.0243416149068323 552000
1694841045900 1.0131235955056181 556000
1694841073237 1.0432198581560281 560000
1694841101924 1.0952127659574469 564000
1694841128259 1.0774179104477613 568000
1694841154702 1.0988169934640521 572000
1694841181633 1.0644701986754967 576000
