1694836625639 0.5 4000
1694836654316 0.5 8000
1694836682473 0.5 12000
1694836712355 0.5 16000
1694836741919 0.5 20000
1694836771544 0.5 24000
1694836802352 0.5 28000
1694836832784 0.5 32000
1694836863547 0.5 36000
1694836893412 0.5 40000
1694836927449 0.5 44000
1694836958702 0.5 48000
1694836991047 0.5 52000
1694837024110 0.5 56000
1694837056366 0.5 60000
1694837087343 0.5 64000
1694837118918 0.5 68000
1694837151065 0.5 72000
1694837182800 0.5 76000
1694837215815 0.5 80000
1694837250780 0.5 84000
1694837283010 0.5 88000
1694837314819 0.5 92000
1694837347244 0.5 96000
1694837379360 0.5 100000
1694837410834 0.5 104000
1694837442953 0.5 108000
1694837474616 0.5 112000
1694837506428 0.5 116000
1694837538818 0.5 120000
1694837573602 0.5 124000
1694837606098 0.5 128000
1694837640092 0.5 132000
1694837673086 0.5 136000
1694837705329 0.5 140000
1694837737591 0.5 144000
1694837769473 0.5 148000
1694837802212 0.5 152000
1694837834256 0.5 156000
1694837867761 0.5 160000
1694837905723 0.5 164000
1694837939241 0.5 168000
1694837971566 0.5 172000
1694838004985 0.5 176000
1694838037133 0.5 180000
1694838068314 0.5 184000
1694838099679 0.5 188000
1694838131084 0.5 192000
1694838162434 0.5 196000
1694838193102 0.5 200000
1694838229068 0.5 204000
1694838260339 0.5 208000
1694838291222 0.5 212000
1694838323143 0.5 216000
1694838354716 0.5 220000
1694838386126 0.5 224000
1694838417270 0.5 228000
1694838448093 0.5 232000
1694838480004 0.5 236000
1694838512053 0.5 240000
1694838547586 0.5 244000
1694838580043 0.5 248000
1694838612037 0.5 252000
1694838644182 0.5 256000
1694838675532 0.5 260000
1694838706874 0.5 264000
1694838738658 0.5 268000
1694838771478 0.5 272000
1694838804342 0.5 276000
1694838837764 0.5 280000
1694838875375 0.5 284000
1694838908392 0.5 288000
1694838941291 0.5 292000
1694838973866 0.5 296000
1694839006914 0.5 300000
1694839038692 0.5 304000
1694839070418 0.5 308000
1694839101814 0.5 312000
1694839134826 0.5 316000
1694839166854 0.5 320000
1694839200859 0.5 324000
1694839233466 0.5 328000
1694839264944 0.5 332000
1694839297309 0.5 336000
1694839328502 0.5 340000
1694839359797 0.5 344000
1694839389877 0.5 348000
1694839420905 0.5 352000
1694839452150 0.5 356000
1694839483158 0.5 360000
1694839516434 0.5 364000
1694839548061 0.5 368000
1694839579517 0.5 372000
1694839611759 0.5 376000
1694839642856 0.5 380000
1694839674507 0.5 384000
1694839706820 0.5 388000
1694839739597 0.5 392000
1694839771678 0.5 396000
1694839804203 0.5 400000
1694839840691 0.5 404000
1694839873505 0.5 408000
1694839906245 0.5 412000
1694839938555 0.5 416000
1694839971241 0.5 420000
1694840003180 0.5 424000
1694840035944 0.5 428000
1694840067323 0.5 432000
1694840099720 0.5 436000
1694840133295 0.5 440000
1694840170751 0.5 444000
1694840205117 0.5 448000
1694840237385 0.5 452000
1694840270888 0.5 456000
1694840302854 0.5 460000
1694840335653 0.5 464000
1694840366387 0.5 468000
1694840399606 0.5 472000
1694840430853 0.5 476000
1694840462927 0.5 480000
1694840498126 0.5 484000
1694840530242 0.5 488000
1694840562067 0.5 492000
1694840594167 0.5 496000
1694840627569 0.5 500000
1694840658740 0.5 504000
1694840690281 0.5 508000
1694840720816 0.5 512000
1694840752431 0.5 516000
1694840783708 0.5 520000
1694840820808 0.5 524000
1694840856096 0.5 528000
1694840885197 0.5 532000
1694840912338 0.5 536000
1694840940260 0.5 540000
1694840966416 0.5 544000
1694840993226 0.5 548000
1694841019422 0.5 552000
1694841046052 0.5 556000
1694841073388 0.5 560000
1694841102083 0.5 564000
1694841128437 0.5 568000
1694841154846 0.5 572000
1694841181823 0.5 576000
