1694836625636 0.5 4000
1694836654313 0.5 8000
1694836682470 0.5 12000
1694836712351 0.5 16000
1694836741916 0.5 20000
1694836771541 0.5 24000
1694836802348 0.5 28000
1694836832781 0.5 32000
1694836863544 0.5 36000
1694836893409 0.5 40000
1694836927446 0.5 44000
1694836958699 0.5 48000
1694836991043 0.5 52000
1694837024108 0.5 56000
1694837056363 0.5 60000
1694837087338 0.5 64000
1694837118914 0.5 68000
1694837151063 0.5 72000
1694837182797 0.5 76000
1694837215812 0.5 80000
1694837250777 0.5 84000
1694837283007 0.5 88000
1694837314817 0.5 92000
1694837347240 0.5 96000
1694837379357 0.5 100000
1694837410831 0.5 104000
1694837442948 0.5 108000
1694837474613 0.5 112000
1694837506425 0.5 116000
1694837538815 0.5 120000
1694837573597 0.5 124000
1694837606095 0.5 128000
1694837640088 0.5 132000
1694837673083 0.5 136000
1694837705326 0.5 140000
1694837737588 0.5 144000
1694837769471 0.5 148000
1694837802207 0.5 152000
1694837834252 0.5 156000
1694837867756 0.5 160000
1694837905720 0.5 164000
1694837939236 0.5 168000
1694837971563 0.5 172000
1694838004983 0.5 176000
1694838037131 0.5 180000
1694838068311 0.5 184000
1694838099676 0.5 188000
1694838131081 0.5 192000
1694838162432 0.5 196000
1694838193098 0.5 200000
1694838229064 0.5 204000
1694838260336 0.5 208000
1694838291220 0.5 212000
1694838323140 0.5 216000
1694838354713 0.5 220000
1694838386123 0.5 224000
1694838417267 0.5 228000
1694838448091 0.5 232000
1694838480000 0.5 236000
1694838512049 0.5 240000
1694838547583 0.5 244000
1694838580040 0.5 248000
1694838612035 0.5 252000
1694838644180 0.5 256000
1694838675529 0.5 260000
1694838706872 0.5 264000
1694838738653 0.5 268000
1694838771475 0.5 272000
1694838804339 0.5 276000
1694838837761 0.5 280000
1694838875369 0.5 284000
1694838908389 0.5 288000
1694838941288 0.5 292000
1694838973862 0.5 296000
1694839006911 0.5 300000
1694839038690 0.5 304000
1694839070415 0.5 308000
1694839101811 0.5 312000
1694839134823 0.5 316000
1694839166852 0.5 320000
1694839200856 0.5 324000
1694839233463 0.5 328000
1694839264941 0.5 332000
1694839297306 0.5 336000
1694839328499 0.5 340000
1694839359795 0.5 344000
1694839389874 0.5 348000
1694839420903 0.5 352000
1694839452148 0.5 356000
1694839483155 0.5 360000
1694839516430 0.5 364000
1694839548058 0.5 368000
1694839579514 0.5 372000
1694839611757 0.5 376000
1694839642854 0.5 380000
1694839674504 0.5 384000
1694839706818 0.5 388000
1694839739595 0.5 392000
1694839771674 0.5 396000
1694839804200 0.5 400000
1694839840687 0.5 404000
1694839873503 0.5 408000
1694839906242 0.5 412000
1694839938552 0.5 416000
1694839971238 0.5 420000
1694840003177 0.5 424000
1694840035940 0.5 428000
1694840067317 0.5 432000
1694840099717 0.5 436000
1694840133290 0.5 440000
1694840170748 0.5 444000
1694840205114 0.5 448000
1694840237381 0.5 452000
1694840270884 0.5 456000
1694840302852 0.5 460000
1694840335650 0.5 464000
1694840366382 0.5 468000
1694840399604 0.5 472000
1694840430849 0.5 476000
1694840462924 0.5 480000
1694840498124 0.5 484000
1694840530236 0.5 488000
1694840562065 0.5 492000
1694840594165 0.5 496000
1694840627567 0.5 500000
1694840658737 0.5 504000
1694840690279 0.5 508000
1694840720813 0.5 512000
1694840752429 0.5 516000
1694840783705 0.5 520000
1694840820805 0.5 524000
1694840856092 0.5 528000
1694840885195 0.5 532000
1694840912335 0.5 536000
1694840940257 0.5 540000
1694840966411 0.5 544000
1694840993224 0.5 548000
1694841019420 0.5 552000
1694841046049 0.5 556000
1694841073384 0.5 560000
1694841102081 0.5 564000
1694841128435 0.5 568000
1694841154843 0.5 572000
1694841181820 0.5 576000
