1694836625641 0.001 4000
1694836654318 0.001 8000
1694836682474 0.001 12000
1694836712357 0.001 16000
1694836741920 0.001 20000
1694836771546 0.001 24000
1694836802353 0.001 28000
1694836832785 0.001 32000
1694836863548 0.001 36000
1694836893413 0.001 40000
1694836927450 0.001 44000
1694836958703 0.001 48000
1694836991049 0.001 52000
1694837024112 0.001 56000
1694837056367 0.001 60000
1694837087345 0.001 64000
1694837118920 0.001 68000
1694837151066 0.001 72000
1694837182802 0.001 76000
1694837215816 0.001 80000
1694837250782 0.001 84000
1694837283011 0.001 88000
1694837314821 0.001 92000
1694837347247 0.001 96000
1694837379362 0.001 100000
1694837410836 0.001 104000
1694837442956 0.001 108000
1694837474617 0.001 112000
1694837506429 0.001 116000
1694837538819 0.001 120000
1694837573604 0.001 124000
1694837606100 0.001 128000
1694837640094 0.001 132000
1694837673087 0.001 136000
1694837705330 0.001 140000
1694837737593 0.001 144000
1694837769475 0.001 148000
1694837802214 0.001 152000
1694837834258 0.001 156000
1694837867764 0.001 160000
1694837905724 0.001 164000
1694837939243 0.001 168000
1694837971568 0.001 172000
1694838004987 0.001 176000
1694838037134 0.001 180000
1694838068315 0.001 184000
1694838099680 0.001 188000
1694838131085 0.001 192000
1694838162436 0.001 196000
1694838193104 0.001 200000
1694838229069 0.001 204000
1694838260340 0.001 208000
1694838291223 0.001 212000
1694838323146 0.001 216000
1694838354717 0.001 220000
1694838386127 0.001 224000
1694838417271 0.001 228000
1694838448095 0.001 232000
1694838480006 0.001 236000
1694838512054 0.001 240000
1694838547587 0.001 244000
1694838580044 0.001 248000
1694838612038 0.001 252000
1694838644183 0.001 256000
1694838675533 0.001 260000
1694838706876 0.001 264000
1694838738660 0.001 268000
1694838771480 0.001 272000
1694838804343 0.001 276000
1694838837765 0.001 280000
1694838875377 0.001 284000
1694838908393 0.001 288000
1694838941292 0.001 292000
1694838973868 0.001 296000
1694839006915 0.001 300000
1694839038693 0.001 304000
1694839070420 0.001 308000
1694839101816 0.001 312000
1694839134827 0.001 316000
1694839166856 0.001 320000
1694839200860 0.001 324000
1694839233468 0.001 328000
1694839264945 0.001 332000
1694839297310 0.001 336000
1694839328503 0.001 340000
1694839359798 0.001 344000
1694839389878 0.001 348000
1694839420907 0.001 352000
1694839452151 0.001 356000
1694839483159 0.001 360000
1694839516436 0.001 364000
1694839548062 0.001 368000
1694839579518 0.001 372000
1694839611760 0.001 376000
1694839642857 0.001 380000
1694839674508 0.001 384000
1694839706823 0.001 388000
1694839739598 0.001 392000
1694839771679 0.001 396000
1694839804204 0.001 400000
1694839840692 0.001 404000
1694839873507 0.001 408000
1694839906247 0.001 412000
1694839938556 0.001 416000
1694839971242 0.001 420000
1694840003182 0.001 424000
1694840035947 0.001 428000
1694840067343 0.001 432000
1694840099721 0.001 436000
1694840133298 0.001 440000
1694840170753 0.001 444000
1694840205118 0.001 448000
1694840237387 0.001 452000
1694840270890 0.001 456000
1694840302855 0.001 460000
1694840335654 0.001 464000
1694840366389 0.001 468000
1694840399608 0.001 472000
1694840430875 0.001 476000
1694840462929 0.001 480000
1694840498128 0.001 484000
1694840530244 0.001 488000
1694840562068 0.001 492000
1694840594169 0.001 496000
1694840627571 0.001 500000
1694840658743 0.001 504000
1694840690282 0.001 508000
1694840720817 0.001 512000
1694840752434 0.001 516000
1694840783709 0.001 520000
1694840820810 0.001 524000
1694840856098 0.001 528000
1694840885198 0.001 532000
1694840912339 0.001 536000
1694840940261 0.001 540000
1694840966417 0.001 544000
1694840993227 0.001 548000
1694841019423 0.001 552000
1694841046055 0.001 556000
1694841073389 0.001 560000
1694841102084 0.001 564000
1694841128438 0.001 568000
1694841154847 0.001 572000
1694841181825 0.001 576000
