1694836625637 0.5 4000
1694836654315 0.5 8000
1694836682472 0.5 12000
1694836712353 0.5 16000
1694836741918 0.5 20000
1694836771543 0.5 24000
1694836802350 0.5 28000
1694836832783 0.5 32000
1694836863546 0.5 36000
1694836893411 0.5 40000
1694836927447 0.5 44000
1694836958701 0.5 48000
1694836991046 0.5 52000
1694837024109 0.5 56000
1694837056365 0.5 60000
1694837087341 0.5 64000
1694837118916 0.5 68000
1694837151064 0.5 72000
1694837182799 0.5 76000
1694837215814 0.5 80000
1694837250778 0.5 84000
1694837283008 0.5 88000
1694837314818 0.5 92000
1694837347242 0.5 96000
1694837379359 0.5 100000
1694837410833 0.5 104000
1694837442950 0.5 108000
1694837474615 0.5 112000
1694837506427 0.5 116000
1694837538817 0.5 120000
1694837573599 0.5 124000
1694837606097 0.5 128000
1694837640090 0.5 132000
1694837673084 0.5 136000
1694837705327 0.5 140000
1694837737590 0.5 144000
1694837769472 0.5 148000
1694837802210 0.5 152000
1694837834254 0.5 156000
1694837867759 0.5 160000
1694837905721 0.5 164000
1694837939239 0.5 168000
1694837971565 0.5 172000
1694838004984 0.5 176000
1694838037132 0.5 180000
1694838068312 0.5 184000
1694838099678 0.5 188000
1694838131083 0.5 192000
1694838162433 0.5 196000
1694838193100 0.5 200000
1694838229066 0.5 204000
1694838260337 0.5 208000
1694838291221 0.5 212000
1694838323141 0.5 216000
1694838354715 0.5 220000
1694838386124 0.5 224000
1694838417268 0.5 228000
1694838448092 0.5 232000
1694838480003 0.5 236000
1694838512051 0.5 240000
1694838547584 0.5 244000
1694838580041 0.5 248000
1694838612036 0.5 252000
1694838644181 0.5 256000
1694838675530 0.5 260000
1694838706873 0.5 264000
1694838738656 0.5 268000
1694838771477 0.5 272000
1694838804341 0.5 276000
1694838837763 0.5 280000
1694838875372 0.5 284000
1694838908390 0.5 288000
1694838941289 0.5 292000
1694838973865 0.5 296000
1694839006912 0.5 300000
1694839038691 0.5 304000
1694839070416 0.5 308000
1694839101812 0.5 312000
1694839134825 0.5 316000
1694839166853 0.5 320000
1694839200858 0.5 324000
1694839233465 0.5 328000
1694839264943 0.5 332000
1694839297307 0.5 336000
1694839328500 0.5 340000
1694839359796 0.5 344000
1694839389875 0.5 348000
1694839420904 0.5 352000
1694839452149 0.5 356000
1694839483156 0.5 360000
1694839516432 0.5 364000
1694839548060 0.5 368000
1694839579515 0.5 372000
1694839611758 0.5 376000
1694839642855 0.5 380000
1694839674506 0.5 384000
1694839706819 0.5 388000
1694839739596 0.5 392000
1694839771676 0.5 396000
1694839804201 0.5 400000
1694839840689 0.5 404000
1694839873504 0.5 408000
1694839906244 0.5 412000
1694839938553 0.5 416000
1694839971240 0.5 420000
1694840003179 0.5 424000
1694840035942 0.5 428000
1694840067318 0.5 432000
1694840099719 0.5 436000
1694840133293 0.5 440000
1694840170750 0.5 444000
1694840205116 0.5 448000
1694840237383 0.5 452000
1694840270886 0.5 456000
1694840302853 0.5 460000
1694840335651 0.5 464000
1694840366385 0.5 468000
1694840399605 0.5 472000
1694840430851 0.5 476000
1694840462925 0.5 480000
1694840498125 0.5 484000
1694840530239 0.5 488000
1694840562066 0.5 492000
1694840594166 0.5 496000
1694840627568 0.5 500000
1694840658738 0.5 504000
1694840690280 0.5 508000
1694840720815 0.5 512000
1694840752430 0.5 516000
1694840783706 0.5 520000
1694840820807 0.5 524000
1694840856094 0.5 528000
1694840885196 0.5 532000
1694840912336 0.5 536000
1694840940259 0.5 540000
1694840966414 0.5 544000
1694840993225 0.5 548000
1694841019421 0.5 552000
1694841046051 0.5 556000
1694841073386 0.5 560000
1694841102082 0.5 564000
1694841128436 0.5 568000
1694841154844 0.5 572000
1694841181822 0.5 576000
