1694836625033 4000.0 4000
1694836654018 8000.0 8000
1694836682124 12000.0 12000
1694836711792 16000.0 16000
1694836741601 20000.0 20000
1694836770893 24000.0 24000
1694836801997 28000.0 28000
1694836832232 32000.0 32000
1694836863200 36000.0 36000
1694836893059 40000.0 40000
1694836927075 44000.0 44000
1694836958359 48000.0 48000
1694836990661 52000.0 52000
1694837023708 56000.0 56000
1694837056024 60000.0 60000
1694837087001 64000.0 64000
1694837118538 68000.0 68000
1694837150711 72000.0 72000
1694837182433 76000.0 76000
1694837215434 80000.0 80000
1694837250173 84000.0 84000
1694837282635 88000.0 88000
1694837314436 92000.0 92000
1694837346888 96000.0 96000
1694837378984 100000.0 100000
1694837410471 104000.0 104000
1694837442587 108000.0 108000
1694837474248 112000.0 112000
1694837506067 116000.0 116000
1694837538469 120000.0 120000
1694837573225 124000.0 124000
1694837605729 128000.0 128000
1694837639676 132000.0 132000
1694837672479 136000.0 136000
1694837704969 140000.0 140000
1694837737189 144000.0 144000
1694837769106 148000.0 148000
1694837801833 152000.0 152000
1694837833880 156000.0 156000
1694837867403 160000.0 160000
1694837905343 164000.0 164000
1694837938727 168000.0 168000
1694837970961 172000.0 172000
1694838004673 176000.0 176000
1694838036813 180000.0 180000
1694838067991 184000.0 184000
1694838099366 188000.0 188000
1694838130725 192000.0 192000
1694838162140 196000.0 196000
1694838192795 200000.0 200000
1694838228724 204000.0 204000
1694838260039 208000.0 208000
1694838290843 212000.0 212000
1694838322800 216000.0 216000
1694838354399 220000.0 220000
1694838385830 224000.0 224000
1694838416954 228000.0 228000
1694838447776 232000.0 232000
1694838479702 236000.0 236000
1694838511506 240000.0 240000
1694838547233 244000.0 244000
1694838579732 248000.0 248000
1694838611740 252000.0 252000
1694838643879 256000.0 256000
1694838675224 260000.0 260000
1694838706506 264000.0 264000
1694838738355 268000.0 268000
1694838771171 272000.0 272000
1694838803997 276000.0 276000
1694838837391 280000.0 280000
1694838874999 284000.0 284000
1694838908002 288000.0 288000
1694838940956 292000.0 292000
1694838973537 296000.0 296000
1694839006600 300000.0 300000
1694839038334 304000.0 304000
1694839070113 308000.0 308000
1694839101501 312000.0 312000
1694839134515 316000.0 316000
1694839166553 320000.0 320000
1694839200544 324000.0 324000
1694839232872 328000.0 328000
1694839264639 332000.0 332000
1694839297002 336000.0 336000
1694839328182 340000.0 340000
1694839359505 344000.0 344000
1694839389584 348000.0 348000
1694839420552 352000.0 352000
1694839451840 356000.0 356000
1694839482814 360000.0 360000
1694839516059 364000.0 364000
1694839547757 368000.0 368000
1694839579216 372000.0 372000
1694839611462 376000.0 376000
1694839642551 380000.0 380000
1694839674170 384000.0 384000
1694839706522 388000.0 388000
1694839739278 392000.0 392000
1694839771087 396000.0 396000
1694839803894 400000.0 400000
1694839840341 404000.0 404000
1694839873213 408000.0 408000
1694839905920 412000.0 412000
1694839938198 416000.0 416000
1694839970911 420000.0 420000
1694840002873 424000.0 424000
1694840035609 428000.0 428000
1694840066994 432000.0 432000
1694840099378 436000.0 436000
1694840132670 440000.0 440000
1694840170414 444000.0 444000
1694840204808 448000.0 448000
1694840237072 452000.0 452000
1694840270531 456000.0 456000
1694840302557 460000.0 460000
1694840335330 464000.0 464000
1694840366079 468000.0 468000
1694840399310 472000.0 472000
1694840430324 476000.0 476000
1694840462576 480000.0 480000
1694840497799 484000.0 484000
1694840529906 488000.0 488000
1694840561751 492000.0 492000
1694840593803 496000.0 496000
1694840627265 500000.0 500000
1694840658422 504000.0 504000
1694840689976 508000.0 508000
1694840720513 512000.0 512000
1694840752126 516000.0 516000
1694840783390 520000.0 520000
1694840820464 524000.0 524000
1694840855780 528000.0 528000
1694840884919 532000.0 532000
1694840911789 536000.0 536000
1694840939970 540000.0 540000
1694840966107 544000.0 544000
1694840992951 548000.0 548000
1694841019133 552000.0 552000
1694841045766 556000.0 556000
1694841073091 560000.0 560000
1694841101783 564000.0 564000
1694841128091 568000.0 568000
1694841154576 572000.0 572000
1694841181423 576000.0 576000
