1694836625334 0.0 4000
1694836654155 0.0 8000
1694836682284 0.0 12000
1694836712053 1.0 16000
1694836741751 1.0 20000
1694836771251 1.0 24000
1694836802168 1.0 28000
1694836832489 0.0 32000
1694836863361 1.0 36000
1694836893236 1.0 40000
1694836927253 1.0 44000
1694836958510 1.0 48000
1694836990849 0.0 52000
1694837023912 0.0 56000
1694837056185 0.0 60000
1694837087158 0.0 64000
1694837118725 0.0 68000
1694837150879 0.0 72000
1694837182599 1.0 76000
1694837215620 1.0 80000
1694837250468 1.0 84000
1694837282817 0.0 88000
1694837314611 0.0 92000
1694837347068 0.0 96000
1694837379173 0.0 100000
1694837410648 0.0 104000
1694837442765 0.0 108000
1694837474424 0.0 112000
1694837506240 0.0 116000
1694837538630 0.0 120000
1694837573414 1.0 124000
1694837605910 1.0 128000
1694837639874 1.0 132000
1694837672757 1.0 136000
1694837705146 1.0 140000
1694837737384 1.0 144000
1694837769282 1.0 148000
1694837802021 1.0 152000
1694837834069 1.0 156000
1694837867576 1.0 160000
1694837905516 1.0 164000
1694837938888 1.0 168000
1694837971297 1.0 172000
1694838004826 1.0 176000
1694838036971 1.0 180000
1694838068128 1.0 184000
1694838099514 1.0 188000
1694838130884 1.0 192000
1694838162277 1.0 196000
1694838192937 1.0 200000
1694838228885 1.0 204000
1694838260178 1.0 208000
1694838291040 1.0 212000
1694838322961 1.0 216000
1694838354547 1.0 220000
1694838385968 1.0 224000
1694838417108 1.0 228000
1694838447925 1.0 232000
1694838479841 1.0 236000
1694838511762 1.0 240000
1694838547396 1.0 244000
1694838579885 1.0 248000
1694838611873 1.0 252000
1694838644021 1.0 256000
1694838675366 1.0 260000
1694838706670 1.0 264000
1694838738487 1.0 268000
1694838771314 1.0 272000
1694838804166 1.0 276000
1694838837590 1.0 280000
1694838875191 1.0 284000
1694838908218 1.0 288000
1694838941105 1.0 292000
1694838973685 1.0 296000
1694839006747 1.0 300000
1694839038494 1.0 304000
1694839070254 1.0 308000
1694839101650 1.0 312000
1694839134660 1.0 316000
1694839166691 1.0 320000
1694839200689 1.0 324000
1694839233186 1.0 328000
1694839264781 1.0 332000
1694839297145 1.0 336000
1694839328342 1.0 340000
1694839359638 1.0 344000
1694839389728 1.0 348000
1694839420705 1.0 352000
1694839451986 1.0 356000
1694839482977 1.0 360000
1694839516206 1.0 364000
1694839547893 1.0 368000
1694839579355 1.0 372000
1694839611602 1.0 376000
1694839642690 1.0 380000
1694839674322 1.0 384000
1694839706661 1.0 388000
1694839739428 1.0 392000
1694839771369 1.0 396000
1694839804046 1.0 400000
1694839840503 1.0 404000
1694839873343 1.0 408000
1694839906069 1.0 412000
1694839938366 1.0 416000
1694839971058 1.0 420000
1694840003017 1.0 424000
1694840035759 1.0 428000
1694840067146 1.0 432000
1694840099528 1.0 436000
1694840132941 1.0 440000
1694840170578 1.0 444000
1694840204951 1.0 448000
1694840237222 1.0 452000
1694840270697 1.0 456000
1694840302700 1.0 460000
1694840335479 1.0 464000
1694840366221 1.0 468000
1694840399450 1.0 472000
1694840430582 1.0 476000
1694840462747 1.0 480000
1694840497957 1.0 484000
1694840530074 1.0 488000
1694840561898 1.0 492000
1694840593980 1.0 496000
1694840627404 1.0 500000
1694840658570 1.0 504000
1694840690117 1.0 508000
1694840720660 1.0 512000
1694840752263 1.0 516000
1694840783539 1.0 520000
1694840820633 1.0 524000
1694840855937 1.0 528000
1694840885058 1.0 532000
1694840912058 1.0 536000
1694840940115 1.0 540000
1694840966253 1.0 544000
1694840993081 1.0 548000
1694841019276 1.0 552000
1694841045905 1.0 556000
1694841073242 1.0 560000
1694841101928 1.0 564000
1694841128287 1.0 568000
1694841154708 1.0 572000
1694841181639 1.0 576000
