1694836625332 0.0 4000
1694836654153 0.0 8000
1694836682282 0.0 12000
1694836712051 0.0 16000
1694836741750 0.0 20000
1694836771250 0.0 24000
1694836802166 0.0 28000
1694836832487 0.0 32000
1694836863359 0.0 36000
1694836893234 0.0 40000
1694836927252 0.0 44000
1694836958509 0.0 48000
1694836990847 0.0 52000
1694837023910 0.0 56000
1694837056183 0.0 60000
1694837087157 0.0 64000
1694837118723 0.0 68000
1694837150877 0.0 72000
1694837182596 0.0 76000
1694837215618 0.0 80000
1694837250450 0.0 84000
1694837282815 0.0 88000
1694837314610 0.0 92000
1694837347066 0.0 96000
1694837379171 0.0 100000
1694837410646 0.0 104000
1694837442763 0.0 108000
1694837474423 0.0 112000
1694837506238 0.0 116000
1694837538628 0.0 120000
1694837573412 0.0 124000
1694837605908 0.0 128000
1694837639872 0.0 132000
1694837672755 0.0 136000
1694837705145 0.0 140000
1694837737383 0.0 144000
1694837769281 0.0 148000
1694837802019 0.0 152000
1694837834067 0.0 156000
1694837867575 0.0 160000
1694837905514 0.0 164000
1694837938886 0.0 168000
1694837971296 0.0 172000
1694838004825 0.0 176000
1694838036969 0.0 180000
1694838068126 0.0 184000
1694838099512 0.0 188000
1694838130882 0.0 192000
1694838162275 0.0 196000
1694838192936 0.0 200000
1694838228884 0.0 204000
1694838260176 0.0 208000
1694838291039 0.0 212000
1694838322960 0.0 216000
1694838354546 0.0 220000
1694838385967 0.0 224000
1694838417106 0.0 228000
1694838447924 0.0 232000
1694838479840 0.0 236000
1694838511761 0.0 240000
1694838547394 0.0 244000
1694838579884 0.0 248000
1694838611872 0.0 252000
1694838644019 0.0 256000
1694838675365 0.0 260000
1694838706668 0.0 264000
1694838738485 0.0 268000
1694838771313 0.0 272000
1694838804164 0.0 276000
1694838837589 0.0 280000
1694838875190 0.0 284000
1694838908216 0.0 288000
1694838941103 0.0 292000
1694838973684 0.0 296000
1694839006745 0.0 300000
1694839038492 0.0 304000
1694839070253 0.0 308000
1694839101648 0.0 312000
1694839134658 0.0 316000
1694839166690 0.0 320000
1694839200687 0.0 324000
1694839233184 0.0 328000
1694839264780 0.0 332000
1694839297143 0.0 336000
1694839328341 0.0 340000
1694839359636 0.0 344000
1694839389727 0.0 348000
1694839420704 0.0 352000
1694839451984 0.0 356000
1694839482976 0.0 360000
1694839516205 0.0 364000
1694839547892 0.0 368000
1694839579354 0.0 372000
1694839611601 0.0 376000
1694839642689 0.0 380000
1694839674320 0.0 384000
1694839706660 0.0 388000
1694839739425 0.0 392000
1694839771368 0.0 396000
1694839804044 0.0 400000
1694839840501 0.0 404000
1694839873342 0.0 408000
1694839906068 0.0 412000
1694839938365 0.0 416000
1694839971057 0.0 420000
1694840003016 0.0 424000
1694840035758 0.0 428000
1694840067145 0.0 432000
1694840099526 0.0 436000
1694840132939 0.0 440000
1694840170577 0.0 444000
1694840204949 0.0 448000
1694840237220 0.0 452000
1694840270695 0.0 456000
1694840302699 0.0 460000
1694840335478 0.0 464000
1694840366220 0.0 468000
1694840399449 0.0 472000
1694840430580 0.0 476000
1694840462745 0.0 480000
1694840497955 0.0 484000
1694840530073 0.0 488000
1694840561897 0.0 492000
1694840593978 0.0 496000
1694840627403 0.0 500000
1694840658568 0.0 504000
1694840690115 0.0 508000
1694840720657 0.0 512000
1694840752260 0.0 516000
1694840783537 0.0 520000
1694840820631 0.0 524000
1694840855935 0.0 528000
1694840885056 0.0 532000
1694840912056 0.0 536000
1694840940113 0.0 540000
1694840966252 0.0 544000
1694840993080 0.0 548000
1694841019275 0.0 552000
1694841045904 0.0 556000
1694841073241 0.0 560000
1694841101927 0.0 564000
1694841128285 0.0 568000
1694841154706 0.0 572000
1694841181637 0.0 576000
