1694836625330 0.0 4000
1694836654151 0.0 8000
1694836682281 0.0 12000
1694836712050 0.0125 16000
1694836741749 0.01 20000
1694836771248 0.01 24000
1694836802163 0.01 28000
1694836832486 0.0 32000
1694836863358 0.01 36000
1694836893231 0.01 40000
1694836927251 0.01 44000
1694836958508 0.01 48000
1694836990846 0.0 52000
1694837023909 0.0 56000
1694837056182 0.0 60000
1694837087156 0.0 64000
1694837118721 0.0 68000
1694837150876 0.0 72000
1694837182594 0.02 76000
1694837215616 0.02 80000
1694837250447 0.02 84000
1694837282814 0.0 88000
1694837314609 0.0 92000
1694837347065 0.0 96000
1694837379170 0.0 100000
1694837410644 0.0 104000
1694837442762 0.0 108000
1694837474422 0.0 112000
1694837506236 0.0 116000
1694837538627 0.0 120000
1694837573411 0.01 124000
1694837605905 0.03 128000
1694837639871 0.03 132000
1694837672752 0.03 136000
1694837705144 0.01 140000
1694837737381 0.03 144000
1694837769280 0.03 148000
1694837802018 0.01 152000
1694837834064 0.01 156000
1694837867574 0.02 160000
1694837905512 0.02 164000
1694837938885 0.07 168000
1694837971275 0.12 172000
1694838004823 0.07 176000
1694838036968 0.06 180000
1694838068125 0.06 184000
1694838099510 0.09 188000
1694838130881 0.08 192000
1694838162274 0.14 196000
1694838192934 0.14 200000
1694838228883 0.09 204000
1694838260175 0.06 208000
1694838291038 0.08 212000
1694838322958 0.09 216000
1694838354544 0.11 220000
1694838385965 0.1 224000
1694838417104 0.05 228000
1694838447923 0.12 232000
1694838479839 0.11 236000
1694838511759 0.16 240000
1694838547393 0.1 244000
1694838579882 0.09 248000
1694838611871 0.13 252000
1694838644018 0.13 256000
1694838675364 0.11 260000
1694838706666 0.14 264000
1694838738484 0.19 268000
1694838771312 0.16 272000
1694838804162 0.15 276000
1694838837588 0.13 280000
1694838875188 0.18 284000
1694838908215 0.2 288000
1694838941101 0.1743119266055046 292000
1694838973682 0.22 296000
1694839006744 0.27 300000
1694839038491 0.31 304000
1694839070252 0.2647058823529412 308000
1694839101647 0.336283185840708 312000
1694839134656 0.25 316000
1694839166689 0.3 320000
1694839200686 0.336283185840708 324000
1694839233181 0.31 328000
1694839264779 0.3925233644859813 332000
1694839297142 0.4036697247706422 336000
1694839328339 0.45161290322580644 340000
1694839359635 0.4727272727272727 344000
1694839389726 0.41025641025641024 348000
1694839420702 0.4473684210526316 352000
1694839451982 0.46616541353383456 356000
1694839482974 0.41 360000
1694839516204 0.5217391304347826 364000
1694839547891 0.5 368000
1694839579353 0.46218487394957986 372000
1694839611600 0.4782608695652174 376000
1694839642688 0.4411764705882353 380000
1694839674317 0.5066666666666667 384000
1694839706659 0.5116279069767442 388000
1694839739423 0.4715447154471545 392000
1694839771366 0.5323741007194245 396000
1694839804043 0.5597014925373134 400000
1694839840500 0.5112781954887218 404000
1694839873341 0.5921052631578947 408000
1694839906067 0.5733333333333334 412000
1694839938364 0.6299212598425197 416000
1694839971056 0.5660377358490566 420000
1694840003014 0.5793650793650794 424000
1694840035757 0.6506849315068494 428000
1694840067143 0.6048387096774194 432000
1694840099524 0.6074074074074074 436000
1694840132938 0.575 440000
1694840170576 0.6435643564356436 444000
1694840204948 0.5645161290322581 448000
1694840237219 0.6551724137931034 452000
1694840270692 0.5637583892617449 456000
1694840302697 0.6580645161290323 460000
1694840335476 0.6976744186046512 464000
1694840366218 0.6503496503496503 468000
1694840399447 0.6730769230769231 472000
1694840430578 0.6356589147286822 476000
1694840462744 0.6778523489932886 480000
1694840497952 0.6428571428571429 484000
1694840530072 0.6666666666666666 488000
1694840561895 0.6666666666666666 492000
1694840593976 0.6530612244897959 496000
1694840627402 0.6211180124223602 500000
1694840658567 0.6705882352941176 504000
1694840690114 0.6621621621621622 508000
1694840720654 0.6809815950920245 512000
1694840752259 0.6573033707865169 516000
1694840783535 0.676056338028169 520000
1694840820630 0.5833333333333334 524000
1694840855933 0.6090225563909775 528000
1694840885054 0.5255474452554745 532000
1694840912053 0.6166666666666667 536000
1694840940112 0.6859504132231405 540000
1694840966251 0.584 544000
1694840993079 0.625 548000
1694841019274 0.6273291925465838 552000
1694841045903 0.5955056179775281 556000
1694841073240 0.6170212765957447 560000
1694841101926 0.6329787234042553 564000
1694841128283 0.6044776119402985 568000
1694841154705 0.5947712418300654 572000
1694841181635 0.6291390728476821 576000
