1694836625339 1.0 4000
1694836654162 1.0 8000
1694836682290 1.0 12000
1694836712060 1.0 16000
1694836741755 1.0 20000
1694836771256 1.0 24000
1694836802172 1.0 28000
1694836832495 1.0 32000
1694836863366 1.0 36000
1694836893243 1.0 40000
1694836927257 1.0 44000
1694836958514 1.0 48000
1694836990852 1.0 52000
1694837023919 1.0 56000
1694837056192 1.0 60000
1694837087162 1.0 64000
1694837118731 1.0 68000
1694837150883 1.0 72000
1694837182603 1.0 76000
1694837215629 1.0 80000
1694837250473 1.0 84000
1694837282821 1.0 88000
1694837314615 1.0 92000
1694837347071 1.0 96000
1694837379177 1.0 100000
1694837410655 1.0 104000
1694837442768 1.0 108000
1694837474431 1.0 112000
1694837506244 1.0 116000
1694837538635 1.0 120000
1694837573418 1.0 124000
1694837605915 1.0 128000
1694837639878 1.0 132000
1694837672781 1.0 136000
1694837705150 1.0 140000
1694837737388 1.0 144000
1694837769287 1.0 148000
1694837802025 1.0 152000
1694837834073 1.0 156000
1694837867580 1.0 160000
1694837905520 1.0 164000
1694837938894 1.0 168000
1694837971302 1.0 172000
1694838004829 1.0 176000
1694838036975 1.0 180000
1694838068131 1.0 184000
1694838099518 1.0 188000
1694838130887 1.0 192000
1694838162280 1.0 196000
1694838192940 1.0 200000
1694838228889 1.0 204000
1694838260181 1.0 208000
1694838291046 1.0 212000
1694838322968 1.0 216000
1694838354554 1.0 220000
1694838385971 1.0 224000
1694838417112 1.0 228000
1694838447929 1.0 232000
1694838479845 1.0 236000
1694838511767 1.0 240000
1694838547400 1.0 244000
1694838579889 1.0 248000
1694838611877 1.0 252000
1694838644025 1.0 256000
1694838675370 1.0 260000
1694838706677 1.0 264000
1694838738491 1.0 268000
1694838771318 1.0 272000
1694838804170 1.0 276000
1694838837594 1.0 280000
1694838875195 1.0 284000
1694838908222 1.0 288000
1694838941111 1.0 292000
1694838973688 1.0 296000
1694839006750 1.0 300000
1694839038498 1.0 304000
1694839070258 1.0 308000
1694839101653 1.0 312000
1694839134665 1.0 316000
1694839166695 1.0 320000
1694839200692 1.0 324000
1694839233208 1.0 328000
1694839264785 1.0 332000
1694839297148 1.0 336000
1694839328346 1.0 340000
1694839359642 1.0 344000
1694839389732 1.0 348000
1694839420709 1.0 352000
1694839451992 1.0 356000
1694839482982 1.0 360000
1694839516210 1.0 364000
1694839547897 1.0 368000
1694839579359 1.0 372000
1694839611606 1.0 376000
1694839642694 1.0 380000
1694839674326 1.0 384000
1694839706666 1.0 388000
1694839739434 1.0 392000
1694839771374 1.0 396000
1694839804050 1.0 400000
1694839840507 1.0 404000
1694839873347 1.0 408000
1694839906074 1.0 412000
1694839938372 1.0 416000
1694839971062 1.0 420000
1694840003021 1.0 424000
1694840035763 1.0 428000
1694840067150 1.0 432000
1694840099533 1.0 436000
1694840132946 1.0 440000
1694840170583 1.0 444000
1694840204955 1.0 448000
1694840237225 1.0 452000
1694840270704 1.0 456000
1694840302704 1.0 460000
1694840335486 1.0 464000
1694840366224 1.0 468000
1694840399455 1.0 472000
1694840430587 1.0 476000
1694840462753 1.0 480000
1694840497962 1.0 484000
1694840530079 1.0 488000
1694840561903 1.0 492000
1694840593986 1.0 496000
1694840627409 1.0 500000
1694840658573 1.0 504000
1694840690120 1.0 508000
1694840720665 1.0 512000
1694840752266 1.0 516000
1694840783545 1.0 520000
1694840820636 1.0 524000
1694840855942 1.0 528000
1694840885062 1.0 532000
1694840912082 1.0 536000
1694840940118 1.0 540000
1694840966259 1.0 544000
1694840993087 1.0 548000
1694841019280 1.0 552000
1694841045911 1.0 556000
1694841073246 1.0 560000
1694841101932 1.0 564000
1694841128291 1.0 568000
1694841154713 1.0 572000
1694841181646 1.0 576000
