1694836625348 1.0 4000
1694836654171 1.0 8000
1694836682303 1.0 12000
1694836712087 1.0 16000
1694836741768 1.0 20000
1694836771287 1.0 24000
1694836802179 1.0 28000
1694836832524 1.0 32000
1694836863376 1.0 36000
1694836893251 1.0 40000
1694836927264 1.0 44000
1694836958522 1.0 48000
1694836990860 1.0 52000
1694837023931 1.0 56000
1694837056202 1.0 60000
1694837087169 1.0 64000
1694837118743 1.0 68000
1694837150894 1.0 72000
1694837182613 1.0 76000
1694837215641 1.0 80000
1694837250483 1.0 84000
1694837282833 1.0 88000
1694837314626 1.0 92000
1694837347079 1.0 96000
1694837379189 1.0 100000
1694837410664 1.0 104000
1694837442778 1.0 108000
1694837474442 1.0 112000
1694837506257 1.0 116000
1694837538644 1.0 120000
1694837573425 1.0 124000
1694837605923 1.0 128000
1694837639893 1.0 132000
1694837672792 1.0 136000
1694837705164 1.0 140000
1694837737396 1.0 144000
1694837769302 1.0 148000
1694837802032 1.0 152000
1694837834081 1.0 156000
1694837867591 1.0 160000
1694837905528 1.0 164000
1694837938904 1.0 168000
1694837971312 1.0 172000
1694838004837 1.0 176000
1694838036982 1.0 180000
1694838068138 1.0 184000
1694838099527 1.0 188000
1694838130909 1.0 192000
1694838162287 1.0 196000
1694838192952 1.0 200000
1694838228902 1.0 204000
1694838260189 1.0 208000
1694838291055 1.0 212000
1694838322979 1.0 216000
1694838354568 1.0 220000
1694838385979 1.0 224000
1694838417122 1.0 228000
1694838447936 1.0 232000
1694838479856 1.0 236000
1694838511777 1.0 240000
1694838547409 1.0 244000
1694838579896 1.0 248000
1694838611884 1.0 252000
1694838644032 1.0 256000
1694838675378 1.0 260000
1694838706687 1.0 264000
1694838738498 1.0 268000
1694838771327 1.0 272000
1694838804184 1.0 276000
1694838837605 1.0 280000
1694838875204 1.0 284000
1694838908236 1.0 288000
1694838941119 1.0 292000
1694838973696 1.0 296000
1694839006758 1.0 300000
1694839038507 1.0 304000
1694839070267 1.0 308000
1694839101664 1.0 312000
1694839134673 1.0 316000
1694839166703 1.0 320000
1694839200699 1.0 324000
1694839233218 1.0 328000
1694839264793 1.0 332000
1694839297156 1.0 336000
1694839328354 1.0 340000
1694839359649 1.0 344000
1694839389741 1.0 348000
1694839420722 1.0 352000
1694839452001 1.0 356000
1694839482994 1.0 360000
1694839516220 1.0 364000
1694839547904 1.0 368000
1694839579367 1.0 372000
1694839611615 1.0 376000
1694839642701 1.0 380000
1694839674336 1.0 384000
1694839706674 1.0 388000
1694839739447 1.0 392000
1694839771384 1.0 396000
1694839804057 1.0 400000
1694839840516 1.0 404000
1694839873354 1.0 408000
1694839906088 1.0 412000
1694839938383 1.0 416000
1694839971069 1.0 420000
1694840003033 1.0 424000
1694840035770 1.0 428000
1694840067157 1.0 432000
1694840099540 1.0 436000
1694840132972 1.0 440000
1694840170594 1.0 444000
1694840204963 1.0 448000
1694840237235 1.0 452000
1694840270713 1.0 456000
1694840302712 1.0 460000
1694840335495 1.0 464000
1694840366234 1.0 468000
1694840399463 1.0 472000
1694840430596 1.0 476000
1694840462763 1.0 480000
1694840497971 1.0 484000
1694840530086 1.0 488000
1694840561912 1.0 492000
1694840593996 1.0 496000
1694840627417 1.0 500000
1694840658580 1.0 504000
1694840690128 1.0 508000
1694840720672 1.0 512000
1694840752274 1.0 516000
1694840783554 1.0 520000
1694840820646 1.0 524000
1694840855949 1.0 528000
1694840885069 1.0 532000
1694840912091 1.0 536000
1694840940124 1.0 540000
1694840966268 1.0 544000
1694840993094 1.0 548000
1694841019288 1.0 552000
1694841045921 1.0 556000
1694841073254 1.0 560000
1694841101940 1.0 564000
1694841128300 1.0 568000
1694841154723 1.0 572000
1694841181655 1.0 576000
