1694836625345 0.3333333333333333 4000
1694836654168 0.29411764705882354 8000
1694836682299 0.2982456140350877 12000
1694836712084 0.35 16000
1694836741764 0.35 20000
1694836771266 0.39 24000
1694836802177 0.48 28000
1694836832520 0.47 32000
1694836863373 0.44 36000
1694836893248 0.41 40000
1694836927262 0.37 44000
1694836958519 0.37 48000
1694836990857 0.42 52000
1694837023928 0.49 56000
1694837056199 0.46 60000
1694837087166 0.49 64000
1694837118738 0.49 68000
1694837150889 0.45 72000
1694837182610 0.47 76000
1694837215637 0.47 80000
1694837250479 0.53 84000
1694837282830 0.6 88000
1694837314620 0.61 92000
1694837347076 0.63 96000
1694837379185 0.56 100000
1694837410661 0.62 104000
1694837442774 0.72 108000
1694837474439 0.7 112000
1694837506252 0.65 116000
1694837538641 0.64 120000
1694837573423 0.69 124000
1694837605920 0.68 128000
1694837639888 0.75 132000
1694837672788 0.68 136000
1694837705160 0.67 140000
1694837737394 0.7 144000
1694837769297 0.74 148000
1694837802030 0.77 152000
1694837834078 0.75 156000
1694837867587 0.69 160000
1694837905526 0.69 164000
1694837938901 0.67 168000
1694837971309 0.6 172000
1694838004834 0.66 176000
1694838036979 0.62 180000
1694838068136 0.67 184000
1694838099524 0.66 188000
1694838130901 0.65 192000
1694838162285 0.57 196000
1694838192947 0.57 200000
1694838228898 0.59 204000
1694838260186 0.65 208000
1694838291053 0.6 212000
1694838322976 0.6 216000
1694838354563 0.66 220000
1694838385976 0.6 224000
1694838417118 0.61 228000
1694838447934 0.56 232000
1694838479853 0.57 236000
1694838511774 0.64 240000
1694838547405 0.61 244000
1694838579894 0.6 248000
1694838611882 0.53 252000
1694838644030 0.48 256000
1694838675375 0.57 260000
1694838706684 0.58 264000
1694838738495 0.56 268000
1694838771323 0.54 272000
1694838804180 0.56 276000
1694838837601 0.66 280000
1694838875201 0.56 284000
1694838908232 0.51 288000
1694838941117 0.4954128440366973 292000
1694838973694 0.46 296000
1694839006755 0.49 300000
1694839038503 0.49 304000
1694839070263 0.45098039215686275 308000
1694839101659 0.4247787610619469 312000
1694839134670 0.4 316000
1694839166700 0.41 320000
1694839200697 0.34513274336283184 324000
1694839233214 0.42 328000
1694839264791 0.35514018691588783 332000
1694839297153 0.3669724770642202 336000
1694839328351 0.31451612903225806 340000
1694839359647 0.3 344000
1694839389738 0.2905982905982906 348000
1694839420718 0.2894736842105263 352000
1694839451998 0.3007518796992481 356000
1694839482990 0.29 360000
1694839516216 0.2463768115942029 364000
1694839547902 0.22413793103448276 368000
1694839579364 0.2689075630252101 372000
1694839611611 0.2318840579710145 376000
1694839642699 0.23529411764705882 380000
1694839674332 0.26 384000
1694839706672 0.24806201550387597 388000
1694839739443 0.15447154471544716 392000
1694839771381 0.17266187050359713 396000
1694839804055 0.16417910447761194 400000
1694839840513 0.24060150375939848 404000
1694839873352 0.17763157894736842 408000
1694839906084 0.15333333333333332 412000
1694839938380 0.10236220472440945 416000
1694839971067 0.1761006289308176 420000
1694840003028 0.15079365079365079 424000
1694840035768 0.1643835616438356 428000
1694840067155 0.14516129032258066 432000
1694840099538 0.1111111111111111 436000
1694840132952 0.16875 440000
1694840170590 0.0891089108910891 444000
1694840204960 0.10483870967741936 448000
1694840237232 0.1310344827586207 452000
1694840270710 0.174496644295302 456000
1694840302709 0.09032258064516129 460000
1694840335492 0.0872093023255814 464000
1694840366231 0.13986013986013987 468000
1694840399460 0.11538461538461539 472000
1694840430593 0.05426356589147287 476000
1694840462760 0.10738255033557047 480000
1694840497968 0.07142857142857142 484000
1694840530084 0.09027777777777778 488000
1694840561909 0.08148148148148149 492000
1694840593993 0.08843537414965986 496000
1694840627414 0.11180124223602485 500000
1694840658578 0.07058823529411765 504000
1694840690125 0.07432432432432433 508000
1694840720670 0.09202453987730061 512000
1694840752272 0.06741573033707865 516000
1694840783551 0.11267605633802817 520000
1694840820643 0.06818181818181818 524000
1694840855947 0.06766917293233082 528000
1694840885067 0.08029197080291971 532000
1694840912088 0.09444444444444444 536000
1694840940122 0.03305785123966942 540000
1694840966265 0.088 544000
1694840993092 0.07608695652173914 548000
1694841019284 0.062111801242236024 552000
1694841045919 0.06179775280898876 556000
1694841073251 0.0425531914893617 560000
1694841101937 0.10106382978723404 564000
1694841128296 0.07462686567164178 568000
1694841154720 0.09803921568627451 572000
1694841181652 0.052980132450331126 576000
