1694836625337 0.0 4000
1694836654160 0.0 8000
1694836682288 0.0 12000
1694836712058 0.0 16000
1694836741754 0.0 20000
1694836771254 0.0 24000
1694836802171 0.0 28000
1694836832493 0.0 32000
1694836863363 0.0 36000
1694836893240 0.0 40000
1694836927256 0.0 44000
1694836958513 0.0 48000
1694836990851 0.0 52000
1694837023916 0.0 56000
1694837056189 0.0 60000
1694837087161 0.0 64000
1694837118729 0.0 68000
1694837150882 0.0 72000
1694837182602 0.0 76000
1694837215627 0.0 80000
1694837250472 0.0 84000
1694837282819 0.0 88000
1694837314614 0.0 92000
1694837347070 0.0 96000
1694837379175 0.0 100000
1694837410653 0.0 104000
1694837442767 0.0 108000
1694837474429 0.0 112000
1694837506242 0.0 116000
1694837538634 0.0 120000
1694837573416 0.0 124000
1694837605913 0.0 128000
1694837639877 0.0 132000
1694837672779 0.0 136000
1694837705149 0.0 140000
1694837737387 0.0 144000
1694837769285 0.0 148000
1694837802024 0.0 152000
1694837834071 0.0 156000
1694837867579 0.0 160000
1694837905519 0.0 164000
1694837938893 0.0 168000
1694837971301 0.0 172000
1694838004828 0.0 176000
1694838036973 0.0 180000
1694838068130 0.0 184000
1694838099517 0.0 188000
1694838130886 0.0 192000
1694838162279 0.0 196000
1694838192939 0.0 200000
1694838228888 0.0 204000
1694838260180 0.0 208000
1694838291043 0.0 212000
1694838322965 0.0 216000
1694838354552 0.0 220000
1694838385970 0.0 224000
1694838417111 0.0 228000
1694838447928 0.0 232000
1694838479844 0.0 236000
1694838511765 0.0 240000
1694838547399 0.0 244000
1694838579887 0.0 248000
1694838611876 0.0 252000
1694838644024 0.0 256000
1694838675369 0.0 260000
1694838706675 0.0 264000
1694838738489 0.0 268000
1694838771316 0.0 272000
1694838804169 0.0 276000
1694838837593 0.0 280000
1694838875194 0.0 284000
1694838908220 0.0 288000
1694838941109 0.0 292000
1694838973687 0.0 296000
1694839006749 0.0 300000
1694839038496 0.0 304000
1694839070257 0.0 308000
1694839101652 0.0 312000
1694839134664 0.0 316000
1694839166694 0.0 320000
1694839200691 0.0 324000
1694839233206 0.0 328000
1694839264784 0.0 332000
1694839297147 0.0 336000
1694839328345 0.0 340000
1694839359640 0.0 344000
1694839389731 0.0 348000
1694839420707 0.0 352000
1694839451990 0.0 356000
1694839482980 0.0 360000
1694839516209 0.0 364000
1694839547896 0.0 368000
1694839579358 0.0 372000
1694839611605 0.0 376000
1694839642693 0.0 380000
1694839674325 0.0 384000
1694839706664 0.0 388000
1694839739432 0.0 392000
1694839771372 0.0 396000
1694839804049 0.0 400000
1694839840505 0.0 404000
1694839873346 0.0 408000
1694839906072 0.0 412000
1694839938370 0.0 416000
1694839971061 0.0 420000
1694840003019 0.0 424000
1694840035762 0.0 428000
1694840067149 0.0 432000
1694840099531 0.0 436000
1694840132944 0.0 440000
1694840170581 0.0 444000
1694840204954 0.0 448000
1694840237224 0.0 452000
1694840270702 0.0 456000
1694840302703 0.0 460000
1694840335483 0.0 464000
1694840366223 0.0 468000
1694840399453 0.0 472000
1694840430585 0.0 476000
1694840462751 0.0 480000
1694840497960 0.0 484000
1694840530078 0.0 488000
1694840561901 0.0 492000
1694840593984 0.0 496000
1694840627407 0.0 500000
1694840658572 0.0 504000
1694840690119 0.0 508000
1694840720664 0.0 512000
1694840752265 0.0 516000
1694840783543 0.0 520000
1694840820635 0.0 524000
1694840855941 0.0 528000
1694840885061 0.0 532000
1694840912063 0.0 536000
1694840940117 0.0 540000
1694840966257 0.0 544000
1694840993085 0.0 548000
1694841019278 0.0 552000
1694841045909 0.0 556000
1694841073245 0.0 560000
1694841101931 0.0 564000
1694841128289 0.0 568000
1694841154711 0.0 572000
1694841181643 0.0 576000
