1694836625336 0.3333333333333333 4000
1694836654157 0.29411764705882354 8000
1694836682286 0.2982456140350877 12000
1694836712056 0.35 16000
1694836741752 0.35 20000
1694836771253 0.39 24000
1694836802169 0.48 28000
1694836832491 0.47 32000
1694836863362 0.44 36000
1694836893238 0.41 40000
1694836927255 0.37 44000
1694836958512 0.37 48000
1694836990850 0.42 52000
1694837023914 0.49 56000
1694837056187 0.46 60000
1694837087159 0.49 64000
1694837118727 0.49 68000
1694837150880 0.45 72000
1694837182601 0.47 76000
1694837215622 0.47 80000
1694837250470 0.53 84000
1694837282818 0.6 88000
1694837314613 0.61 92000
1694837347069 0.63 96000
1694837379174 0.56 100000
1694837410650 0.62 104000
1694837442766 0.72 108000
1694837474427 0.7 112000
1694837506241 0.65 116000
1694837538632 0.64 120000
1694837573415 0.69 124000
1694837605912 0.68 128000
1694837639875 0.75 132000
1694837672760 0.68 136000
1694837705148 0.67 140000
1694837737386 0.7 144000
1694837769284 0.74 148000
1694837802022 0.77 152000
1694837834070 0.75 156000
1694837867578 0.69 160000
1694837905517 0.69 164000
1694837938891 0.67 168000
1694837971299 0.6 172000
1694838004827 0.66 176000
1694838036972 0.62 180000
1694838068129 0.67 184000
1694838099515 0.66 188000
1694838130885 0.65 192000
1694838162278 0.57 196000
1694838192938 0.57 200000
1694838228887 0.59 204000
1694838260179 0.65 208000
1694838291041 0.6 212000
1694838322963 0.6 216000
1694838354550 0.66 220000
1694838385969 0.6 224000
1694838417109 0.61 228000
1694838447926 0.56 232000
1694838479843 0.57 236000
1694838511764 0.64 240000
1694838547397 0.61 244000
1694838579886 0.6 248000
1694838611875 0.53 252000
1694838644023 0.48 256000
1694838675367 0.57 260000
1694838706673 0.58 264000
1694838738488 0.56 268000
1694838771315 0.54 272000
1694838804167 0.56 276000
1694838837592 0.66 280000
1694838875193 0.56 284000
1694838908219 0.51 288000
1694838941107 0.4954128440366973 292000
1694838973686 0.46 296000
1694839006748 0.49 300000
1694839038495 0.49 304000
1694839070255 0.45098039215686275 308000
1694839101651 0.4247787610619469 312000
1694839134662 0.4 316000
1694839166693 0.41 320000
1694839200690 0.34513274336283184 324000
1694839233188 0.42 328000
1694839264782 0.35514018691588783 332000
1694839297146 0.3669724770642202 336000
1694839328344 0.31451612903225806 340000
1694839359639 0.3 344000
1694839389729 0.2905982905982906 348000
1694839420706 0.2894736842105263 352000
1694839451988 0.3007518796992481 356000
1694839482979 0.29 360000
1694839516208 0.2463768115942029 364000
1694839547895 0.22413793103448276 368000
1694839579356 0.2689075630252101 372000
1694839611603 0.2318840579710145 376000
1694839642691 0.23529411764705882 380000
1694839674323 0.26 384000
1694839706663 0.24806201550387597 388000
1694839739430 0.15447154471544716 392000
1694839771371 0.17266187050359713 396000
1694839804047 0.16417910447761194 400000
1694839840504 0.24060150375939848 404000
1694839873344 0.17763157894736842 408000
1694839906071 0.15333333333333332 412000
1694839938368 0.10236220472440945 416000
1694839971060 0.1761006289308176 420000
1694840003018 0.15079365079365079 424000
1694840035760 0.1643835616438356 428000
1694840067148 0.14516129032258066 432000
1694840099530 0.1111111111111111 436000
1694840132942 0.16875 440000
1694840170579 0.0891089108910891 444000
1694840204952 0.10483870967741936 448000
1694840237223 0.1310344827586207 452000
1694840270699 0.174496644295302 456000
1694840302702 0.09032258064516129 460000
1694840335481 0.0872093023255814 464000
1694840366222 0.13986013986013987 468000
1694840399452 0.11538461538461539 472000
1694840430584 0.05426356589147287 476000
1694840462749 0.10738255033557047 480000
1694840497959 0.07142857142857142 484000
1694840530076 0.09027777777777778 488000
1694840561899 0.08148148148148149 492000
1694840593982 0.08843537414965986 496000
1694840627406 0.11180124223602485 500000
1694840658571 0.07058823529411765 504000
1694840690118 0.07432432432432433 508000
1694840720663 0.09202453987730061 512000
1694840752264 0.06741573033707865 516000
1694840783541 0.11267605633802817 520000
1694840820634 0.06818181818181818 524000
1694840855939 0.06766917293233082 528000
1694840885059 0.08029197080291971 532000
1694840912060 0.09444444444444444 536000
1694840940116 0.03305785123966942 540000
1694840966255 0.088 544000
1694840993083 0.07608695652173914 548000
1694841019277 0.062111801242236024 552000
1694841045907 0.06179775280898876 556000
1694841073244 0.0425531914893617 560000
1694841101929 0.10106382978723404 564000
1694841128288 0.07462686567164178 568000
1694841154709 0.09803921568627451 572000
1694841181641 0.052980132450331126 576000
