1694836625346 0.0 4000
1694836654170 0.0 8000
1694836682301 0.0 12000
1694836712086 0.0 16000
1694836741767 0.0 20000
1694836771284 0.0 24000
1694836802178 0.0 28000
1694836832522 0.0 32000
1694836863374 0.0 36000
1694836893249 0.0 40000
1694836927263 0.0 44000
1694836958521 0.0 48000
1694836990859 0.0 52000
1694837023930 0.0 56000
1694837056201 0.0 60000
1694837087168 0.0 64000
1694837118740 0.0 68000
1694837150892 0.0 72000
1694837182611 0.0 76000
1694837215638 0.0 80000
1694837250481 0.0 84000
1694837282831 0.0 88000
1694837314623 0.0 92000
1694837347077 0.0 96000
1694837379187 0.0 100000
1694837410663 0.0 104000
1694837442776 0.0 108000
1694837474440 0.0 112000
1694837506254 0.0 116000
1694837538642 0.0 120000
1694837573424 0.0 124000
1694837605921 0.0 128000
1694837639891 0.0 132000
1694837672790 0.0 136000
1694837705162 0.0 140000
1694837737395 0.0 144000
1694837769300 0.0 148000
1694837802031 0.0 152000
1694837834079 0.0 156000
1694837867589 0.0 160000
1694837905527 0.0 164000
1694837938902 0.0 168000
1694837971310 0.0 172000
1694838004836 0.0 176000
1694838036981 0.0 180000
1694838068137 0.0 184000
1694838099525 0.0 188000
1694838130903 0.0 192000
1694838162286 0.0 196000
1694838192949 0.0 200000
1694838228900 0.0 204000
1694838260187 0.0 208000
1694838291054 0.0 212000
1694838322978 0.0 216000
1694838354566 0.0 220000
1694838385977 0.0 224000
1694838417121 0.0 228000
1694838447935 0.0 232000
1694838479854 0.0 236000
1694838511776 0.0 240000
1694838547406 0.0 244000
1694838579895 0.0 248000
1694838611883 0.0 252000
1694838644031 0.0 256000
1694838675377 0.0 260000
1694838706685 0.0 264000
1694838738496 0.0 268000
1694838771325 0.0 272000
1694838804182 0.0 276000
1694838837603 0.0 280000
1694838875202 0.0 284000
1694838908234 0.0 288000
1694838941118 0.0 292000
1694838973695 0.0 296000
1694839006757 0.0 300000
1694839038505 0.0 304000
1694839070265 0.0 308000
1694839101662 0.0 312000
1694839134672 0.0 316000
1694839166701 0.0 320000
1694839200698 0.0 324000
1694839233216 0.0 328000
1694839264792 0.0 332000
1694839297154 0.0 336000
1694839328353 0.0 340000
1694839359648 0.0 344000
1694839389740 0.0 348000
1694839420720 0.0 352000
1694839452000 0.0 356000
1694839482992 0.0 360000
1694839516218 0.0 364000
1694839547903 0.0 368000
1694839579365 0.0 372000
1694839611612 0.0 376000
1694839642700 0.0 380000
1694839674334 0.0 384000
1694839706673 0.0 388000
1694839739445 0.0 392000
1694839771382 0.0 396000
1694839804056 0.0 400000
1694839840514 0.0 404000
1694839873353 0.0 408000
1694839906086 0.0 412000
1694839938382 0.0 416000
1694839971068 0.0 420000
1694840003031 0.0 424000
1694840035769 0.0 428000
1694840067156 0.0 432000
1694840099539 0.0 436000
1694840132970 0.0 440000
1694840170592 0.0 444000
1694840204961 0.0 448000
1694840237234 0.0 452000
1694840270712 0.0 456000
1694840302711 0.0 460000
1694840335493 0.0 464000
1694840366233 0.0 468000
1694840399462 0.0 472000
1694840430594 0.0 476000
1694840462761 0.0 480000
1694840497969 0.0 484000
1694840530085 0.0 488000
1694840561911 0.0 492000
1694840593995 0.0 496000
1694840627416 0.0 500000
1694840658579 0.0 504000
1694840690126 0.0 508000
1694840720671 0.0 512000
1694840752273 0.0 516000
1694840783552 0.0 520000
1694840820645 0.0 524000
1694840855948 0.0 528000
1694840885068 0.0 532000
1694840912089 0.0 536000
1694840940123 0.0 540000
1694840966267 0.0 544000
1694840993093 0.0 548000
1694841019285 0.0 552000
1694841045920 0.0 556000
1694841073252 0.0 560000
1694841101939 0.0 564000
1694841128298 0.0 568000
1694841154721 0.0 572000
1694841181653 0.0 576000
