1694836625342 0.0 4000
1694836654165 0.0 8000
1694836682295 0.0 12000
1694836712065 0.0 16000
1694836741760 0.0 20000
1694836771261 0.0 24000
1694836802175 0.0 28000
1694836832500 0.0 32000
1694836863370 0.0 36000
1694836893245 0.0 40000
1694836927259 0.0 44000
1694836958517 0.0 48000
1694836990855 0.0 52000
1694837023924 0.0 56000
1694837056196 0.0 60000
1694837087164 0.0 64000
1694837118734 0.0 68000
1694837150885 0.0 72000
1694837182607 0.0 76000
1694837215634 0.0 80000
1694837250476 0.0 84000
1694837282825 0.0 88000
1694837314618 0.0 92000
1694837347074 0.0 96000
1694837379180 0.0 100000
1694837410658 0.0 104000
1694837442771 0.0 108000
1694837474435 0.0 112000
1694837506247 0.0 116000
1694837538638 0.0 120000
1694837573420 0.0 124000
1694837605917 0.0 128000
1694837639884 0.0 132000
1694837672785 0.0 136000
1694837705155 0.0 140000
1694837737391 0.0 144000
1694837769290 0.0 148000
1694837802027 0.0 152000
1694837834075 0.0 156000
1694837867583 0.0 160000
1694837905523 0.0 164000
1694837938898 0.0 168000
1694837971305 0.0 172000
1694838004832 0.0 176000
1694838036977 0.0 180000
1694838068133 0.0 184000
1694838099521 0.0 188000
1694838130893 0.0 192000
1694838162282 0.0 196000
1694838192943 0.0 200000
1694838228893 0.0 204000
1694838260184 0.0 208000
1694838291049 0.0 212000
1694838322972 0.0 216000
1694838354560 0.0 220000
1694838385974 0.0 224000
1694838417115 0.0 228000
1694838447931 0.0 232000
1694838479849 0.0 236000
1694838511771 0.0 240000
1694838547403 0.0 244000
1694838579891 0.0 248000
1694838611879 0.0 252000
1694838644028 0.0 256000
1694838675373 0.0 260000
1694838706681 0.0 264000
1694838738493 0.0 268000
1694838771320 0.0 272000
1694838804175 0.0 276000
1694838837597 0.0 280000
1694838875198 0.0 284000
1694838908227 0.0 288000
1694838941114 0.0 292000
1694838973691 0.0 296000
1694839006753 0.0 300000
1694839038500 0.0 304000
1694839070260 0.0 308000
1694839101656 0.0 312000
1694839134668 0.0 316000
1694839166698 0.0 320000
1694839200695 0.0 324000
1694839233211 0.0 328000
1694839264788 0.0 332000
1694839297151 0.0 336000
1694839328349 0.0 340000
1694839359644 0.0 344000
1694839389735 0.0 348000
1694839420714 0.0 352000
1694839451996 0.0 356000
1694839482986 0.0 360000
1694839516213 0.0 364000
1694839547900 0.0 368000
1694839579361 0.0 372000
1694839611608 0.0 376000
1694839642696 0.0 380000
1694839674330 0.0 384000
1694839706669 0.0 388000
1694839739439 0.0 392000
1694839771377 0.0 396000
1694839804052 0.0 400000
1694839840510 0.0 404000
1694839873349 0.0 408000
1694839906079 0.0 412000
1694839938377 0.0 416000
1694839971064 0.0 420000
1694840003024 0.0 424000
1694840035765 0.0 428000
1694840067153 0.0 432000
1694840099535 0.0 436000
1694840132949 0.0 440000
1694840170587 0.0 444000
1694840204958 0.0 448000
1694840237228 0.0 452000
1694840270707 0.0 456000
1694840302707 0.0 460000
1694840335489 0.0 464000
1694840366228 0.0 468000
1694840399458 0.0 472000
1694840430590 0.0 476000
1694840462757 0.0 480000
1694840497965 0.0 484000
1694840530082 0.0 488000
1694840561906 0.0 492000
1694840593990 0.0 496000
1694840627412 0.0 500000
1694840658575 0.0 504000
1694840690123 0.0 508000
1694840720668 0.0 512000
1694840752269 0.0 516000
1694840783548 0.0 520000
1694840820639 0.0 524000
1694840855945 0.0 528000
1694840885065 0.0 532000
1694840912085 0.0 536000
1694840940120 0.0 540000
1694840966262 0.0 544000
1694840993090 0.0 548000
1694841019282 0.0 552000
1694841045915 0.0 556000
1694841073248 0.0 560000
1694841101935 0.0 564000
1694841128293 0.0 568000
1694841154717 0.0 572000
1694841181649 0.0 576000
