1694836625343 1.0 4000
1694836654167 1.0 8000
1694836682297 1.0 12000
1694836712082 1.0 16000
1694836741762 1.0 20000
1694836771263 1.0 24000
1694836802176 1.0 28000
1694836832518 1.0 32000
1694836863372 1.0 36000
1694836893247 1.0 40000
1694836927261 1.0 44000
1694836958518 1.0 48000
1694836990856 1.0 52000
1694837023926 1.0 56000
1694837056198 1.0 60000
1694837087165 1.0 64000
1694837118735 1.0 68000
1694837150887 1.0 72000
1694837182608 1.0 76000
1694837215635 1.0 80000
1694837250478 1.0 84000
1694837282827 1.0 88000
1694837314619 1.0 92000
1694837347075 1.0 96000
1694837379182 1.0 100000
1694837410660 1.0 104000
1694837442772 1.0 108000
1694837474437 1.0 112000
1694837506250 1.0 116000
1694837538640 1.0 120000
1694837573422 1.0 124000
1694837605918 1.0 128000
1694837639886 1.0 132000
1694837672786 1.0 136000
1694837705157 1.0 140000
1694837737392 1.0 144000
1694837769294 1.0 148000
1694837802029 1.0 152000
1694837834077 1.0 156000
1694837867585 1.0 160000
1694837905524 1.0 164000
1694837938899 1.0 168000
1694837971307 1.0 172000
1694838004833 1.0 176000
1694838036978 1.0 180000
1694838068135 1.0 184000
1694838099523 1.0 188000
1694838130898 1.0 192000
1694838162284 1.0 196000
1694838192945 1.0 200000
1694838228896 1.0 204000
1694838260185 1.0 208000
1694838291051 1.0 212000
1694838322975 1.0 216000
1694838354561 1.0 220000
1694838385975 1.0 224000
1694838417117 1.0 228000
1694838447933 1.0 232000
1694838479851 1.0 236000
1694838511772 1.0 240000
1694838547404 1.0 244000
1694838579892 1.0 248000
1694838611881 1.0 252000
1694838644029 1.0 256000
1694838675374 1.0 260000
1694838706683 1.0 264000
1694838738494 1.0 268000
1694838771322 1.0 272000
1694838804178 1.0 276000
1694838837599 1.0 280000
1694838875199 1.0 284000
1694838908229 1.0 288000
1694838941115 1.0 292000
1694838973692 1.0 296000
1694839006754 1.0 300000
1694839038501 1.0 304000
1694839070261 1.0 308000
1694839101657 1.0 312000
1694839134669 1.0 316000
1694839166699 1.0 320000
1694839200696 1.0 324000
1694839233213 1.0 328000
1694839264789 1.0 332000
1694839297152 1.0 336000
1694839328350 1.0 340000
1694839359645 1.0 344000
1694839389737 1.0 348000
1694839420716 1.0 352000
1694839451997 1.0 356000
1694839482988 1.0 360000
1694839516214 1.0 364000
1694839547901 1.0 368000
1694839579362 1.0 372000
1694839611610 1.0 376000
1694839642698 1.0 380000
1694839674331 1.0 384000
1694839706670 1.0 388000
1694839739441 1.0 392000
1694839771379 1.0 396000
1694839804053 1.0 400000
1694839840511 1.0 404000
1694839873350 1.0 408000
1694839906081 1.0 412000
1694839938379 1.0 416000
1694839971066 1.0 420000
1694840003026 1.0 424000
1694840035767 1.0 428000
1694840067154 1.0 432000
1694840099536 1.0 436000
1694840132951 1.0 440000
1694840170588 1.0 444000
1694840204959 1.0 448000
1694840237230 1.0 452000
1694840270709 1.0 456000
1694840302708 1.0 460000
1694840335491 1.0 464000
1694840366230 1.0 468000
1694840399459 1.0 472000
1694840430591 1.0 476000
1694840462759 1.0 480000
1694840497966 1.0 484000
1694840530083 1.0 488000
1694840561908 1.0 492000
1694840593992 1.0 496000
1694840627413 1.0 500000
1694840658577 1.0 504000
1694840690124 1.0 508000
1694840720669 1.0 512000
1694840752270 1.0 516000
1694840783549 1.0 520000
1694840820641 1.0 524000
1694840855946 1.0 528000
1694840885066 1.0 532000
1694840912087 1.0 536000
1694840940121 1.0 540000
1694840966263 1.0 544000
1694840993091 1.0 548000
1694841019283 1.0 552000
1694841045917 1.0 556000
1694841073250 1.0 560000
1694841101936 1.0 564000
1694841128294 1.0 568000
1694841154719 1.0 572000
1694841181650 1.0 576000
