1694836625340 0.5 4000
1694836654164 0.47058823529411764 8000
1694836682292 0.43859649122807015 12000
1694836712063 0.375 16000
1694836741758 0.38 20000
1694836771259 0.33 24000
1694836802173 0.28 28000
1694836832498 0.28 32000
1694836863368 0.29 36000
1694836893244 0.3 40000
1694836927258 0.32 44000
1694836958516 0.36 48000
1694836990854 0.35 52000
1694837023921 0.33 56000
1694837056194 0.33 60000
1694837087163 0.27 64000
1694837118733 0.29 68000
1694837150884 0.3 72000
1694837182605 0.24 76000
1694837215631 0.24 80000
1694837250475 0.22 84000
1694837282823 0.23 88000
1694837314616 0.25 92000
1694837347073 0.25 96000
1694837379178 0.3 100000
1694837410657 0.26 104000
1694837442770 0.2 108000
1694837474433 0.18 112000
1694837506245 0.2 116000
1694837538637 0.19 120000
1694837573419 0.18 124000
1694837605916 0.16 128000
1694837639881 0.1 132000
1694837672783 0.14 136000
1694837705152 0.17 140000
1694837737390 0.13 144000
1694837769288 0.11 148000
1694837802026 0.09 152000
1694837834074 0.1 156000
1694837867582 0.13 160000
1694837905522 0.1 164000
1694837938896 0.09 168000
1694837971304 0.1 172000
1694838004831 0.16 176000
1694838036976 0.19 180000
1694838068132 0.14 184000
1694838099520 0.18 188000
1694838130889 0.14 192000
1694838162281 0.14 196000
1694838192941 0.17 200000
1694838228891 0.18 204000
1694838260183 0.15 208000
1694838291048 0.16 212000
1694838322970 0.15 216000
1694838354557 0.13 220000
1694838385973 0.13 224000
1694838417113 0.14 228000
1694838447930 0.18 232000
1694838479847 0.16 236000
1694838511769 0.08 240000
1694838547401 0.15 244000
1694838579890 0.14 248000
1694838611878 0.12 252000
1694838644027 0.25 256000
1694838675371 0.13 260000
1694838706679 0.16 264000
1694838738492 0.09 268000
1694838771319 0.16 272000
1694838804173 0.16 276000
1694838837596 0.08 280000
1694838875197 0.1 284000
1694838908224 0.13 288000
1694838941112 0.1834862385321101 292000
1694838973690 0.13 296000
1694839006752 0.11 300000
1694839038499 0.08 304000
1694839070259 0.14705882352941177 308000
1694839101655 0.08849557522123894 312000
1694839134667 0.15 316000
1694839166696 0.06 320000
1694839200693 0.17699115044247787 324000
1694839233209 0.12 328000
1694839264786 0.102803738317757 332000
1694839297150 0.10091743119266056 336000
1694839328348 0.10483870967741936 340000
1694839359643 0.12727272727272726 344000
1694839389734 0.11965811965811966 348000
1694839420712 0.09649122807017543 352000
1694839451994 0.09022556390977443 356000
1694839482984 0.16 360000
1694839516211 0.10144927536231885 364000
1694839547898 0.10344827586206896 368000
1694839579360 0.07563025210084033 372000
1694839611607 0.10869565217391304 376000
1694839642695 0.14705882352941177 380000
1694839674328 0.07333333333333333 384000
1694839706667 0.11627906976744186 388000
1694839739436 0.0975609756097561 392000
1694839771376 0.11510791366906475 396000
1694839804051 0.11194029850746269 400000
1694839840508 0.11278195488721804 404000
1694839873348 0.07894736842105263 408000
1694839906076 0.09333333333333334 412000
1694839938375 0.08661417322834646 416000
1694839971063 0.1069182389937107 420000
1694840003022 0.0873015873015873 424000
1694840035764 0.0273972602739726 428000
1694840067151 0.08064516129032258 432000
1694840099534 0.07407407407407407 436000
1694840132947 0.09375 440000
1694840170585 0.09900990099009901 444000
1694840204956 0.0967741935483871 448000
1694840237226 0.06206896551724138 452000
1694840270706 0.09395973154362416 456000
1694840302706 0.09032258064516129 460000
1694840335488 0.09883720930232558 464000
1694840366226 0.06993006993006994 468000
1694840399456 0.057692307692307696 472000
1694840430588 0.10852713178294573 476000
1694840462755 0.08053691275167785 480000
1694840497963 0.08441558441558442 484000
1694840530080 0.041666666666666664 488000
1694840561904 0.05185185185185185 492000
1694840593988 0.10884353741496598 496000
1694840627410 0.07453416149068323 500000
1694840658574 0.047058823529411764 504000
1694840690122 0.05405405405405406 508000
1694840720666 0.04294478527607362 512000
1694840752268 0.056179775280898875 516000
1694840783546 0.04225352112676056 520000
1694840820638 0.07575757575757576 524000
1694840855944 0.03759398496240601 528000
1694840885063 0.043795620437956206 532000
1694840912084 0.044444444444444446 536000
1694840940119 0.04132231404958678 540000
1694840966261 0.072 544000
1694840993088 0.02717391304347826 548000
1694841019281 0.062111801242236024 552000
1694841045913 0.06179775280898876 556000
1694841073247 0.02127659574468085 560000
1694841101933 0.031914893617021274 564000
1694841128292 0.029850746268656716 568000
1694841154715 0.013071895424836602 572000
1694841181647 0.026490066225165563 576000
