1694836625351 0.0 4000
1694836654173 0.0 8000
1694836682308 0.0 12000
1694836712090 0.0 16000
1694836741771 0.0 20000
1694836771290 0.0 24000
1694836802182 0.0 28000
1694836832527 0.0 32000
1694836863378 0.0 36000
1694836893253 0.0 40000
1694836927268 0.0 44000
1694836958524 0.0 48000
1694836990863 0.0 52000
1694837023935 0.0 56000
1694837056204 0.0 60000
1694837087173 0.0 64000
1694837118748 0.0 68000
1694837150899 0.0 72000
1694837182615 0.0 76000
1694837215646 0.0 80000
1694837250486 0.0 84000
1694837282836 0.0 88000
1694837314630 0.0 92000
1694837347082 0.0 96000
1694837379193 0.0 100000
1694837410666 0.0 104000
1694837442783 0.0 108000
1694837474445 0.0 112000
1694837506260 0.0 116000
1694837538646 0.0 120000
1694837573428 0.0 124000
1694837605925 0.0 128000
1694837639897 0.0 132000
1694837672796 0.0 136000
1694837705167 0.0 140000
1694837737401 0.0 144000
1694837769304 0.0 148000
1694837802035 0.0 152000
1694837834083 0.0 156000
1694837867594 0.0 160000
1694837905531 0.0 164000
1694837938907 0.0 168000
1694837971315 0.0 172000
1694838004840 0.0 176000
1694838036984 0.0 180000
1694838068140 0.0 184000
1694838099529 0.0 188000
1694838130920 0.0 192000
1694838162290 0.0 196000
1694838192955 0.0 200000
1694838228906 0.0 204000
1694838260191 0.0 208000
1694838291058 0.0 212000
1694838322982 0.0 216000
1694838354573 0.0 220000
1694838385981 0.0 224000
1694838417125 0.0 228000
1694838447939 0.0 232000
1694838479859 0.0 236000
1694838511796 0.0 240000
1694838547415 0.0 244000
1694838579898 0.0 248000
1694838611887 0.0 252000
1694838644035 0.0 256000
1694838675380 0.0 260000
1694838706689 0.0 264000
1694838738502 0.0 268000
1694838771330 0.0 272000
1694838804187 0.0 276000
1694838837609 0.0 280000
1694838875206 0.0 284000
1694838908239 0.0 288000
1694838941122 0.0 292000
1694838973699 0.0 296000
1694839006760 0.0 300000
1694839038511 0.0 304000
1694839070271 0.0 308000
1694839101668 0.0 312000
1694839134676 0.0 316000
1694839166705 0.0 320000
1694839200701 0.0 324000
1694839233221 0.0 328000
1694839264795 0.0 332000
1694839297158 0.0 336000
1694839328356 0.0 340000
1694839359651 0.0 344000
1694839389744 0.0 348000
1694839420727 0.0 352000
1694839452004 0.0 356000
1694839482997 0.0 360000
1694839516225 0.0 364000
1694839547907 0.0 368000
1694839579371 0.0 372000
1694839611618 0.0 376000
1694839642703 0.0 380000
1694839674339 0.0 384000
1694839706676 0.0 388000
1694839739450 0.0 392000
1694839771388 0.0 396000
1694839804059 0.0 400000
1694839840518 0.0 404000
1694839873356 0.0 408000
1694839906092 0.0 412000
1694839938386 0.0 416000
1694839971075 0.0 420000
1694840003035 0.0 424000
1694840035773 0.0 428000
1694840067160 0.0 432000
1694840099544 0.0 436000
1694840132976 0.0 440000
1694840170598 0.0 444000
1694840204965 0.0 448000
1694840237238 0.0 452000
1694840270716 0.0 456000
1694840302714 0.0 460000
1694840335500 0.0 464000
1694840366236 0.0 468000
1694840399465 0.0 472000
1694840430599 0.0 476000
1694840462765 0.0 480000
1694840497973 0.0 484000
1694840530088 0.0 488000
1694840561915 0.0 492000
1694840594000 0.0 496000
1694840627419 0.0 500000
1694840658583 0.0 504000
1694840690130 0.0 508000
1694840720674 0.0 512000
1694840752277 0.0 516000
1694840783557 0.0 520000
1694840820649 0.0 524000
1694840855952 0.0 528000
1694840885072 0.0 532000
1694840912094 0.0 536000
1694840940126 0.0 540000
1694840966270 0.0 544000
1694840993096 0.0 548000
1694841019292 0.0 552000
1694841045923 0.0 556000
1694841073258 0.0 560000
1694841101945 0.0 564000
1694841128303 0.0 568000
1694841154725 0.0 572000
1694841181658 0.0 576000
