1694836625354 0.0 4000
1694836654174 0.0 8000
1694836682310 0.0 12000
1694836712092 1.0 16000
1694836741772 1.0 20000
1694836771292 1.0 24000
1694836802183 1.0 28000
1694836832528 1.0 32000
1694836863380 0.0 36000
1694836893254 0.0 40000
1694836927271 1.0 44000
1694836958525 1.0 48000
1694836990865 1.0 52000
1694837023938 1.0 56000
1694837056206 1.0 60000
1694837087176 1.0 64000
1694837118749 1.0 68000
1694837150901 1.0 72000
1694837182617 1.0 76000
1694837215648 1.0 80000
1694837250487 1.0 84000
1694837282837 1.0 88000
1694837314633 1.0 92000
1694837347084 1.0 96000
1694837379195 1.0 100000
1694837410667 1.0 104000
1694837442785 1.0 108000
1694837474448 1.0 112000
1694837506261 1.0 116000
1694837538648 1.0 120000
1694837573430 1.0 124000
1694837605926 1.0 128000
1694837639898 1.0 132000
1694837672797 1.0 136000
1694837705168 1.0 140000
1694837737403 1.0 144000
1694837769306 1.0 148000
1694837802036 1.0 152000
1694837834085 1.0 156000
1694837867596 1.0 160000
1694837905532 1.0 164000
1694837938909 1.0 168000
1694837971317 1.0 172000
1694838004841 1.0 176000
1694838036985 1.0 180000
1694838068142 1.0 184000
1694838099530 1.0 188000
1694838130925 1.0 192000
1694838162291 1.0 196000
1694838192958 1.0 200000
1694838228907 1.0 204000
1694838260192 1.0 208000
1694838291059 1.0 212000
1694838322983 1.0 216000
1694838354575 1.0 220000
1694838385982 1.0 224000
1694838417127 1.0 228000
1694838447940 1.0 232000
1694838479860 1.0 236000
1694838511798 1.0 240000
1694838547417 1.0 244000
1694838579900 1.0 248000
1694838611888 1.0 252000
1694838644036 1.0 256000
1694838675381 1.0 260000
1694838706691 1.0 264000
1694838738503 1.0 268000
1694838771332 1.0 272000
1694838804188 1.0 276000
1694838837611 1.0 280000
1694838875208 1.0 284000
1694838908240 1.0 288000
1694838941125 1.0 292000
1694838973700 1.0 296000
1694839006761 1.0 300000
1694839038513 1.0 304000
1694839070274 1.0 308000
1694839101670 1.0 312000
1694839134678 1.0 316000
1694839166706 1.0 320000
1694839200703 1.0 324000
1694839233222 1.0 328000
1694839264796 1.0 332000
1694839297159 1.0 336000
1694839328357 1.0 340000
1694839359652 1.0 344000
1694839389745 1.0 348000
1694839420729 1.0 352000
1694839452005 1.0 356000
1694839482998 1.0 360000
1694839516227 1.0 364000
1694839547908 1.0 368000
1694839579373 1.0 372000
1694839611619 1.0 376000
1694839642705 1.0 380000
1694839674341 1.0 384000
1694839706677 1.0 388000
1694839739452 1.0 392000
1694839771391 1.0 396000
1694839804060 1.0 400000
1694839840520 1.0 404000
1694839873358 1.0 408000
1694839906095 1.0 412000
1694839938387 1.0 416000
1694839971079 1.0 420000
1694840003037 1.0 424000
1694840035774 1.0 428000
1694840067161 1.0 432000
1694840099547 1.0 436000
1694840132978 1.0 440000
1694840170600 1.0 444000
1694840204967 1.0 448000
1694840237240 1.0 452000
1694840270717 1.0 456000
1694840302716 1.0 460000
1694840335503 1.0 464000
1694840366238 1.0 468000
1694840399467 1.0 472000
1694840430600 1.0 476000
1694840462766 1.0 480000
1694840497975 1.0 484000
1694840530090 1.0 488000
1694840561916 1.0 492000
1694840594002 1.0 496000
1694840627421 1.0 500000
1694840658585 1.0 504000
1694840690131 1.0 508000
1694840720676 1.0 512000
1694840752278 1.0 516000
1694840783559 1.0 520000
1694840820650 1.0 524000
1694840855953 1.0 528000
1694840885073 1.0 532000
1694840912095 1.0 536000
1694840940127 1.0 540000
1694840966271 1.0 544000
1694840993097 1.0 548000
1694841019294 1.0 552000
1694841045924 1.0 556000
1694841073260 1.0 560000
1694841101948 1.0 564000
1694841128304 1.0 568000
1694841154726 1.0 572000
1694841181660 1.0 576000
