1694836625349 0.0 4000
1694836654172 0.0 8000
1694836682306 0.0 12000
1694836712089 0.025 16000
1694836741769 0.02 20000
1694836771289 0.02 24000
1694836802180 0.02 28000
1694836832525 0.01 32000
1694836863377 0.0 36000
1694836893252 0.0 40000
1694836927266 0.01 44000
1694836958523 0.03 48000
1694836990861 0.03 52000
1694837023933 0.02 56000
1694837056203 0.02 60000
1694837087171 0.02 64000
1694837118745 0.02 68000
1694837150896 0.03 72000
1694837182614 0.04 76000
1694837215643 0.05 80000
1694837250484 0.07 84000
1694837282834 0.05 88000
1694837314628 0.05 92000
1694837347080 0.04 96000
1694837379191 0.05 100000
1694837410665 0.05 104000
1694837442780 0.04 108000
1694837474443 0.05 112000
1694837506258 0.07 116000
1694837538645 0.08 120000
1694837573427 0.06 124000
1694837605924 0.08 128000
1694837639895 0.11 132000
1694837672794 0.13 136000
1694837705165 0.1 140000
1694837737399 0.1 144000
1694837769303 0.09 148000
1694837802034 0.1 152000
1694837834082 0.11 156000
1694837867593 0.12 160000
1694837905530 0.16 164000
1694837938905 0.15 168000
1694837971314 0.13 172000
1694838004839 0.08 176000
1694838036983 0.12 180000
1694838068139 0.13 184000
1694838099528 0.06 188000
1694838130914 0.13 192000
1694838162288 0.14 196000
1694838192954 0.12 200000
1694838228904 0.13 204000
1694838260190 0.13 208000
1694838291057 0.15 212000
1694838322981 0.14 216000
1694838354571 0.09 220000
1694838385980 0.16 224000
1694838417124 0.16 228000
1694838447937 0.11 232000
1694838479857 0.16 236000
1694838511794 0.12 240000
1694838547412 0.14 244000
1694838579897 0.16 248000
1694838611886 0.22 252000
1694838644034 0.14 256000
1694838675379 0.19 260000
1694838706688 0.11 264000
1694838738500 0.15 268000
1694838771329 0.14 272000
1694838804185 0.12 276000
1694838837607 0.11 280000
1694838875205 0.14 284000
1694838908237 0.14 288000
1694838941121 0.14678899082568808 292000
1694838973697 0.18 296000
1694839006759 0.13 300000
1694839038509 0.11 304000
1694839070269 0.12745098039215685 308000
1694839101666 0.13274336283185842 312000
1694839134674 0.19 316000
1694839166704 0.22 320000
1694839200700 0.12389380530973451 324000
1694839233219 0.14 328000
1694839264794 0.14953271028037382 332000
1694839297157 0.11926605504587157 336000
1694839328355 0.12903225806451613 340000
1694839359650 0.09090909090909091 344000
1694839389743 0.17094017094017094 348000
1694839420725 0.14912280701754385 352000
1694839452002 0.11278195488721804 356000
1694839482995 0.11 360000
1694839516222 0.10869565217391304 364000
1694839547906 0.16379310344827586 368000
1694839579369 0.18487394957983194 372000
1694839611616 0.17391304347826086 376000
1694839642702 0.14705882352941177 380000
1694839674337 0.15333333333333332 384000
1694839706675 0.10852713178294573 388000
1694839739449 0.25203252032520324 392000
1694839771386 0.16546762589928057 396000
1694839804058 0.15671641791044777 400000
1694839840517 0.11278195488721804 404000
1694839873355 0.13815789473684212 408000
1694839906090 0.16 412000
1694839938384 0.14960629921259844 416000
1694839971071 0.1320754716981132 420000
1694840003034 0.16666666666666666 424000
1694840035771 0.136986301369863 428000
1694840067159 0.1532258064516129 432000
1694840099542 0.17777777777777778 436000
1694840132975 0.1375 440000
1694840170596 0.1188118811881188 444000
1694840204964 0.18548387096774194 448000
1694840237237 0.13793103448275862 452000
1694840270714 0.12751677852348994 456000
1694840302713 0.12903225806451613 460000
1694840335498 0.10465116279069768 464000
1694840366235 0.11888111888111888 468000
1694840399464 0.11538461538461539 472000
1694840430597 0.14728682170542637 476000
1694840462764 0.10067114093959731 480000
1694840497972 0.18181818181818182 484000
1694840530087 0.1736111111111111 488000
1694840561914 0.14074074074074075 492000
1694840593998 0.11564625850340136 496000
1694840627418 0.17391304347826086 500000
1694840658581 0.18235294117647058 504000
1694840690129 0.1891891891891892 508000
1694840720673 0.147239263803681 512000
1694840752275 0.21348314606741572 516000
1694840783556 0.13380281690140844 520000
1694840820648 0.22727272727272727 524000
1694840855951 0.24060150375939848 528000
1694840885071 0.30656934306569344 532000
1694840912092 0.22777777777777777 536000
1694840940125 0.2066115702479339 540000
1694840966269 0.208 544000
1694840993095 0.24456521739130435 548000
1694841019290 0.22981366459627328 552000
1694841045922 0.25280898876404495 556000
1694841073255 0.28368794326241137 560000
1694841101942 0.21808510638297873 564000
1694841128301 0.2537313432835821 568000
1694841154724 0.26143790849673204 572000
1694841181657 0.26490066225165565 576000
