1694836625362 1.0 4000
1694836654177 1.0 8000
1694836682316 1.0 12000
1694836712097 1.0 16000
1694836741775 1.0 20000
1694836771296 1.0 24000
1694836802187 1.0 28000
1694836832532 1.0 32000
1694836863386 1.0 36000
1694836893257 1.0 40000
1694836927277 1.0 44000
1694836958529 1.0 48000
1694836990872 1.0 52000
1694837023946 1.0 56000
1694837056209 1.0 60000
1694837087181 1.0 64000
1694837118753 1.0 68000
1694837150905 1.0 72000
1694837182622 1.0 76000
1694837215654 1.0 80000
1694837250494 1.0 84000
1694837282843 1.0 88000
1694837314640 1.0 92000
1694837347092 1.0 96000
1694837379202 1.0 100000
1694837410671 1.0 104000
1694837442790 1.0 108000
1694837474455 1.0 112000
1694837506265 1.0 116000
1694837538655 1.0 120000
1694837573434 1.0 124000
1694837605932 1.0 128000
1694837639906 1.0 132000
1694837672803 1.0 136000
1694837705172 1.0 140000
1694837737410 1.0 144000
1694837769312 1.0 148000
1694837802040 1.0 152000
1694837834092 1.0 156000
1694837867600 1.0 160000
1694837905537 1.0 164000
1694837938916 1.0 168000
1694837971338 1.0 172000
1694838004845 1.0 176000
1694838036989 1.0 180000
1694838068147 1.0 184000
1694838099534 1.0 188000
1694838130933 1.0 192000
1694838162295 1.0 196000
1694838192963 1.0 200000
1694838228912 1.0 204000
1694838260198 1.0 208000
1694838291064 1.0 212000
1694838322987 1.0 216000
1694838354580 1.0 220000
1694838385986 1.0 224000
1694838417131 1.0 228000
1694838447943 1.0 232000
1694838479864 1.0 236000
1694838511802 1.0 240000
1694838547426 1.0 244000
1694838579903 1.0 248000
1694838611892 1.0 252000
1694838644040 1.0 256000
1694838675385 1.0 260000
1694838706695 1.0 264000
1694838738509 1.0 268000
1694838771335 1.0 272000
1694838804192 1.0 276000
1694838837618 1.0 280000
1694838875215 1.0 284000
1694838908244 1.0 288000
1694838941133 1.0 292000
1694838973704 1.0 296000
1694839006767 1.0 300000
1694839038520 1.0 304000
1694839070280 1.0 308000
1694839101674 1.0 312000
1694839134683 1.0 316000
1694839166712 1.0 320000
1694839200706 1.0 324000
1694839233227 1.0 328000
1694839264800 1.0 332000
1694839297164 1.0 336000
1694839328364 1.0 340000
1694839359656 1.0 344000
1694839389748 1.0 348000
1694839420736 1.0 352000
1694839452009 1.0 356000
1694839483001 1.0 360000
1694839516231 1.0 364000
1694839547912 1.0 368000
1694839579377 1.0 372000
1694839611623 1.0 376000
1694839642708 1.0 380000
1694839674345 1.0 384000
1694839706681 1.0 388000
1694839739455 1.0 392000
1694839771414 1.0 396000
1694839804064 1.0 400000
1694839840526 1.0 404000
1694839873361 1.0 408000
1694839906101 1.0 412000
1694839938394 1.0 416000
1694839971087 1.0 420000
1694840003042 1.0 424000
1694840035780 1.0 428000
1694840067164 1.0 432000
1694840099552 1.0 436000
1694840132983 1.0 440000
1694840170606 1.0 444000
1694840204970 1.0 448000
1694840237244 1.0 452000
1694840270721 1.0 456000
1694840302719 1.0 460000
1694840335508 1.0 464000
1694840366241 1.0 468000
1694840399470 1.0 472000
1694840430605 1.0 476000
1694840462770 1.0 480000
1694840497978 1.0 484000
1694840530093 1.0 488000
1694840561920 1.0 492000
1694840594009 1.0 496000
1694840627425 1.0 500000
1694840658591 1.0 504000
1694840690135 1.0 508000
1694840720679 1.0 512000
1694840752284 1.0 516000
1694840783563 1.0 520000
1694840820656 1.0 524000
1694840855957 1.0 528000
1694840885076 1.0 532000
1694840912100 1.0 536000
1694840940130 1.0 540000
1694840966274 1.0 544000
1694840993101 1.0 548000
1694841019300 1.0 552000
1694841045927 1.0 556000
1694841073267 1.0 560000
1694841101952 1.0 564000
1694841128308 1.0 568000
1694841154729 1.0 572000
1694841181664 1.0 576000
