1694836625388 1.0 4000
1694836654184 1.0 8000
1694836682324 1.0 12000
1694836712108 1.0 16000
1694836741782 1.0 20000
1694836771305 1.0 24000
1694836802199 1.0 28000
1694836832543 1.0 32000
1694836863398 1.0 36000
1694836893266 1.0 40000
1694836927291 1.0 44000
1694836958542 1.0 48000
1694836990883 1.0 52000
1694837023955 1.0 56000
1694837056216 1.0 60000
1694837087193 1.0 64000
1694837118760 1.0 68000
1694837150912 1.0 72000
1694837182634 1.0 76000
1694837215662 1.0 80000
1694837250524 1.0 84000
1694837282855 1.0 88000
1694837314653 1.0 92000
1694837347106 1.0 96000
1694837379211 1.0 100000
1694837410683 1.0 104000
1694837442801 1.0 108000
1694837474464 1.0 112000
1694837506273 1.0 116000
1694837538664 1.0 120000
1694837573442 1.0 124000
1694837605944 1.0 128000
1694837639917 1.0 132000
1694837672833 1.0 136000
1694837705179 1.0 140000
1694837737421 1.0 144000
1694837769323 1.0 148000
1694837802050 1.0 152000
1694837834103 1.0 156000
1694837867610 1.0 160000
1694837905551 1.0 164000
1694837938926 1.0 168000
1694837971347 1.0 172000
1694838004855 1.0 176000
1694838037003 1.0 180000
1694838068158 1.0 184000
1694838099541 1.0 188000
1694838130943 1.0 192000
1694838162304 1.0 196000
1694838192971 1.0 200000
1694838228925 1.0 204000
1694838260206 1.0 208000
1694838291076 1.0 212000
1694838322996 1.0 216000
1694838354588 1.0 220000
1694838385993 1.0 224000
1694838417139 1.0 228000
1694838447953 1.0 232000
1694838479875 1.0 236000
1694838511812 1.0 240000
1694838547436 1.0 244000
1694838579913 1.0 248000
1694838611902 1.0 252000
1694838644047 1.0 256000
1694838675392 1.0 260000
1694838706707 1.0 264000
1694838738517 1.0 268000
1694838771343 1.0 272000
1694838804200 1.0 276000
1694838837632 1.0 280000
1694838875228 1.0 284000
1694838908252 1.0 288000
1694838941142 1.0 292000
1694838973716 1.0 296000
1694839006782 1.0 300000
1694839038533 1.0 304000
1694839070291 1.0 308000
1694839101688 1.0 312000
1694839134693 1.0 316000
1694839166720 1.0 320000
1694839200718 1.0 324000
1694839233236 1.0 328000
1694839264808 1.0 332000
1694839297174 1.0 336000
1694839328374 1.0 340000
1694839359665 1.0 344000
1694839389755 1.0 348000
1694839420747 1.0 352000
1694839452019 1.0 356000
1694839483008 1.0 360000
1694839516244 1.0 364000
1694839547923 1.0 368000
1694839579386 1.0 372000
1694839611631 1.0 376000
1694839642716 1.0 380000
1694839674353 1.0 384000
1694839706692 1.0 388000
1694839739463 1.0 392000
1694839771426 1.0 396000
1694839804076 1.0 400000
1694839840540 1.0 404000
1694839873370 1.0 408000
1694839906109 1.0 412000
1694839938405 1.0 416000
1694839971101 1.0 420000
1694840003052 1.0 424000
1694840035794 1.0 428000
1694840067174 1.0 432000
1694840099561 1.0 436000
1694840132994 1.0 440000
1694840170615 1.0 444000
1694840204981 1.0 448000
1694840237255 1.0 452000
1694840270734 1.0 456000
1694840302727 1.0 460000
1694840335516 1.0 464000
1694840366253 1.0 468000
1694840399479 1.0 472000
1694840430631 1.0 476000
1694840462779 1.0 480000
1694840497990 1.0 484000
1694840530104 1.0 488000
1694840561929 1.0 492000
1694840594017 1.0 496000
1694840627434 1.0 500000
1694840658600 1.0 504000
1694840690144 1.0 508000
1694840720689 1.0 512000
1694840752294 1.0 516000
1694840783571 1.0 520000
1694840820668 1.0 524000
1694840855964 1.0 528000
1694840885083 1.0 532000
1694840912113 1.0 536000
1694840940138 1.0 540000
1694840966281 1.0 544000
1694840993109 1.0 548000
1694841019307 1.0 552000
1694841045934 1.0 556000
1694841073275 1.0 560000
1694841101959 1.0 564000
1694841128316 1.0 568000
1694841154737 1.0 572000
1694841181674 1.0 576000
