1694836625356 0.5 4000
1694836654175 0.47058823529411764 8000
1694836682312 0.43859649122807015 12000
1694836712093 0.375 16000
1694836741773 0.38 20000
1694836771293 0.33 24000
1694836802184 0.28 28000
1694836832529 0.28 32000
1694836863381 0.29 36000
1694836893255 0.3 40000
1694836927273 0.32 44000
1694836958526 0.36 48000
1694836990868 0.35 52000
1694837023940 0.33 56000
1694837056207 0.33 60000
1694837087178 0.27 64000
1694837118751 0.29 68000
1694837150902 0.3 72000
1694837182619 0.24 76000
1694837215650 0.24 80000
1694837250489 0.22 84000
1694837282839 0.23 88000
1694837314635 0.25 92000
1694837347086 0.25 96000
1694837379198 0.3 100000
1694837410668 0.26 104000
1694837442787 0.2 108000
1694837474450 0.18 112000
1694837506263 0.2 116000
1694837538650 0.19 120000
1694837573432 0.18 124000
1694837605928 0.16 128000
1694837639900 0.1 132000
1694837672798 0.14 136000
1694837705169 0.17 140000
1694837737406 0.13 144000
1694837769308 0.11 148000
1694837802037 0.09 152000
1694837834087 0.1 156000
1694837867597 0.13 160000
1694837905534 0.1 164000
1694837938911 0.09 168000
1694837971319 0.1 172000
1694838004842 0.16 176000
1694838036987 0.19 180000
1694838068143 0.14 184000
1694838099531 0.18 188000
1694838130930 0.14 192000
1694838162292 0.14 196000
1694838192960 0.17 200000
1694838228909 0.18 204000
1694838260195 0.15 208000
1694838291060 0.16 212000
1694838322984 0.15 216000
1694838354577 0.13 220000
1694838385984 0.13 224000
1694838417129 0.14 228000
1694838447941 0.18 232000
1694838479861 0.16 236000
1694838511799 0.08 240000
1694838547420 0.15 244000
1694838579901 0.14 248000
1694838611889 0.12 252000
1694838644037 0.25 256000
1694838675383 0.13 260000
1694838706693 0.16 264000
1694838738506 0.09 268000
1694838771333 0.16 272000
1694838804190 0.16 276000
1694838837613 0.08 280000
1694838875211 0.1 284000
1694838908242 0.13 288000
1694838941127 0.1834862385321101 292000
1694838973701 0.13 296000
1694839006763 0.1 300000
1694839038515 0.08 304000
1694839070276 0.14705882352941177 308000
1694839101671 0.08849557522123894 312000
1694839134679 0.15 316000
1694839166707 0.06 320000
1694839200704 0.17699115044247787 324000
1694839233224 0.12 328000
1694839264798 0.102803738317757 332000
1694839297160 0.10091743119266056 336000
1694839328359 0.10483870967741936 340000
1694839359654 0.12727272727272726 344000
1694839389746 0.11965811965811966 348000
1694839420731 0.09649122807017543 352000
1694839452006 0.09022556390977443 356000
1694839482999 0.16 360000
1694839516228 0.10144927536231885 364000
1694839547909 0.10344827586206896 368000
1694839579374 0.07563025210084033 372000
1694839611621 0.10869565217391304 376000
1694839642706 0.14705882352941177 380000
1694839674342 0.07333333333333333 384000
1694839706679 0.11627906976744186 388000
1694839739453 0.0975609756097561 392000
1694839771393 0.11510791366906475 396000
1694839804062 0.11194029850746269 400000
1694839840521 0.11278195488721804 404000
1694839873359 0.07894736842105263 408000
1694839906098 0.09333333333333334 412000
1694839938389 0.08661417322834646 416000
1694839971082 0.1069182389937107 420000
1694840003038 0.0873015873015873 424000
1694840035775 0.0273972602739726 428000
1694840067162 0.08064516129032258 432000
1694840099549 0.07407407407407407 436000
1694840132980 0.09375 440000
1694840170603 0.09900990099009901 444000
1694840204968 0.0967741935483871 448000
1694840237241 0.06206896551724138 452000
1694840270719 0.09395973154362416 456000
1694840302717 0.09032258064516129 460000
1694840335505 0.09883720930232558 464000
1694840366239 0.06993006993006994 468000
1694840399468 0.057692307692307696 472000
1694840430602 0.10852713178294573 476000
1694840462767 0.08053691275167785 480000
1694840497976 0.08441558441558442 484000
1694840530091 0.041666666666666664 488000
1694840561917 0.05185185185185185 492000
1694840594004 0.10884353741496598 496000
1694840627422 0.07453416149068323 500000
1694840658587 0.047058823529411764 504000
1694840690132 0.05405405405405406 508000
1694840720677 0.04294478527607362 512000
1694840752280 0.056179775280898875 516000
1694840783560 0.04225352112676056 520000
1694840820652 0.07575757575757576 524000
1694840855954 0.03759398496240601 528000
1694840885074 0.043795620437956206 532000
1694840912097 0.044444444444444446 536000
1694840940128 0.04132231404958678 540000
1694840966272 0.072 544000
1694840993099 0.02717391304347826 548000
1694841019296 0.062111801242236024 552000
1694841045925 0.06179775280898876 556000
1694841073263 0.02127659574468085 560000
1694841101949 0.031914893617021274 564000
1694841128306 0.029850746268656716 568000
1694841154727 0.013071895424836602 572000
1694841181661 0.026490066225165563 576000
