1694836625385 0.5 4000
1694836654182 0.47058823529411764 8000
1694836682321 0.43859649122807015 12000
1694836712104 0.375 16000
1694836741780 0.38 20000
1694836771302 0.33 24000
1694836802195 0.28 28000
1694836832538 0.28 32000
1694836863395 0.29 36000
1694836893262 0.3 40000
1694836927287 0.32 44000
1694836958536 0.36 48000
1694836990879 0.35 52000
1694837023952 0.33 56000
1694837056214 0.33 60000
1694837087188 0.27 64000
1694837118758 0.29 68000
1694837150910 0.3 72000
1694837182630 0.24 76000
1694837215659 0.24 80000
1694837250520 0.22 84000
1694837282852 0.23 88000
1694837314649 0.25 92000
1694837347103 0.25 96000
1694837379209 0.3 100000
1694837410679 0.26 104000
1694837442797 0.2 108000
1694837474461 0.18 112000
1694837506270 0.2 116000
1694837538662 0.19 120000
1694837573440 0.18 124000
1694837605940 0.16 128000
1694837639914 0.1 132000
1694837672829 0.14 136000
1694837705177 0.17 140000
1694837737417 0.13 144000
1694837769320 0.11 148000
1694837802046 0.09 152000
1694837834101 0.1 156000
1694837867605 0.13 160000
1694837905545 0.1 164000
1694837938923 0.09 168000
1694837971344 0.1 172000
1694838004852 0.16 176000
1694838036997 0.19 180000
1694838068156 0.14 184000
1694838099539 0.18 188000
1694838130938 0.14 192000
1694838162300 0.14 196000
1694838192969 0.17 200000
1694838228921 0.18 204000
1694838260204 0.15 208000
1694838291073 0.16 212000
1694838322992 0.15 216000
1694838354586 0.13 220000
1694838385991 0.13 224000
1694838417136 0.14 228000
1694838447949 0.18 232000
1694838479872 0.16 236000
1694838511809 0.08 240000
1694838547433 0.15 244000
1694838579910 0.14 248000
1694838611898 0.12 252000
1694838644045 0.25 256000
1694838675390 0.13 260000
1694838706703 0.16 264000
1694838738514 0.09 268000
1694838771341 0.16 272000
1694838804197 0.16 276000
1694838837627 0.08 280000
1694838875224 0.1 284000
1694838908249 0.13 288000
1694838941139 0.1834862385321101 292000
1694838973711 0.13 296000
1694839006777 0.1 300000
1694839038529 0.08 304000
1694839070289 0.14705882352941177 308000
1694839101684 0.08849557522123894 312000
1694839134690 0.15 316000
1694839166718 0.06 320000
1694839200714 0.17699115044247787 324000
1694839233233 0.12 328000
1694839264805 0.102803738317757 332000
1694839297171 0.10091743119266056 336000
1694839328371 0.10483870967741936 340000
1694839359662 0.12727272727272726 344000
1694839389753 0.11965811965811966 348000
1694839420744 0.09649122807017543 352000
1694839452015 0.09022556390977443 356000
1694839483006 0.16 360000
1694839516240 0.10144927536231885 364000
1694839547919 0.10344827586206896 368000
1694839579383 0.07563025210084033 372000
1694839611628 0.10869565217391304 376000
1694839642713 0.14705882352941177 380000
1694839674351 0.07333333333333333 384000
1694839706688 0.11627906976744186 388000
1694839739461 0.0975609756097561 392000
1694839771423 0.11510791366906475 396000
1694839804072 0.11194029850746269 400000
1694839840535 0.11278195488721804 404000
1694839873366 0.07894736842105263 408000
1694839906106 0.09333333333333334 412000
1694839938402 0.08661417322834646 416000
1694839971096 0.1069182389937107 420000
1694840003049 0.0873015873015873 424000
1694840035789 0.0273972602739726 428000
1694840067169 0.08064516129032258 432000
1694840099558 0.07407407407407407 436000
1694840132990 0.09375 440000
1694840170612 0.09900990099009901 444000
1694840204978 0.0967741935483871 448000
1694840237252 0.06206896551724138 452000
1694840270730 0.09395973154362416 456000
1694840302724 0.09032258064516129 460000
1694840335513 0.09883720930232558 464000
1694840366247 0.06993006993006994 468000
1694840399475 0.057692307692307696 472000
1694840430628 0.10852713178294573 476000
1694840462775 0.08053691275167785 480000
1694840497985 0.08441558441558442 484000
1694840530099 0.041666666666666664 488000
1694840561925 0.05185185185185185 492000
1694840594015 0.10884353741496598 496000
1694840627431 0.07453416149068323 500000
1694840658597 0.047058823529411764 504000
1694840690140 0.05405405405405406 508000
1694840720684 0.04294478527607362 512000
1694840752291 0.056179775280898875 516000
1694840783568 0.04225352112676056 520000
1694840820665 0.07575757575757576 524000
1694840855962 0.03759398496240601 528000
1694840885080 0.043795620437956206 532000
1694840912108 0.044444444444444446 536000
1694840940135 0.04132231404958678 540000
1694840966278 0.072 544000
1694840993105 0.02717391304347826 548000
1694841019304 0.062111801242236024 552000
1694841045932 0.06179775280898876 556000
1694841073272 0.02127659574468085 560000
1694841101957 0.031914893617021274 564000
1694841128313 0.029850746268656716 568000
1694841154734 0.013071895424836602 572000
1694841181672 0.026490066225165563 576000
