1694836625387 0.0 4000
1694836654183 0.0 8000
1694836682322 0.0 12000
1694836712106 0.0 16000
1694836741781 0.0 20000
1694836771303 0.0 24000
1694836802197 0.0 28000
1694836832540 0.0 32000
1694836863396 0.0 36000
1694836893264 0.0 40000
1694836927289 0.0 44000
1694836958539 0.0 48000
1694836990881 0.0 52000
1694837023954 0.0 56000
1694837056215 0.0 60000
1694837087191 0.0 64000
1694837118759 0.0 68000
1694837150911 0.0 72000
1694837182632 0.0 76000
1694837215661 0.0 80000
1694837250522 0.0 84000
1694837282854 0.0 88000
1694837314651 0.0 92000
1694837347105 0.0 96000
1694837379210 0.0 100000
1694837410681 0.0 104000
1694837442799 0.0 108000
1694837474463 0.0 112000
1694837506272 0.0 116000
1694837538663 0.0 120000
1694837573441 0.0 124000
1694837605942 0.0 128000
1694837639916 0.0 132000
1694837672831 0.0 136000
1694837705178 0.0 140000
1694837737419 0.0 144000
1694837769322 0.0 148000
1694837802048 0.0 152000
1694837834102 0.0 156000
1694837867607 0.0 160000
1694837905548 0.0 164000
1694837938924 0.0 168000
1694837971346 0.0 172000
1694838004854 0.0 176000
1694838036999 0.0 180000
1694838068157 0.0 184000
1694838099540 0.0 188000
1694838130941 0.0 192000
1694838162302 0.0 196000
1694838192970 0.0 200000
1694838228924 0.0 204000
1694838260205 0.0 208000
1694838291074 0.0 212000
1694838322994 0.0 216000
1694838354587 0.0 220000
1694838385992 0.0 224000
1694838417137 0.0 228000
1694838447951 0.0 232000
1694838479874 0.0 236000
1694838511810 0.0 240000
1694838547434 0.0 244000
1694838579911 0.0 248000
1694838611900 0.0 252000
1694838644046 0.0 256000
1694838675391 0.0 260000
1694838706705 0.0 264000
1694838738515 0.0 268000
1694838771342 0.0 272000
1694838804199 0.0 276000
1694838837629 0.0 280000
1694838875226 0.0 284000
1694838908250 0.0 288000
1694838941141 0.0 292000
1694838973713 0.0 296000
1694839006780 0.0 300000
1694839038531 0.0 304000
1694839070290 0.0 308000
1694839101686 0.0 312000
1694839134691 0.0 316000
1694839166719 0.0 320000
1694839200716 0.0 324000
1694839233235 0.0 328000
1694839264806 0.0 332000
1694839297172 0.0 336000
1694839328373 0.0 340000
1694839359664 0.0 344000
1694839389754 0.0 348000
1694839420746 0.0 352000
1694839452017 0.0 356000
1694839483007 0.0 360000
1694839516242 0.0 364000
1694839547921 0.0 368000
1694839579384 0.0 372000
1694839611630 0.0 376000
1694839642714 0.0 380000
1694839674352 0.0 384000
1694839706690 0.0 388000
1694839739462 0.0 392000
1694839771424 0.0 396000
1694839804074 0.0 400000
1694839840538 0.0 404000
1694839873368 0.0 408000
1694839906108 0.0 412000
1694839938403 0.0 416000
1694839971100 0.0 420000
1694840003050 0.0 424000
1694840035791 0.0 428000
1694840067171 0.0 432000
1694840099559 0.0 436000
1694840132992 0.0 440000
1694840170613 0.0 444000
1694840204980 0.0 448000
1694840237254 0.0 452000
1694840270732 0.0 456000
1694840302725 0.0 460000
1694840335515 0.0 464000
1694840366250 0.0 468000
1694840399476 0.0 472000
1694840430629 0.0 476000
1694840462777 0.0 480000
1694840497988 0.0 484000
1694840530101 0.0 488000
1694840561926 0.0 492000
1694840594016 0.0 496000
1694840627432 0.0 500000
1694840658598 0.0 504000
1694840690142 0.0 508000
1694840720686 0.0 512000
1694840752293 0.0 516000
1694840783570 0.0 520000
1694840820667 0.0 524000
1694840855963 0.0 528000
1694840885081 0.0 532000
1694840912110 0.0 536000
1694840940136 0.0 540000
1694840966279 0.0 544000
1694840993107 0.0 548000
1694841019306 0.0 552000
1694841045933 0.0 556000
1694841073274 0.0 560000
1694841101958 0.0 564000
1694841128314 0.0 568000
1694841154735 0.0 572000
1694841181673 0.0 576000
