1694836625359 0.0 4000
1694836654176 0.0 8000
1694836682314 0.0 12000
1694836712095 0.0 16000
1694836741774 0.0 20000
1694836771295 0.0 24000
1694836802185 0.0 28000
1694836832531 0.0 32000
1694836863384 0.0 36000
1694836893256 0.0 40000
1694836927275 0.0 44000
1694836958528 0.0 48000
1694836990870 0.0 52000
1694837023943 0.0 56000
1694837056208 0.0 60000
1694837087180 0.0 64000
1694837118752 0.0 68000
1694837150904 0.0 72000
1694837182620 0.0 76000
1694837215652 0.0 80000
1694837250492 0.0 84000
1694837282840 0.0 88000
1694837314637 0.0 92000
1694837347089 0.0 96000
1694837379200 0.0 100000
1694837410670 0.0 104000
1694837442788 0.0 108000
1694837474452 0.0 112000
1694837506264 0.0 116000
1694837538652 0.0 120000
1694837573433 0.0 124000
1694837605930 0.0 128000
1694837639903 0.0 132000
1694837672801 0.0 136000
1694837705170 0.0 140000
1694837737408 0.0 144000
1694837769310 0.0 148000
1694837802039 0.0 152000
1694837834090 0.0 156000
1694837867598 0.0 160000
1694837905535 0.0 164000
1694837938914 0.0 168000
1694837971336 0.0 172000
1694838004844 0.0 176000
1694838036988 0.0 180000
1694838068145 0.0 184000
1694838099532 0.0 188000
1694838130931 0.0 192000
1694838162293 0.0 196000
1694838192961 0.0 200000
1694838228910 0.0 204000
1694838260197 0.0 208000
1694838291062 0.0 212000
1694838322986 0.0 216000
1694838354578 0.0 220000
1694838385985 0.0 224000
1694838417130 0.0 228000
1694838447942 0.0 232000
1694838479862 0.0 236000
1694838511801 0.0 240000
1694838547423 0.0 244000
1694838579902 0.0 248000
1694838611891 0.0 252000
1694838644038 0.0 256000
1694838675384 0.0 260000
1694838706694 0.0 264000
1694838738508 0.0 268000
1694838771334 0.0 272000
1694838804191 0.0 276000
1694838837616 0.0 280000
1694838875213 0.0 284000
1694838908243 0.0 288000
1694838941130 0.0 292000
1694838973703 0.0 296000
1694839006764 0.0 300000
1694839038518 0.0 304000
1694839070278 0.0 308000
1694839101673 0.0 312000
1694839134681 0.0 316000
1694839166710 0.0 320000
1694839200705 0.0 324000
1694839233225 0.0 328000
1694839264799 0.0 332000
1694839297162 0.0 336000
1694839328361 0.0 340000
1694839359655 0.0 344000
1694839389747 0.0 348000
1694839420734 0.0 352000
1694839452007 0.0 356000
1694839483000 0.0 360000
1694839516229 0.0 364000
1694839547911 0.0 368000
1694839579376 0.0 372000
1694839611622 0.0 376000
1694839642707 0.0 380000
1694839674344 0.0 384000
1694839706680 0.0 388000
1694839739454 0.0 392000
1694839771396 0.0 396000
1694839804063 0.0 400000
1694839840524 0.0 404000
1694839873360 0.0 408000
1694839906100 0.0 412000
1694839938391 0.0 416000
1694839971085 0.0 420000
1694840003040 0.0 424000
1694840035777 0.0 428000
1694840067163 0.0 432000
1694840099550 0.0 436000
1694840132982 0.0 440000
1694840170604 0.0 444000
1694840204969 0.0 448000
1694840237242 0.0 452000
1694840270720 0.0 456000
1694840302718 0.0 460000
1694840335507 0.0 464000
1694840366240 0.0 468000
1694840399469 0.0 472000
1694840430604 0.0 476000
1694840462769 0.0 480000
1694840497977 0.0 484000
1694840530092 0.0 488000
1694840561919 0.0 492000
1694840594007 0.0 496000
1694840627424 0.0 500000
1694840658589 0.0 504000
1694840690134 0.0 508000
1694840720678 0.0 512000
1694840752282 0.0 516000
1694840783562 0.0 520000
1694840820654 0.0 524000
1694840855956 0.0 528000
1694840885075 0.0 532000
1694840912098 0.0 536000
1694840940129 0.0 540000
1694840966273 0.0 544000
1694840993100 0.0 548000
1694841019298 0.0 552000
1694841045926 0.0 556000
1694841073265 0.0 560000
1694841101951 0.0 564000
1694841128307 0.0 568000
1694841154728 0.0 572000
1694841181663 0.0 576000
