1694836625384 1.0 4000
1694836654181 1.0 8000
1694836682320 1.0 12000
1694836712102 1.0 16000
1694836741779 1.0 20000
1694836771300 1.0 24000
1694836802193 1.0 28000
1694836832536 1.0 32000
1694836863393 1.0 36000
1694836893261 1.0 40000
1694836927284 1.0 44000
1694836958534 1.0 48000
1694836990878 1.0 52000
1694837023951 1.0 56000
1694837056213 1.0 60000
1694837087186 1.0 64000
1694837118757 1.0 68000
1694837150909 1.0 72000
1694837182627 1.0 76000
1694837215658 1.0 80000
1694837250518 1.0 84000
1694837282850 1.0 88000
1694837314647 1.0 92000
1694837347101 1.0 96000
1694837379207 1.0 100000
1694837410677 1.0 104000
1694837442794 1.0 108000
1694837474460 1.0 112000
1694837506269 1.0 116000
1694837538661 1.0 120000
1694837573439 1.0 124000
1694837605938 1.0 128000
1694837639912 1.0 132000
1694837672812 1.0 136000
1694837705176 1.0 140000
1694837737415 1.0 144000
1694837769319 1.0 148000
1694837802044 1.0 152000
1694837834099 1.0 156000
1694837867604 1.0 160000
1694837905542 1.0 164000
1694837938921 1.0 168000
1694837971343 1.0 172000
1694838004851 1.0 176000
1694838036994 1.0 180000
1694838068154 1.0 184000
1694838099537 1.0 188000
1694838130937 1.0 192000
1694838162298 1.0 196000
1694838192967 1.0 200000
1694838228919 1.0 204000
1694838260202 1.0 208000
1694838291071 1.0 212000
1694838322990 1.0 216000
1694838354584 1.0 220000
1694838385990 1.0 224000
1694838417135 1.0 228000
1694838447947 1.0 232000
1694838479870 1.0 236000
1694838511807 1.0 240000
1694838547431 1.0 244000
1694838579908 1.0 248000
1694838611896 1.0 252000
1694838644044 1.0 256000
1694838675389 1.0 260000
1694838706701 1.0 264000
1694838738513 1.0 268000
1694838771339 1.0 272000
1694838804196 1.0 276000
1694838837625 1.0 280000
1694838875221 1.0 284000
1694838908248 1.0 288000
1694838941138 1.0 292000
1694838973708 1.0 296000
1694839006775 1.0 300000
1694839038527 1.0 304000
1694839070287 1.0 308000
1694839101681 1.0 312000
1694839134688 1.0 316000
1694839166716 1.0 320000
1694839200712 1.0 324000
1694839233232 1.0 328000
1694839264804 1.0 332000
1694839297169 1.0 336000
1694839328370 1.0 340000
1694839359661 1.0 344000
1694839389752 1.0 348000
1694839420743 1.0 352000
1694839452013 1.0 356000
1694839483005 1.0 360000
1694839516237 1.0 364000
1694839547916 1.0 368000
1694839579381 1.0 372000
1694839611627 1.0 376000
1694839642712 1.0 380000
1694839674350 1.0 384000
1694839706686 1.0 388000
1694839739459 1.0 392000
1694839771421 1.0 396000
1694839804070 1.0 400000
1694839840532 1.0 404000
1694839873365 1.0 408000
1694839906105 1.0 412000
1694839938400 1.0 416000
1694839971094 1.0 420000
1694840003047 1.0 424000
1694840035787 1.0 428000
1694840067168 1.0 432000
1694840099557 1.0 436000
1694840132988 1.0 440000
1694840170611 1.0 444000
1694840204977 1.0 448000
1694840237250 1.0 452000
1694840270727 1.0 456000
1694840302723 1.0 460000
1694840335512 1.0 464000
1694840366245 1.0 468000
1694840399474 1.0 472000
1694840430626 1.0 476000
1694840462773 1.0 480000
1694840497982 1.0 484000
1694840530097 1.0 488000
1694840561924 1.0 492000
1694840594013 1.0 496000
1694840627429 1.0 500000
1694840658595 1.0 504000
1694840690139 1.0 508000
1694840720682 1.0 512000
1694840752290 1.0 516000
1694840783567 1.0 520000
1694840820664 1.0 524000
1694840855961 1.0 528000
1694840885079 1.0 532000
1694840912106 1.0 536000
1694840940134 1.0 540000
1694840966277 1.0 544000
1694840993104 1.0 548000
1694841019303 1.0 552000
1694841045931 1.0 556000
1694841073271 1.0 560000
1694841101956 1.0 564000
1694841128312 1.0 568000
1694841154733 1.0 572000
1694841181670 1.0 576000
