1694836625380 0.3333333333333333 4000
1694836654178 0.29411764705882354 8000
1694836682317 0.2982456140350877 12000
1694836712098 0.35 16000
1694836741776 0.35 20000
1694836771297 0.39 24000
1694836802188 0.48 28000
1694836832534 0.47 32000
1694836863388 0.44 36000
1694836893259 0.41 40000
1694836927280 0.37 44000
1694836958530 0.37 48000
1694836990875 0.42 52000
1694837023947 0.49 56000
1694837056210 0.46 60000
1694837087183 0.49 64000
1694837118754 0.49 68000
1694837150906 0.45 72000
1694837182623 0.47 76000
1694837215655 0.47 80000
1694837250497 0.53 84000
1694837282845 0.6 88000
1694837314642 0.61 92000
1694837347095 0.63 96000
1694837379205 0.56 100000
1694837410672 0.62 104000
1694837442791 0.72 108000
1694837474457 0.7 112000
1694837506266 0.65 116000
1694837538657 0.64 120000
1694837573436 0.69 124000
1694837605934 0.68 128000
1694837639908 0.75 132000
1694837672806 0.68 136000
1694837705173 0.67 140000
1694837737412 0.7 144000
1694837769314 0.74 148000
1694837802041 0.77 152000
1694837834095 0.75 156000
1694837867601 0.69 160000
1694837905538 0.69 164000
1694837938918 0.67 168000
1694837971339 0.6 172000
1694838004846 0.66 176000
1694838036990 0.62 180000
1694838068150 0.67 184000
1694838099535 0.66 188000
1694838130934 0.65 192000
1694838162296 0.57 196000
1694838192964 0.57 200000
1694838228914 0.59 204000
1694838260200 0.65 208000
1694838291066 0.6 212000
1694838322988 0.6 216000
1694838354582 0.66 220000
1694838385987 0.6 224000
1694838417133 0.61 228000
1694838447945 0.56 232000
1694838479865 0.57 236000
1694838511804 0.64 240000
1694838547428 0.61 244000
1694838579904 0.6 248000
1694838611893 0.53 252000
1694838644041 0.48 256000
1694838675386 0.57 260000
1694838706697 0.58 264000
1694838738510 0.56 268000
1694838771337 0.54 272000
1694838804194 0.56 276000
1694838837620 0.66 280000
1694838875218 0.56 284000
1694838908245 0.51 288000
1694838941135 0.4954128440366973 292000
1694838973705 0.46 296000
1694839006769 0.49 300000
1694839038522 0.49 304000
1694839070283 0.45098039215686275 308000
1694839101676 0.4247787610619469 312000
1694839134685 0.4 316000
1694839166713 0.41 320000
1694839200708 0.34513274336283184 324000
1694839233229 0.42 328000
1694839264801 0.35514018691588783 332000
1694839297166 0.3669724770642202 336000
1694839328366 0.31451612903225806 340000
1694839359657 0.3 344000
1694839389749 0.2905982905982906 348000
1694839420738 0.2894736842105263 352000
1694839452010 0.3007518796992481 356000
1694839483003 0.29 360000
1694839516233 0.2463768115942029 364000
1694839547913 0.22413793103448276 368000
1694839579378 0.2689075630252101 372000
1694839611625 0.2318840579710145 376000
1694839642709 0.23529411764705882 380000
1694839674347 0.26 384000
1694839706683 0.24806201550387597 388000
1694839739457 0.15447154471544716 392000
1694839771417 0.17266187050359713 396000
1694839804066 0.16417910447761194 400000
1694839840528 0.24060150375939848 404000
1694839873362 0.17763157894736842 408000
1694839906103 0.15333333333333332 412000
1694839938396 0.10236220472440945 416000
1694839971089 0.1761006289308176 420000
1694840003044 0.15079365079365079 424000
1694840035782 0.1643835616438356 428000
1694840067166 0.14516129032258066 432000
1694840099554 0.1111111111111111 436000
1694840132985 0.16875 440000
1694840170607 0.0891089108910891 444000
1694840204973 0.10483870967741936 448000
1694840237246 0.1310344827586207 452000
1694840270723 0.174496644295302 456000
1694840302720 0.09032258064516129 460000
1694840335509 0.0872093023255814 464000
1694840366242 0.13986013986013987 468000
1694840399471 0.11538461538461539 472000
1694840430607 0.05426356589147287 476000
1694840462771 0.10738255033557047 480000
1694840497980 0.07142857142857142 484000
1694840530094 0.09027777777777778 488000
1694840561921 0.08148148148148149 492000
1694840594010 0.08843537414965986 496000
1694840627426 0.11180124223602485 500000
1694840658593 0.07058823529411765 504000
1694840690136 0.07432432432432433 508000
1694840720680 0.09202453987730061 512000
1694840752287 0.06741573033707865 516000
1694840783565 0.11267605633802817 520000
1694840820659 0.06818181818181818 524000
1694840855958 0.06766917293233082 528000
1694840885077 0.08029197080291971 532000
1694840912102 0.09444444444444444 536000
1694840940132 0.03305785123966942 540000
1694840966275 0.088 544000
1694840993101 0.07608695652173914 548000
1694841019301 0.062111801242236024 552000
1694841045928 0.06179775280898876 556000
1694841073269 0.0425531914893617 560000
1694841101954 0.10106382978723404 564000
1694841128310 0.07462686567164178 568000
1694841154730 0.09803921568627451 572000
1694841181666 0.052980132450331126 576000
