1694836625382 0.0 4000
1694836654180 0.0 8000
1694836682319 0.0 12000
1694836712099 0.0 16000
1694836741777 0.0 20000
1694836771299 0.0 24000
1694836802191 0.0 28000
1694836832535 0.0 32000
1694836863391 0.0 36000
1694836893260 0.0 40000
1694836927282 0.0 44000
1694836958531 0.0 48000
1694836990876 0.0 52000
1694837023949 0.0 56000
1694837056212 0.0 60000
1694837087184 0.0 64000
1694837118756 0.0 68000
1694837150908 0.0 72000
1694837182625 0.0 76000
1694837215656 0.0 80000
1694837250499 0.0 84000
1694837282848 0.0 88000
1694837314644 0.0 92000
1694837347098 0.0 96000
1694837379206 0.0 100000
1694837410675 0.0 104000
1694837442793 0.0 108000
1694837474458 0.0 112000
1694837506268 0.0 116000
1694837538659 0.0 120000
1694837573437 0.0 124000
1694837605936 0.0 128000
1694837639911 0.0 132000
1694837672809 0.0 136000
1694837705174 0.0 140000
1694837737414 0.0 144000
1694837769317 0.0 148000
1694837802042 0.0 152000
1694837834097 0.0 156000
1694837867602 0.0 160000
1694837905539 0.0 164000
1694837938920 0.0 168000
1694837971341 0.0 172000
1694838004848 0.0 176000
1694838036992 0.0 180000
1694838068152 0.0 184000
1694838099536 0.0 188000
1694838130935 0.0 192000
1694838162297 0.0 196000
1694838192966 0.0 200000
1694838228917 0.0 204000
1694838260201 0.0 208000
1694838291069 0.0 212000
1694838322989 0.0 216000
1694838354583 0.0 220000
1694838385988 0.0 224000
1694838417134 0.0 228000
1694838447946 0.0 232000
1694838479867 0.0 236000
1694838511806 0.0 240000
1694838547430 0.0 244000
1694838579906 0.0 248000
1694838611894 0.0 252000
1694838644042 0.0 256000
1694838675388 0.0 260000
1694838706699 0.0 264000
1694838738512 0.0 268000
1694838771338 0.0 272000
1694838804195 0.0 276000
1694838837622 0.0 280000
1694838875219 0.0 284000
1694838908247 0.0 288000
1694838941136 0.0 292000
1694838973706 0.0 296000
1694839006771 0.0 300000
1694839038525 0.0 304000
1694839070285 0.0 308000
1694839101678 0.0 312000
1694839134687 0.0 316000
1694839166715 0.0 320000
1694839200710 0.0 324000
1694839233230 0.0 328000
1694839264802 0.0 332000
1694839297168 0.0 336000
1694839328368 0.0 340000
1694839359659 0.0 344000
1694839389751 0.0 348000
1694839420741 0.0 352000
1694839452011 0.0 356000
1694839483004 0.0 360000
1694839516235 0.0 364000
1694839547914 0.0 368000
1694839579380 0.0 372000
1694839611626 0.0 376000
1694839642711 0.0 380000
1694839674348 0.0 384000
1694839706684 0.0 388000
1694839739458 0.0 392000
1694839771419 0.0 396000
1694839804068 0.0 400000
1694839840530 0.0 404000
1694839873363 0.0 408000
1694839906104 0.0 412000
1694839938399 0.0 416000
1694839971092 0.0 420000
1694840003045 0.0 424000
1694840035784 0.0 428000
1694840067167 0.0 432000
1694840099555 0.0 436000
1694840132986 0.0 440000
1694840170609 0.0 444000
1694840204975 0.0 448000
1694840237248 0.0 452000
1694840270725 0.0 456000
1694840302722 0.0 460000
1694840335511 0.0 464000
1694840366243 0.0 468000
1694840399473 0.0 472000
1694840430624 0.0 476000
1694840462772 0.0 480000
1694840497981 0.0 484000
1694840530095 0.0 488000
1694840561923 0.0 492000
1694840594012 0.0 496000
1694840627427 0.0 500000
1694840658594 0.0 504000
1694840690137 0.0 508000
1694840720681 0.0 512000
1694840752289 0.0 516000
1694840783566 0.0 520000
1694840820661 0.0 524000
1694840855960 0.0 528000
1694840885078 0.0 532000
1694840912103 0.0 536000
1694840940133 0.0 540000
1694840966276 0.0 544000
1694840993103 0.0 548000
1694841019302 0.0 552000
1694841045930 0.0 556000
1694841073270 0.0 560000
1694841101955 0.0 564000
1694841128311 0.0 568000
1694841154731 0.0 572000
1694841181668 0.0 576000
